1.000000e-06 5.834332e-03 1.166766e-02 3.306245e-05
1.166766e-02 1.750099e-02 2.333433e-02 2.825207e-04
2.333433e-02 2.916766e-02 3.500099e-02 7.472043e-04
3.500099e-02 4.083432e-02 4.666765e-02 1.396418e-03
4.666765e-02 5.250099e-02 5.833432e-02 2.203187e-03
5.833432e-02 6.416765e-02 7.000098e-02 3.143562e-03
7.000098e-02 7.583431e-02 8.166764e-02 4.196170e-03
8.166764e-02 8.750097e-02 9.333431e-02 5.341890e-03
9.333431e-02 9.916764e-02 1.050010e-01 6.563591e-03
1.050010e-01 1.108343e-01 1.166676e-01 7.845921e-03
1.166676e-01 1.225010e-01 1.283343e-01 9.175123e-03
1.283343e-01 1.341676e-01 1.400010e-01 1.053888e-02
1.400010e-01 1.458343e-01 1.516676e-01 1.192617e-02
1.516676e-01 1.575010e-01 1.633343e-01 1.332716e-02
1.633343e-01 1.691676e-01 1.750009e-01 1.473308e-02
1.750009e-01 1.808343e-01 1.866676e-01 1.613612e-02
1.866676e-01 1.925009e-01 1.983343e-01 1.752940e-02
1.983343e-01 2.041676e-01 2.100009e-01 1.890678e-02
2.100009e-01 2.158343e-01 2.216676e-01 2.026291e-02
2.216676e-01 2.275009e-01 2.333343e-01 2.159308e-02
2.333343e-01 2.391676e-01 2.450009e-01 2.289319e-02
2.450009e-01 2.508343e-01 2.566676e-01 2.415970e-02
2.566676e-01 2.625009e-01 2.683343e-01 2.538957e-02
2.683343e-01 2.741676e-01 2.800009e-01 2.658021e-02
2.800009e-01 2.858343e-01 2.916676e-01 2.772948e-02
2.916676e-01 2.975009e-01 3.033342e-01 2.883556e-02
3.033342e-01 3.091676e-01 3.150009e-01 2.989703e-02
3.150009e-01 3.208342e-01 3.266676e-01 3.091275e-02
3.266676e-01 3.325009e-01 3.383342e-01 3.188187e-02
3.383342e-01 3.441676e-01 3.500009e-01 3.280379e-02
3.500009e-01 3.558342e-01 3.616676e-01 3.367813e-02
3.616676e-01 3.675009e-01 3.733342e-01 3.450475e-02
3.733342e-01 3.791676e-01 3.850009e-01 3.528365e-02
3.850009e-01 3.908342e-01 3.966676e-01 3.601502e-02
3.966676e-01 4.025009e-01 4.083342e-01 3.669920e-02
4.083342e-01 4.141675e-01 4.200009e-01 3.733666e-02
4.200009e-01 4.258342e-01 4.316675e-01 3.792797e-02
4.316675e-01 4.375009e-01 4.433342e-01 3.847383e-02
4.433342e-01 4.491675e-01 4.550009e-01 3.897501e-02
4.550009e-01 4.608342e-01 4.666675e-01 3.943236e-02
4.666675e-01 4.725009e-01 4.783342e-01 3.984680e-02
4.783342e-01 4.841675e-01 4.900009e-01 4.021932e-02
4.900009e-01 4.958342e-01 5.016675e-01 4.055095e-02
5.016675e-01 5.075009e-01 5.133342e-01 4.084276e-02
5.133342e-01 5.191675e-01 5.250008e-01 4.109585e-02
5.250008e-01 5.308342e-01 5.366675e-01 4.131136e-02
5.366675e-01 5.425008e-01 5.483342e-01 4.149044e-02
5.483342e-01 5.541675e-01 5.600008e-01 4.163426e-02
5.600008e-01 5.658342e-01 5.716675e-01 4.174401e-02
5.716675e-01 5.775008e-01 5.833342e-01 4.182087e-02
5.833342e-01 5.891675e-01 5.950008e-01 4.186603e-02
5.950008e-01 6.008342e-01 6.066675e-01 4.188068e-02
6.066675e-01 6.125008e-01 6.183342e-01 4.186601e-02
6.183342e-01 6.241675e-01 6.300008e-01 4.182319e-02
6.300008e-01 6.358342e-01 6.416675e-01 4.175337e-02
6.416675e-01 6.475008e-01 6.533341e-01 4.165773e-02
6.533341e-01 6.591675e-01 6.650008e-01 4.153738e-02
6.650008e-01 6.708341e-01 6.766675e-01 4.139346e-02
6.766675e-01 6.825008e-01 6.883341e-01 4.122706e-02
6.883341e-01 6.941675e-01 7.000008e-01 4.103926e-02
7.000008e-01 7.058341e-01 7.116675e-01 4.083113e-02
7.116675e-01 7.175008e-01 7.233341e-01 4.060370e-02
7.233341e-01 7.291675e-01 7.350008e-01 4.035798e-02
7.350008e-01 7.408341e-01 7.466675e-01 4.009497e-02
7.466675e-01 7.525008e-01 7.583341e-01 3.981564e-02
7.583341e-01 7.641674e-01 7.700008e-01 3.952091e-02
7.700008e-01 7.758341e-01 7.816674e-01 3.921171e-02
7.816674e-01 7.875008e-01 7.933341e-01 3.888894e-02
7.933341e-01 7.991674e-01 8.050008e-01 3.855344e-02
8.050008e-01 8.108341e-01 8.166674e-01 3.820607e-02
8.166674e-01 8.225008e-01 8.283341e-01 3.784762e-02
8.283341e-01 8.341674e-01 8.400008e-01 3.747890e-02
8.400008e-01 8.458341e-01 8.516674e-01 3.710066e-02
8.516674e-01 8.575008e-01 8.633341e-01 3.671363e-02
8.633341e-01 8.691674e-01 8.750007e-01 3.631853e-02
8.750007e-01 8.808341e-01 8.866674e-01 3.591603e-02
8.866674e-01 8.925007e-01 8.983341e-01 3.550681e-02
8.983341e-01 9.041674e-01 9.100007e-01 3.509149e-02
9.100007e-01 9.158341e-01 9.216674e-01 3.467068e-02
9.216674e-01 9.275007e-01 9.333341e-01 3.424498e-02
9.333341e-01 9.391674e-01 9.450007e-01 3.381494e-02
9.450007e-01 9.508341e-01 9.566674e-01 3.338112e-02
9.566674e-01 9.625007e-01 9.683341e-01 3.294402e-02
9.683341e-01 9.741674e-01 9.800007e-01 3.250415e-02
9.800007e-01 9.858341e-01 9.916674e-01 3.206199e-02
9.916674e-01 9.975007e-01 1.003334e+00 3.161798e-02
1.003334e+00 1.009167e+00 1.015001e+00 3.117257e-02
1.015001e+00 1.020834e+00 1.026667e+00 3.072617e-02
1.026667e+00 1.032501e+00 1.038334e+00 3.027917e-02
1.038334e+00 1.044167e+00 1.050001e+00 2.983195e-02
1.050001e+00 1.055834e+00 1.061667e+00 2.938488e-02
1.061667e+00 1.067501e+00 1.073334e+00 2.893830e-02
1.073334e+00 1.079167e+00 1.085001e+00 2.849252e-02
1.085001e+00 1.090834e+00 1.096667e+00 2.804785e-02
1.096667e+00 1.102501e+00 1.108334e+00 2.760460e-02
1.108334e+00 1.114167e+00 1.120001e+00 2.716303e-02
1.120001e+00 1.125834e+00 1.131667e+00 2.672340e-02
1.131667e+00 1.137501e+00 1.143334e+00 2.628597e-02
1.143334e+00 1.149167e+00 1.155001e+00 2.585096e-02
1.155001e+00 1.160834e+00 1.166667e+00 2.541859e-02
1.166667e+00 1.172501e+00 1.178334e+00 2.498907e-02
1.178334e+00 1.184167e+00 1.190001e+00 2.456259e-02
1.190001e+00 1.195834e+00 1.201667e+00 2.413933e-02
1.201667e+00 1.207501e+00 1.213334e+00 2.371945e-02
1.213334e+00 1.219167e+00 1.225001e+00 2.330313e-02
1.225001e+00 1.230834e+00 1.236667e+00 2.289049e-02
1.236667e+00 1.242501e+00 1.248334e+00 2.248169e-02
1.248334e+00 1.254167e+00 1.260001e+00 2.207683e-02
1.260001e+00 1.265834e+00 1.271667e+00 2.167605e-02
1.271667e+00 1.277501e+00 1.283334e+00 2.127944e-02
1.283334e+00 1.289167e+00 1.295001e+00 2.088711e-02
1.295001e+00 1.300834e+00 1.306667e+00 2.049914e-02
1.306667e+00 1.312501e+00 1.318334e+00 2.011561e-02
1.318334e+00 1.324167e+00 1.330001e+00 1.973660e-02
1.330001e+00 1.335834e+00 1.341667e+00 1.936217e-02
1.341667e+00 1.347501e+00 1.353334e+00 1.899238e-02
1.353334e+00 1.359167e+00 1.365001e+00 1.862728e-02
1.365001e+00 1.370834e+00 1.376667e+00 1.826692e-02
1.376667e+00 1.382501e+00 1.388334e+00 1.791134e-02
1.388334e+00 1.394167e+00 1.400001e+00 1.756056e-02
1.400001e+00 1.405834e+00 1.411667e+00 1.721462e-02
1.411667e+00 1.417501e+00 1.423334e+00 1.687353e-02
1.423334e+00 1.429167e+00 1.435001e+00 1.653732e-02
1.435001e+00 1.440834e+00 1.446667e+00 1.620599e-02
1.446667e+00 1.452501e+00 1.458334e+00 1.587955e-02
1.458334e+00 1.464167e+00 1.470001e+00 1.555800e-02
1.470001e+00 1.475834e+00 1.481667e+00 1.524135e-02
1.481667e+00 1.487501e+00 1.493334e+00 1.492958e-02
1.493334e+00 1.499167e+00 1.505001e+00 1.462268e-02
1.505001e+00 1.510834e+00 1.516667e+00 1.432066e-02
1.516667e+00 1.522501e+00 1.528334e+00 1.402347e-02
1.528334e+00 1.534167e+00 1.540001e+00 1.373112e-02
1.540001e+00 1.545834e+00 1.551667e+00 1.344357e-02
1.551667e+00 1.557501e+00 1.563334e+00 1.316080e-02
1.563334e+00 1.569167e+00 1.575001e+00 1.288278e-02
1.575001e+00 1.580834e+00 1.586667e+00 1.260949e-02
1.586667e+00 1.592501e+00 1.598334e+00 1.234088e-02
1.598334e+00 1.604167e+00 1.610001e+00 1.207693e-02
1.610001e+00 1.615834e+00 1.621667e+00 1.181759e-02
1.621667e+00 1.627501e+00 1.633334e+00 1.156284e-02
1.633334e+00 1.639167e+00 1.645001e+00 1.131262e-02
1.645001e+00 1.650834e+00 1.656667e+00 1.106690e-02
1.656667e+00 1.662501e+00 1.668334e+00 1.082563e-02
1.668334e+00 1.674167e+00 1.680001e+00 1.058877e-02
1.680001e+00 1.685834e+00 1.691667e+00 1.035628e-02
1.691667e+00 1.697501e+00 1.703334e+00 1.012809e-02
1.703334e+00 1.709167e+00 1.715001e+00 9.904180e-03
1.715001e+00 1.720834e+00 1.726667e+00 9.684484e-03
1.726667e+00 1.732501e+00 1.738334e+00 9.468955e-03
1.738334e+00 1.744167e+00 1.750000e+00 9.257545e-03
1.750000e+00 1.755834e+00 1.761667e+00 9.050199e-03
1.761667e+00 1.767500e+00 1.773334e+00 8.846868e-03
1.773334e+00 1.779167e+00 1.785000e+00 8.647498e-03
1.785000e+00 1.790834e+00 1.796667e+00 8.452036e-03
1.796667e+00 1.802500e+00 1.808334e+00 8.260429e-03
1.808334e+00 1.814167e+00 1.820000e+00 8.072624e-03
1.820000e+00 1.825834e+00 1.831667e+00 7.888565e-03
1.831667e+00 1.837500e+00 1.843334e+00 7.708200e-03
1.843334e+00 1.849167e+00 1.855000e+00 7.531474e-03
1.855000e+00 1.860834e+00 1.866667e+00 7.358333e-03
1.866667e+00 1.872500e+00 1.878334e+00 7.188723e-03
1.878334e+00 1.884167e+00 1.890000e+00 7.022588e-03
1.890000e+00 1.895834e+00 1.901667e+00 6.859876e-03
1.901667e+00 1.907500e+00 1.913334e+00 6.700531e-03
1.913334e+00 1.919167e+00 1.925000e+00 6.544500e-03
1.925000e+00 1.930834e+00 1.936667e+00 6.391730e-03
1.936667e+00 1.942500e+00 1.948334e+00 6.242166e-03
1.948334e+00 1.954167e+00 1.960000e+00 6.095755e-03
1.960000e+00 1.965834e+00 1.971667e+00 5.952445e-03
1.971667e+00 1.977500e+00 1.983334e+00 5.812182e-03
1.983334e+00 1.989167e+00 1.995000e+00 5.674915e-03
1.995000e+00 2.000834e+00 2.006667e+00 5.540591e-03
2.006667e+00 2.012500e+00 2.018334e+00 5.409159e-03
2.018334e+00 2.024167e+00 2.030000e+00 5.280567e-03
2.030000e+00 2.035834e+00 2.041667e+00 5.154766e-03
2.041667e+00 2.047500e+00 2.053334e+00 5.031705e-03
2.053334e+00 2.059167e+00 2.065000e+00 4.911333e-03
2.065000e+00 2.070834e+00 2.076667e+00 4.793603e-03
2.076667e+00 2.082500e+00 2.088334e+00 4.678464e-03
2.088334e+00 2.094167e+00 2.100000e+00 4.565869e-03
2.100000e+00 2.105834e+00 2.111667e+00 4.455771e-03
2.111667e+00 2.117500e+00 2.123334e+00 4.348121e-03
2.123334e+00 2.129167e+00 2.135000e+00 4.242874e-03
2.135000e+00 2.140834e+00 2.146667e+00 4.139983e-03
2.146667e+00 2.152500e+00 2.158334e+00 4.039404e-03
2.158334e+00 2.164167e+00 2.170000e+00 3.941090e-03
2.170000e+00 2.175834e+00 2.181667e+00 3.844998e-03
2.181667e+00 2.187500e+00 2.193334e+00 3.751084e-03
2.193334e+00 2.199167e+00 2.205000e+00 3.659305e-03
2.205000e+00 2.210834e+00 2.216667e+00 3.569619e-03
2.216667e+00 2.222500e+00 2.228334e+00 3.481983e-03
2.228334e+00 2.234167e+00 2.240000e+00 3.396357e-03
2.240000e+00 2.245834e+00 2.251667e+00 3.312699e-03
2.251667e+00 2.257500e+00 2.263334e+00 3.230970e-03
2.263334e+00 2.269167e+00 2.275000e+00 3.151130e-03
2.275000e+00 2.280834e+00 2.286667e+00 3.073141e-03
2.286667e+00 2.292500e+00 2.298334e+00 2.996963e-03
2.298334e+00 2.304167e+00 2.310000e+00 2.922560e-03
2.310000e+00 2.315834e+00 2.321667e+00 2.849894e-03
2.321667e+00 2.327500e+00 2.333334e+00 2.778929e-03
2.333334e+00 2.339167e+00 2.345000e+00 2.709630e-03
2.345000e+00 2.350834e+00 2.356667e+00 2.641960e-03
2.356667e+00 2.362500e+00 2.368334e+00 2.575885e-03
2.368334e+00 2.374167e+00 2.380000e+00 2.511372e-03
2.380000e+00 2.385834e+00 2.391667e+00 2.448386e-03
2.391667e+00 2.397500e+00 2.403334e+00 2.386895e-03
2.403334e+00 2.409167e+00 2.415000e+00 2.326867e-03
2.415000e+00 2.420834e+00 2.426667e+00 2.268270e-03
2.426667e+00 2.432500e+00 2.438334e+00 2.211072e-03
2.438334e+00 2.444167e+00 2.450000e+00 2.155244e-03
2.450000e+00 2.455834e+00 2.461667e+00 2.100754e-03
2.461667e+00 2.467500e+00 2.473334e+00 2.047574e-03
2.473334e+00 2.479167e+00 2.485000e+00 1.995675e-03
2.485000e+00 2.490834e+00 2.496667e+00 1.945028e-03
2.496667e+00 2.502500e+00 2.508334e+00 1.895606e-03
2.508334e+00 2.514167e+00 2.520000e+00 1.847380e-03
2.520000e+00 2.525834e+00 2.531667e+00 1.800325e-03
2.531667e+00 2.537500e+00 2.543334e+00 1.754414e-03
2.543334e+00 2.549167e+00 2.555000e+00 1.709621e-03
2.555000e+00 2.560834e+00 2.566667e+00 1.665921e-03
2.566667e+00 2.572500e+00 2.578334e+00 1.623289e-03
2.578334e+00 2.584167e+00 2.590000e+00 1.581700e-03
2.590000e+00 2.595834e+00 2.601667e+00 1.541132e-03
2.601667e+00 2.607500e+00 2.613334e+00 1.501561e-03
2.613334e+00 2.619167e+00 2.625000e+00 1.462963e-03
2.625000e+00 2.630834e+00 2.636667e+00 1.425317e-03
2.636667e+00 2.642500e+00 2.648334e+00 1.388601e-03
2.648334e+00 2.654167e+00 2.660000e+00 1.352792e-03
2.660000e+00 2.665834e+00 2.671667e+00 1.317870e-03
2.671667e+00 2.677500e+00 2.683334e+00 1.283815e-03
2.683334e+00 2.689167e+00 2.695000e+00 1.250606e-03
2.695000e+00 2.700834e+00 2.706667e+00 1.218223e-03
2.706667e+00 2.712500e+00 2.718334e+00 1.186647e-03
2.718334e+00 2.724167e+00 2.730000e+00 1.155859e-03
2.730000e+00 2.735834e+00 2.741667e+00 1.125841e-03
2.741667e+00 2.747500e+00 2.753334e+00 1.096574e-03
2.753334e+00 2.759167e+00 2.765000e+00 1.068040e-03
2.765000e+00 2.770834e+00 2.776667e+00 1.040223e-03
2.776667e+00 2.782500e+00 2.788334e+00 1.013105e-03
2.788334e+00 2.794167e+00 2.800000e+00 9.866697e-04
2.800000e+00 2.805834e+00 2.811667e+00 9.609005e-04
2.811667e+00 2.817500e+00 2.823334e+00 9.357816e-04
2.823334e+00 2.829167e+00 2.835000e+00 9.112975e-04
2.835000e+00 2.840834e+00 2.846667e+00 8.874328e-04
2.846667e+00 2.852500e+00 2.858334e+00 8.641728e-04
2.858334e+00 2.864167e+00 2.870000e+00 8.415029e-04
2.870000e+00 2.875834e+00 2.881667e+00 8.194087e-04
2.881667e+00 2.887500e+00 2.893334e+00 7.978764e-04
2.893334e+00 2.899167e+00 2.905000e+00 7.768923e-04
2.905000e+00 2.910834e+00 2.916667e+00 7.564432e-04
2.916667e+00 2.922500e+00 2.928333e+00 7.365159e-04
2.928333e+00 2.934167e+00 2.940000e+00 7.170979e-04
2.940000e+00 2.945833e+00 2.951667e+00 6.981766e-04
2.951667e+00 2.957500e+00 2.963333e+00 6.797399e-04
2.963333e+00 2.969167e+00 2.975000e+00 6.617759e-04
2.975000e+00 2.980833e+00 2.986667e+00 6.442730e-04
2.986667e+00 2.992500e+00 2.998333e+00 6.272199e-04
2.998333e+00 3.004167e+00 3.010000e+00 6.106055e-04
3.010000e+00 3.015833e+00 3.021667e+00 5.944190e-04
3.021667e+00 3.027500e+00 3.033333e+00 5.786498e-04
3.033333e+00 3.039167e+00 3.045000e+00 5.632876e-04
3.045000e+00 3.050833e+00 3.056667e+00 5.483222e-04
3.056667e+00 3.062500e+00 3.068333e+00 5.337439e-04
3.068333e+00 3.074167e+00 3.080000e+00 5.195429e-04
3.080000e+00 3.085833e+00 3.091667e+00 5.057100e-04
3.091667e+00 3.097500e+00 3.103333e+00 4.922359e-04
3.103333e+00 3.109167e+00 3.115000e+00 4.791116e-04
3.115000e+00 3.120833e+00 3.126667e+00 4.663285e-04
3.126667e+00 3.132500e+00 3.138333e+00 4.538779e-04
3.138333e+00 3.144167e+00 3.150000e+00 4.417516e-04
3.150000e+00 3.155833e+00 3.161667e+00 4.299413e-04
3.161667e+00 3.167500e+00 3.173333e+00 4.184392e-04
3.173333e+00 3.179167e+00 3.185000e+00 4.072374e-04
3.185000e+00 3.190833e+00 3.196667e+00 3.963283e-04
3.196667e+00 3.202500e+00 3.208333e+00 3.857047e-04
3.208333e+00 3.214167e+00 3.220000e+00 3.753593e-04
3.220000e+00 3.225833e+00 3.231667e+00 3.652849e-04
3.231667e+00 3.237500e+00 3.243333e+00 3.554748e-04
3.243333e+00 3.249167e+00 3.255000e+00 3.459223e-04
3.255000e+00 3.260833e+00 3.266667e+00 3.366208e-04
3.266667e+00 3.272500e+00 3.278333e+00 3.275638e-04
3.278333e+00 3.284167e+00 3.290000e+00 3.187452e-04
3.290000e+00 3.295833e+00 3.301667e+00 3.101590e-04
3.301667e+00 3.307500e+00 3.313333e+00 3.017990e-04
3.313333e+00 3.319167e+00 3.325000e+00 2.936597e-04
3.325000e+00 3.330833e+00 3.336667e+00 2.857352e-04
3.336667e+00 3.342500e+00 3.348333e+00 2.780202e-04
3.348333e+00 3.354167e+00 3.360000e+00 2.705092e-04
3.360000e+00 3.365833e+00 3.371667e+00 2.631970e-04
3.371667e+00 3.377500e+00 3.383333e+00 2.560785e-04
3.383333e+00 3.389167e+00 3.395000e+00 2.491486e-04
3.395000e+00 3.400833e+00 3.406667e+00 2.424027e-04
3.406667e+00 3.412500e+00 3.418333e+00 2.358357e-04
3.418333e+00 3.424167e+00 3.430000e+00 2.294433e-04
3.430000e+00 3.435833e+00 3.441667e+00 2.232208e-04
3.441667e+00 3.447500e+00 3.453333e+00 2.171639e-04
3.453333e+00 3.459167e+00 3.465000e+00 2.112682e-04
3.465000e+00 3.470833e+00 3.476667e+00 2.055296e-04
3.476667e+00 3.482500e+00 3.488333e+00 1.999440e-04
3.488333e+00 3.494167e+00 3.500000e+00 1.945074e-04
