1.000000e-06 5.834332e-03 1.166766e-02 3.313365e-05
1.166766e-02 1.750099e-02 2.333433e-02 2.836408e-04
2.333433e-02 2.916766e-02 3.500099e-02 7.508206e-04
3.500099e-02 4.083432e-02 4.666765e-02 1.403708e-03
4.666765e-02 5.250099e-02 5.833432e-02 2.214791e-03
5.833432e-02 6.416765e-02 7.000098e-02 3.159478e-03
7.000098e-02 7.583431e-02 8.166764e-02 4.215724e-03
8.166764e-02 8.750097e-02 9.333431e-02 5.363747e-03
9.333431e-02 9.916764e-02 1.050010e-01 6.585799e-03
1.050010e-01 1.108343e-01 1.166676e-01 7.865961e-03
1.166676e-01 1.225010e-01 1.283343e-01 9.189970e-03
1.283343e-01 1.341676e-01 1.400010e-01 1.054507e-02
1.400010e-01 1.458343e-01 1.516676e-01 1.191986e-02
1.516676e-01 1.575010e-01 1.633343e-01 1.330420e-02
1.633343e-01 1.691676e-01 1.750009e-01 1.468908e-02
1.750009e-01 1.808343e-01 1.866676e-01 1.606650e-02
1.866676e-01 1.925009e-01 1.983343e-01 1.742942e-02
1.983343e-01 2.041676e-01 2.100009e-01 1.877166e-02
2.100009e-01 2.158343e-01 2.216676e-01 2.008781e-02
2.216676e-01 2.275009e-01 2.333343e-01 2.137317e-02
2.333343e-01 2.391676e-01 2.450009e-01 2.262370e-02
2.450009e-01 2.508343e-01 2.566676e-01 2.383594e-02
2.566676e-01 2.625009e-01 2.683343e-01 2.500696e-02
2.683343e-01 2.741676e-01 2.800009e-01 2.613432e-02
2.800009e-01 2.858343e-01 2.916676e-01 2.721604e-02
2.916676e-01 2.975009e-01 3.033342e-01 2.825049e-02
3.033342e-01 3.091676e-01 3.150009e-01 2.923646e-02
3.150009e-01 3.208342e-01 3.266676e-01 3.017302e-02
3.266676e-01 3.325009e-01 3.383342e-01 3.105956e-02
3.383342e-01 3.441676e-01 3.500009e-01 3.189572e-02
3.500009e-01 3.558342e-01 3.616676e-01 3.268137e-02
3.616676e-01 3.675009e-01 3.733342e-01 3.341661e-02
3.733342e-01 3.791676e-01 3.850009e-01 3.410172e-02
3.850009e-01 3.908342e-01 3.966676e-01 3.473714e-02
3.966676e-01 4.025009e-01 4.083342e-01 3.532347e-02
4.083342e-01 4.141675e-01 4.200009e-01 3.586144e-02
4.200009e-01 4.258342e-01 4.316675e-01 3.635187e-02
4.316675e-01 4.375009e-01 4.433342e-01 3.679572e-02
4.433342e-01 4.491675e-01 4.550009e-01 3.719400e-02
4.550009e-01 4.608342e-01 4.666675e-01 3.754781e-02
4.666675e-01 4.725009e-01 4.783342e-01 3.785830e-02
4.783342e-01 4.841675e-01 4.900009e-01 3.812669e-02
4.900009e-01 4.958342e-01 5.016675e-01 3.835423e-02
5.016675e-01 5.075009e-01 5.133342e-01 3.854220e-02
5.133342e-01 5.191675e-01 5.250008e-01 3.869192e-02
5.250008e-01 5.308342e-01 5.366675e-01 3.880471e-02
5.366675e-01 5.425008e-01 5.483342e-01 3.888192e-02
5.483342e-01 5.541675e-01 5.600008e-01 3.892490e-02
5.600008e-01 5.658342e-01 5.716675e-01 3.893500e-02
5.716675e-01 5.775008e-01 5.833342e-01 3.891357e-02
5.833342e-01 5.891675e-01 5.950008e-01 3.886194e-02
5.950008e-01 6.008342e-01 6.066675e-01 3.878145e-02
6.066675e-01 6.125008e-01 6.183342e-01 3.867341e-02
6.183342e-01 6.241675e-01 6.300008e-01 3.853913e-02
6.300008e-01 6.358342e-01 6.416675e-01 3.837988e-02
6.416675e-01 6.475008e-01 6.533341e-01 3.819692e-02
6.533341e-01 6.591675e-01 6.650008e-01 3.799148e-02
6.650008e-01 6.708341e-01 6.766675e-01 3.776478e-02
6.766675e-01 6.825008e-01 6.883341e-01 3.751799e-02
6.883341e-01 6.941675e-01 7.000008e-01 3.725228e-02
7.000008e-01 7.058341e-01 7.116675e-01 3.696875e-02
7.116675e-01 7.175008e-01 7.233341e-01 3.666851e-02
7.233341e-01 7.291675e-01 7.350008e-01 3.635262e-02
7.350008e-01 7.408341e-01 7.466675e-01 3.602212e-02
7.466675e-01 7.525008e-01 7.583341e-01 3.567801e-02
7.583341e-01 7.641674e-01 7.700008e-01 3.532126e-02
7.700008e-01 7.758341e-01 7.816674e-01 3.495280e-02
7.816674e-01 7.875008e-01 7.933341e-01 3.457355e-02
7.933341e-01 7.991674e-01 8.050008e-01 3.418438e-02
8.050008e-01 8.108341e-01 8.166674e-01 3.378614e-02
8.166674e-01 8.225008e-01 8.283341e-01 3.337963e-02
8.283341e-01 8.341674e-01 8.400008e-01 3.296564e-02
8.400008e-01 8.458341e-01 8.516674e-01 3.254493e-02
8.516674e-01 8.575008e-01 8.633341e-01 3.211822e-02
8.633341e-01 8.691674e-01 8.750007e-01 3.168619e-02
8.750007e-01 8.808341e-01 8.866674e-01 3.124951e-02
8.866674e-01 8.925007e-01 8.983341e-01 3.080882e-02
8.983341e-01 9.041674e-01 9.100007e-01 3.036473e-02
9.100007e-01 9.158341e-01 9.216674e-01 2.991781e-02
9.216674e-01 9.275007e-01 9.333341e-01 2.946863e-02
9.333341e-01 9.391674e-01 9.450007e-01 2.901770e-02
9.450007e-01 9.508341e-01 9.566674e-01 2.856553e-02
9.566674e-01 9.625007e-01 9.683341e-01 2.811259e-02
9.683341e-01 9.741674e-01 9.800007e-01 2.765935e-02
9.800007e-01 9.858341e-01 9.916674e-01 2.720624e-02
9.916674e-01 9.975007e-01 1.003334e+00 2.675365e-02
1.003334e+00 1.009167e+00 1.015001e+00 2.630199e-02
1.015001e+00 1.020834e+00 1.026667e+00 2.585160e-02
1.026667e+00 1.032501e+00 1.038334e+00 2.540284e-02
1.038334e+00 1.044167e+00 1.050001e+00 2.495604e-02
1.050001e+00 1.055834e+00 1.061667e+00 2.451149e-02
1.061667e+00 1.067501e+00 1.073334e+00 2.406949e-02
1.073334e+00 1.079167e+00 1.085001e+00 2.363031e-02
1.085001e+00 1.090834e+00 1.096667e+00 2.319419e-02
1.096667e+00 1.102501e+00 1.108334e+00 2.276137e-02
1.108334e+00 1.114167e+00 1.120001e+00 2.233208e-02
1.120001e+00 1.125834e+00 1.131667e+00 2.190651e-02
1.131667e+00 1.137501e+00 1.143334e+00 2.148486e-02
1.143334e+00 1.149167e+00 1.155001e+00 2.106731e-02
1.155001e+00 1.160834e+00 1.166667e+00 2.065400e-02
1.166667e+00 1.172501e+00 1.178334e+00 2.024510e-02
1.178334e+00 1.184167e+00 1.190001e+00 1.984074e-02
1.190001e+00 1.195834e+00 1.201667e+00 1.944104e-02
1.201667e+00 1.207501e+00 1.213334e+00 1.904612e-02
1.213334e+00 1.219167e+00 1.225001e+00 1.865608e-02
1.225001e+00 1.230834e+00 1.236667e+00 1.827100e-02
1.236667e+00 1.242501e+00 1.248334e+00 1.789099e-02
1.248334e+00 1.254167e+00 1.260001e+00 1.751609e-02
1.260001e+00 1.265834e+00 1.271667e+00 1.714639e-02
1.271667e+00 1.277501e+00 1.283334e+00 1.678193e-02
1.283334e+00 1.289167e+00 1.295001e+00 1.642275e-02
1.295001e+00 1.300834e+00 1.306667e+00 1.606891e-02
1.306667e+00 1.312501e+00 1.318334e+00 1.572043e-02
1.318334e+00 1.324167e+00 1.330001e+00 1.537733e-02
1.330001e+00 1.335834e+00 1.341667e+00 1.503963e-02
1.341667e+00 1.347501e+00 1.353334e+00 1.470734e-02
1.353334e+00 1.359167e+00 1.365001e+00 1.438048e-02
1.365001e+00 1.370834e+00 1.376667e+00 1.405903e-02
1.376667e+00 1.382501e+00 1.388334e+00 1.374300e-02
1.388334e+00 1.394167e+00 1.400001e+00 1.343237e-02
1.400001e+00 1.405834e+00 1.411667e+00 1.312713e-02
1.411667e+00 1.417501e+00 1.423334e+00 1.282726e-02
1.423334e+00 1.429167e+00 1.435001e+00 1.253274e-02
1.435001e+00 1.440834e+00 1.446667e+00 1.224353e-02
1.446667e+00 1.452501e+00 1.458334e+00 1.195961e-02
1.458334e+00 1.464167e+00 1.470001e+00 1.168094e-02
1.470001e+00 1.475834e+00 1.481667e+00 1.140748e-02
1.481667e+00 1.487501e+00 1.493334e+00 1.113920e-02
1.493334e+00 1.499167e+00 1.505001e+00 1.087605e-02
1.505001e+00 1.510834e+00 1.516667e+00 1.061799e-02
1.516667e+00 1.522501e+00 1.528334e+00 1.036496e-02
1.528334e+00 1.534167e+00 1.540001e+00 1.011692e-02
1.540001e+00 1.545834e+00 1.551667e+00 9.873809e-03
1.551667e+00 1.557501e+00 1.563334e+00 9.635581e-03
1.563334e+00 1.569167e+00 1.575001e+00 9.402177e-03
1.575001e+00 1.580834e+00 1.586667e+00 9.173539e-03
1.586667e+00 1.592501e+00 1.598334e+00 8.949609e-03
1.598334e+00 1.604167e+00 1.610001e+00 8.730328e-03
1.610001e+00 1.615834e+00 1.621667e+00 8.515634e-03
1.621667e+00 1.627501e+00 1.633334e+00 8.305465e-03
1.633334e+00 1.639167e+00 1.645001e+00 8.099759e-03
1.645001e+00 1.650834e+00 1.656667e+00 7.898452e-03
1.656667e+00 1.662501e+00 1.668334e+00 7.701480e-03
1.668334e+00 1.674167e+00 1.680001e+00 7.508779e-03
1.680001e+00 1.685834e+00 1.691667e+00 7.320283e-03
1.691667e+00 1.697501e+00 1.703334e+00 7.135927e-03
1.703334e+00 1.709167e+00 1.715001e+00 6.955646e-03
1.715001e+00 1.720834e+00 1.726667e+00 6.779373e-03
1.726667e+00 1.732501e+00 1.738334e+00 6.607043e-03
1.738334e+00 1.744167e+00 1.750000e+00 6.438591e-03
1.750000e+00 1.755834e+00 1.761667e+00 6.273950e-03
1.761667e+00 1.767500e+00 1.773334e+00 6.113054e-03
1.773334e+00 1.779167e+00 1.785000e+00 5.955838e-03
1.785000e+00 1.790834e+00 1.796667e+00 5.802237e-03
1.796667e+00 1.802500e+00 1.808334e+00 5.652186e-03
1.808334e+00 1.814167e+00 1.820000e+00 5.505620e-03
1.820000e+00 1.825834e+00 1.831667e+00 5.362475e-03
1.831667e+00 1.837500e+00 1.843334e+00 5.222687e-03
1.843334e+00 1.849167e+00 1.855000e+00 5.086193e-03
1.855000e+00 1.860834e+00 1.866667e+00 4.952929e-03
1.866667e+00 1.872500e+00 1.878334e+00 4.822834e-03
1.878334e+00 1.884167e+00 1.890000e+00 4.695845e-03
1.890000e+00 1.895834e+00 1.901667e+00 4.571902e-03
1.901667e+00 1.907500e+00 1.913334e+00 4.450944e-03
1.913334e+00 1.919167e+00 1.925000e+00 4.332911e-03
1.925000e+00 1.930834e+00 1.936667e+00 4.217743e-03
1.936667e+00 1.942500e+00 1.948334e+00 4.105383e-03
1.948334e+00 1.954167e+00 1.960000e+00 3.995771e-03
1.960000e+00 1.965834e+00 1.971667e+00 3.888852e-03
1.971667e+00 1.977500e+00 1.983334e+00 3.784569e-03
1.983334e+00 1.989167e+00 1.995000e+00 3.682866e-03
1.995000e+00 2.000834e+00 2.006667e+00 3.583688e-03
2.006667e+00 2.012500e+00 2.018334e+00 3.486982e-03
2.018334e+00 2.024167e+00 2.030000e+00 3.392693e-03
2.030000e+00 2.035834e+00 2.041667e+00 3.300769e-03
2.041667e+00 2.047500e+00 2.053334e+00 3.211159e-03
2.053334e+00 2.059167e+00 2.065000e+00 3.123812e-03
2.065000e+00 2.070834e+00 2.076667e+00 3.038678e-03
2.076667e+00 2.082500e+00 2.088334e+00 2.955706e-03
2.088334e+00 2.094167e+00 2.100000e+00 2.874849e-03
2.100000e+00 2.105834e+00 2.111667e+00 2.796060e-03
2.111667e+00 2.117500e+00 2.123334e+00 2.719290e-03
2.123334e+00 2.129167e+00 2.135000e+00 2.644495e-03
2.135000e+00 2.140834e+00 2.146667e+00 2.571628e-03
2.146667e+00 2.152500e+00 2.158334e+00 2.500645e-03
2.158334e+00 2.164167e+00 2.170000e+00 2.431503e-03
2.170000e+00 2.175834e+00 2.181667e+00 2.364159e-03
2.181667e+00 2.187500e+00 2.193334e+00 2.298571e-03
2.193334e+00 2.199167e+00 2.205000e+00 2.234697e-03
2.205000e+00 2.210834e+00 2.216667e+00 2.172496e-03
2.216667e+00 2.222500e+00 2.228334e+00 2.111930e-03
2.228334e+00 2.234167e+00 2.240000e+00 2.052959e-03
2.240000e+00 2.245834e+00 2.251667e+00 1.995545e-03
2.251667e+00 2.257500e+00 2.263334e+00 1.939650e-03
2.263334e+00 2.269167e+00 2.275000e+00 1.885238e-03
2.275000e+00 2.280834e+00 2.286667e+00 1.832273e-03
2.286667e+00 2.292500e+00 2.298334e+00 1.780720e-03
2.298334e+00 2.304167e+00 2.310000e+00 1.730543e-03
2.310000e+00 2.315834e+00 2.321667e+00 1.681710e-03
2.321667e+00 2.327500e+00 2.333334e+00 1.634186e-03
2.333334e+00 2.339167e+00 2.345000e+00 1.587941e-03
2.345000e+00 2.350834e+00 2.356667e+00 1.542941e-03
2.356667e+00 2.362500e+00 2.368334e+00 1.499157e-03
2.368334e+00 2.374167e+00 2.380000e+00 1.456557e-03
2.380000e+00 2.385834e+00 2.391667e+00 1.415112e-03
2.391667e+00 2.397500e+00 2.403334e+00 1.374792e-03
2.403334e+00 2.409167e+00 2.415000e+00 1.335571e-03
2.415000e+00 2.420834e+00 2.426667e+00 1.297418e-03
2.426667e+00 2.432500e+00 2.438334e+00 1.260308e-03
2.438334e+00 2.444167e+00 2.450000e+00 1.224215e-03
2.450000e+00 2.455834e+00 2.461667e+00 1.189110e-03
2.461667e+00 2.467500e+00 2.473334e+00 1.154971e-03
2.473334e+00 2.479167e+00 2.485000e+00 1.121771e-03
2.485000e+00 2.490834e+00 2.496667e+00 1.089486e-03
2.496667e+00 2.502500e+00 2.508334e+00 1.058094e-03
2.508334e+00 2.514167e+00 2.520000e+00 1.027570e-03
2.520000e+00 2.525834e+00 2.531667e+00 9.978914e-04
2.531667e+00 2.537500e+00 2.543334e+00 9.690373e-04
2.543334e+00 2.549167e+00 2.555000e+00 9.409856e-04
2.555000e+00 2.560834e+00 2.566667e+00 9.137153e-04
2.566667e+00 2.572500e+00 2.578334e+00 8.872059e-04
2.578334e+00 2.584167e+00 2.590000e+00 8.614372e-04
2.590000e+00 2.595834e+00 2.601667e+00 8.363898e-04
2.601667e+00 2.607500e+00 2.613334e+00 8.120445e-04
2.613334e+00 2.619167e+00 2.625000e+00 7.883826e-04
2.625000e+00 2.630834e+00 2.636667e+00 7.653861e-04
2.636667e+00 2.642500e+00 2.648334e+00 7.430372e-04
2.648334e+00 2.654167e+00 2.660000e+00 7.213184e-04
2.660000e+00 2.665834e+00 2.671667e+00 7.002131e-04
2.671667e+00 2.677500e+00 2.683334e+00 6.797047e-04
2.683334e+00 2.689167e+00 2.695000e+00 6.597771e-04
2.695000e+00 2.700834e+00 2.706667e+00 6.404147e-04
2.706667e+00 2.712500e+00 2.718334e+00 6.216022e-04
2.718334e+00 2.724167e+00 2.730000e+00 6.033247e-04
2.730000e+00 2.735834e+00 2.741667e+00 5.855677e-04
2.741667e+00 2.747500e+00 2.753334e+00 5.683171e-04
2.753334e+00 2.759167e+00 2.765000e+00 5.515590e-04
2.765000e+00 2.770834e+00 2.776667e+00 5.352801e-04
2.776667e+00 2.782500e+00 2.788334e+00 5.194671e-04
2.788334e+00 2.794167e+00 2.800000e+00 5.041074e-04
2.800000e+00 2.805834e+00 2.811667e+00 4.891886e-04
2.811667e+00 2.817500e+00 2.823334e+00 4.746984e-04
2.823334e+00 2.829167e+00 2.835000e+00 4.606250e-04
2.835000e+00 2.840834e+00 2.846667e+00 4.469571e-04
2.846667e+00 2.852500e+00 2.858334e+00 4.336833e-04
2.858334e+00 2.864167e+00 2.870000e+00 4.207928e-04
2.870000e+00 2.875834e+00 2.881667e+00 4.082748e-04
2.881667e+00 2.887500e+00 2.893334e+00 3.961192e-04
2.893334e+00 2.899167e+00 2.905000e+00 3.843157e-04
2.905000e+00 2.910834e+00 2.916667e+00 3.728546e-04
2.916667e+00 2.922500e+00 2.928333e+00 3.617263e-04
2.928333e+00 2.934167e+00 2.940000e+00 3.509214e-04
2.940000e+00 2.945833e+00 2.951667e+00 3.404310e-04
2.951667e+00 2.957500e+00 2.963333e+00 3.302462e-04
2.963333e+00 2.969167e+00 2.975000e+00 3.203584e-04
2.975000e+00 2.980833e+00 2.986667e+00 3.107593e-04
2.986667e+00 2.992500e+00 2.998333e+00 3.014407e-04
2.998333e+00 3.004167e+00 3.010000e+00 2.923947e-04
3.010000e+00 3.015833e+00 3.021667e+00 2.836136e-04
3.021667e+00 3.027500e+00 3.033333e+00 2.750900e-04
3.033333e+00 3.039167e+00 3.045000e+00 2.668164e-04
3.045000e+00 3.050833e+00 3.056667e+00 2.587858e-04
3.056667e+00 3.062500e+00 3.068333e+00 2.509913e-04
3.068333e+00 3.074167e+00 3.080000e+00 2.434262e-04
3.080000e+00 3.085833e+00 3.091667e+00 2.360839e-04
3.091667e+00 3.097500e+00 3.103333e+00 2.289581e-04
3.103333e+00 3.109167e+00 3.115000e+00 2.220426e-04
3.115000e+00 3.120833e+00 3.126667e+00 2.153314e-04
3.126667e+00 3.132500e+00 3.138333e+00 2.088186e-04
3.138333e+00 3.144167e+00 3.150000e+00 2.024985e-04
3.150000e+00 3.155833e+00 3.161667e+00 1.963656e-04
3.161667e+00 3.167500e+00 3.173333e+00 1.904145e-04
3.173333e+00 3.179167e+00 3.185000e+00 1.846400e-04
3.185000e+00 3.190833e+00 3.196667e+00 1.790369e-04
3.196667e+00 3.202500e+00 3.208333e+00 1.736004e-04
3.208333e+00 3.214167e+00 3.220000e+00 1.683256e-04
3.220000e+00 3.225833e+00 3.231667e+00 1.632079e-04
3.231667e+00 3.237500e+00 3.243333e+00 1.582426e-04
3.243333e+00 3.249167e+00 3.255000e+00 1.534255e-04
3.255000e+00 3.260833e+00 3.266667e+00 1.487520e-04
3.266667e+00 3.272500e+00 3.278333e+00 1.442182e-04
3.278333e+00 3.284167e+00 3.290000e+00 1.398199e-04
3.290000e+00 3.295833e+00 3.301667e+00 1.355532e-04
3.301667e+00 3.307500e+00 3.313333e+00 1.314142e-04
3.313333e+00 3.319167e+00 3.325000e+00 1.273993e-04
3.325000e+00 3.330833e+00 3.336667e+00 1.235047e-04
3.336667e+00 3.342500e+00 3.348333e+00 1.197271e-04
3.348333e+00 3.354167e+00 3.360000e+00 1.160628e-04
3.360000e+00 3.365833e+00 3.371667e+00 1.125087e-04
3.371667e+00 3.377500e+00 3.383333e+00 1.090615e-04
3.383333e+00 3.389167e+00 3.395000e+00 1.057180e-04
3.395000e+00 3.400833e+00 3.406667e+00 1.024753e-04
3.406667e+00 3.412500e+00 3.418333e+00 9.933027e-05
3.418333e+00 3.424167e+00 3.430000e+00 9.628012e-05
3.430000e+00 3.435833e+00 3.441667e+00 9.332204e-05
3.441667e+00 3.447500e+00 3.453333e+00 9.045330e-05
3.453333e+00 3.459167e+00 3.465000e+00 8.767128e-05
3.465000e+00 3.470833e+00 3.476667e+00 8.497340e-05
3.476667e+00 3.482500e+00 3.488333e+00 8.235718e-05
3.488333e+00 3.494167e+00 3.500000e+00 7.982020e-05
