1.000000e-06 5.834332e-03 1.166766e-02 3.310925e-05
1.166766e-02 1.750099e-02 2.333433e-02 2.832410e-04
2.333433e-02 2.916766e-02 3.500099e-02 7.494867e-04
3.500099e-02 4.083432e-02 4.666765e-02 1.400927e-03
4.666765e-02 5.250099e-02 5.833432e-02 2.210196e-03
5.833432e-02 6.416765e-02 7.000098e-02 3.152889e-03
7.000098e-02 7.583431e-02 8.166764e-02 4.207166e-03
8.166764e-02 8.750097e-02 9.333431e-02 5.353454e-03
9.333431e-02 9.916764e-02 1.050010e-01 6.574201e-03
1.050010e-01 1.108343e-01 1.166676e-01 7.853673e-03
1.166676e-01 1.225010e-01 1.283343e-01 9.177776e-03
1.283343e-01 1.341676e-01 1.400010e-01 1.053390e-02
1.400010e-01 1.458343e-01 1.516676e-01 1.191078e-02
1.516676e-01 1.575010e-01 1.633343e-01 1.329838e-02
1.633343e-01 1.691676e-01 1.750009e-01 1.468776e-02
1.750009e-01 1.808343e-01 1.866676e-01 1.607103e-02
1.866676e-01 1.925009e-01 1.983343e-01 1.744118e-02
1.983343e-01 2.041676e-01 2.100009e-01 1.879207e-02
2.100009e-01 2.158343e-01 2.216676e-01 2.011831e-02
2.216676e-01 2.275009e-01 2.333343e-01 2.141522e-02
2.333343e-01 2.391676e-01 2.450009e-01 2.267874e-02
2.450009e-01 2.508343e-01 2.566676e-01 2.390539e-02
2.566676e-01 2.625009e-01 2.683343e-01 2.509223e-02
2.683343e-01 2.741676e-01 2.800009e-01 2.623678e-02
2.800009e-01 2.858343e-01 2.916676e-01 2.733699e-02
2.916676e-01 2.975009e-01 3.033342e-01 2.839122e-02
3.033342e-01 3.091676e-01 3.150009e-01 2.939816e-02
3.150009e-01 3.208342e-01 3.266676e-01 3.035685e-02
3.266676e-01 3.325009e-01 3.383342e-01 3.126659e-02
3.383342e-01 3.441676e-01 3.500009e-01 3.212695e-02
3.500009e-01 3.558342e-01 3.616676e-01 3.293775e-02
3.616676e-01 3.675009e-01 3.733342e-01 3.369899e-02
3.733342e-01 3.791676e-01 3.850009e-01 3.441088e-02
3.850009e-01 3.908342e-01 3.966676e-01 3.507378e-02
3.966676e-01 4.025009e-01 4.083342e-01 3.568821e-02
4.083342e-01 4.141675e-01 4.200009e-01 3.625482e-02
4.200009e-01 4.258342e-01 4.316675e-01 3.677437e-02
4.316675e-01 4.375009e-01 4.433342e-01 3.724772e-02
4.433342e-01 4.491675e-01 4.550009e-01 3.767581e-02
4.550009e-01 4.608342e-01 4.666675e-01 3.805966e-02
4.666675e-01 4.725009e-01 4.783342e-01 3.840037e-02
4.783342e-01 4.841675e-01 4.900009e-01 3.869907e-02
4.900009e-01 4.958342e-01 5.016675e-01 3.895694e-02
5.016675e-01 5.075009e-01 5.133342e-01 3.917521e-02
5.133342e-01 5.191675e-01 5.250008e-01 3.935511e-02
5.250008e-01 5.308342e-01 5.366675e-01 3.949793e-02
5.366675e-01 5.425008e-01 5.483342e-01 3.960493e-02
5.483342e-01 5.541675e-01 5.600008e-01 3.967743e-02
5.600008e-01 5.658342e-01 5.716675e-01 3.971671e-02
5.716675e-01 5.775008e-01 5.833342e-01 3.972407e-02
5.833342e-01 5.891675e-01 5.950008e-01 3.970081e-02
5.950008e-01 6.008342e-01 6.066675e-01 3.964821e-02
6.066675e-01 6.125008e-01 6.183342e-01 3.956755e-02
6.183342e-01 6.241675e-01 6.300008e-01 3.946009e-02
6.300008e-01 6.358342e-01 6.416675e-01 3.932707e-02
6.416675e-01 6.475008e-01 6.533341e-01 3.916971e-02
6.533341e-01 6.591675e-01 6.650008e-01 3.898922e-02
6.650008e-01 6.708341e-01 6.766675e-01 3.878679e-02
6.766675e-01 6.825008e-01 6.883341e-01 3.856355e-02
6.883341e-01 6.941675e-01 7.000008e-01 3.832066e-02
7.000008e-01 7.058341e-01 7.116675e-01 3.805920e-02
7.116675e-01 7.175008e-01 7.233341e-01 3.778027e-02
7.233341e-01 7.291675e-01 7.350008e-01 3.748490e-02
7.350008e-01 7.408341e-01 7.466675e-01 3.717411e-02
7.466675e-01 7.525008e-01 7.583341e-01 3.684891e-02
7.583341e-01 7.641674e-01 7.700008e-01 3.651024e-02
7.700008e-01 7.758341e-01 7.816674e-01 3.615905e-02
7.816674e-01 7.875008e-01 7.933341e-01 3.579622e-02
7.933341e-01 7.991674e-01 8.050008e-01 3.542264e-02
8.050008e-01 8.108341e-01 8.166674e-01 3.503915e-02
8.166674e-01 8.225008e-01 8.283341e-01 3.464656e-02
8.283341e-01 8.341674e-01 8.400008e-01 3.424565e-02
8.400008e-01 8.458341e-01 8.516674e-01 3.383717e-02
8.516674e-01 8.575008e-01 8.633341e-01 3.342187e-02
8.633341e-01 8.691674e-01 8.750007e-01 3.300042e-02
8.750007e-01 8.808341e-01 8.866674e-01 3.257351e-02
8.866674e-01 8.925007e-01 8.983341e-01 3.214177e-02
8.983341e-01 9.041674e-01 9.100007e-01 3.170583e-02
9.100007e-01 9.158341e-01 9.216674e-01 3.126627e-02
9.216674e-01 9.275007e-01 9.333341e-01 3.082365e-02
9.333341e-01 9.391674e-01 9.450007e-01 3.037852e-02
9.450007e-01 9.508341e-01 9.566674e-01 2.993139e-02
9.566674e-01 9.625007e-01 9.683341e-01 2.948276e-02
9.683341e-01 9.741674e-01 9.800007e-01 2.903308e-02
9.800007e-01 9.858341e-01 9.916674e-01 2.858280e-02
9.916674e-01 9.975007e-01 1.003334e+00 2.813236e-02
1.003334e+00 1.009167e+00 1.015001e+00 2.768214e-02
1.015001e+00 1.020834e+00 1.026667e+00 2.723253e-02
1.026667e+00 1.032501e+00 1.038334e+00 2.678389e-02
1.038334e+00 1.044167e+00 1.050001e+00 2.633656e-02
1.050001e+00 1.055834e+00 1.061667e+00 2.589087e-02
1.061667e+00 1.067501e+00 1.073334e+00 2.544711e-02
1.073334e+00 1.079167e+00 1.085001e+00 2.500558e-02
1.085001e+00 1.090834e+00 1.096667e+00 2.456654e-02
1.096667e+00 1.102501e+00 1.108334e+00 2.413025e-02
1.108334e+00 1.114167e+00 1.120001e+00 2.369694e-02
1.120001e+00 1.125834e+00 1.131667e+00 2.326683e-02
1.131667e+00 1.137501e+00 1.143334e+00 2.284014e-02
1.143334e+00 1.149167e+00 1.155001e+00 2.241705e-02
1.155001e+00 1.160834e+00 1.166667e+00 2.199775e-02
1.166667e+00 1.172501e+00 1.178334e+00 2.158240e-02
1.178334e+00 1.184167e+00 1.190001e+00 2.117115e-02
1.190001e+00 1.195834e+00 1.201667e+00 2.076415e-02
1.201667e+00 1.207501e+00 1.213334e+00 2.036152e-02
1.213334e+00 1.219167e+00 1.225001e+00 1.996339e-02
1.225001e+00 1.230834e+00 1.236667e+00 1.956986e-02
1.236667e+00 1.242501e+00 1.248334e+00 1.918103e-02
1.248334e+00 1.254167e+00 1.260001e+00 1.879700e-02
1.260001e+00 1.265834e+00 1.271667e+00 1.841783e-02
1.271667e+00 1.277501e+00 1.283334e+00 1.804360e-02
1.283334e+00 1.289167e+00 1.295001e+00 1.767438e-02
1.295001e+00 1.300834e+00 1.306667e+00 1.731021e-02
1.306667e+00 1.312501e+00 1.318334e+00 1.695114e-02
1.318334e+00 1.324167e+00 1.330001e+00 1.659721e-02
1.330001e+00 1.335834e+00 1.341667e+00 1.624846e-02
1.341667e+00 1.347501e+00 1.353334e+00 1.590491e-02
1.353334e+00 1.359167e+00 1.365001e+00 1.556657e-02
1.365001e+00 1.370834e+00 1.376667e+00 1.523347e-02
1.376667e+00 1.382501e+00 1.388334e+00 1.490561e-02
1.388334e+00 1.394167e+00 1.400001e+00 1.458299e-02
1.400001e+00 1.405834e+00 1.411667e+00 1.426561e-02
1.411667e+00 1.417501e+00 1.423334e+00 1.395346e-02
1.423334e+00 1.429167e+00 1.435001e+00 1.364653e-02
1.435001e+00 1.440834e+00 1.446667e+00 1.334481e-02
1.446667e+00 1.452501e+00 1.458334e+00 1.304827e-02
1.458334e+00 1.464167e+00 1.470001e+00 1.275690e-02
1.470001e+00 1.475834e+00 1.481667e+00 1.247066e-02
1.481667e+00 1.487501e+00 1.493334e+00 1.218952e-02
1.493334e+00 1.499167e+00 1.505001e+00 1.191346e-02
1.505001e+00 1.510834e+00 1.516667e+00 1.164243e-02
1.516667e+00 1.522501e+00 1.528334e+00 1.137639e-02
1.528334e+00 1.534167e+00 1.540001e+00 1.111531e-02
1.540001e+00 1.545834e+00 1.551667e+00 1.085914e-02
1.551667e+00 1.557501e+00 1.563334e+00 1.060784e-02
1.563334e+00 1.569167e+00 1.575001e+00 1.036136e-02
1.575001e+00 1.580834e+00 1.586667e+00 1.011964e-02
1.586667e+00 1.592501e+00 1.598334e+00 9.882638e-03
1.598334e+00 1.604167e+00 1.610001e+00 9.650302e-03
1.610001e+00 1.615834e+00 1.621667e+00 9.422577e-03
1.621667e+00 1.627501e+00 1.633334e+00 9.199407e-03
1.633334e+00 1.639167e+00 1.645001e+00 8.980737e-03
1.645001e+00 1.650834e+00 1.656667e+00 8.766507e-03
1.656667e+00 1.662501e+00 1.668334e+00 8.556662e-03
1.668334e+00 1.674167e+00 1.680001e+00 8.351141e-03
1.680001e+00 1.685834e+00 1.691667e+00 8.149885e-03
1.691667e+00 1.697501e+00 1.703334e+00 7.952833e-03
1.703334e+00 1.709167e+00 1.715001e+00 7.759926e-03
1.715001e+00 1.720834e+00 1.726667e+00 7.571101e-03
1.726667e+00 1.732501e+00 1.738334e+00 7.386298e-03
1.738334e+00 1.744167e+00 1.750000e+00 7.205455e-03
1.750000e+00 1.755834e+00 1.761667e+00 7.028509e-03
1.761667e+00 1.767500e+00 1.773334e+00 6.855400e-03
1.773334e+00 1.779167e+00 1.785000e+00 6.686065e-03
1.785000e+00 1.790834e+00 1.796667e+00 6.520441e-03
1.796667e+00 1.802500e+00 1.808334e+00 6.358468e-03
1.808334e+00 1.814167e+00 1.820000e+00 6.200084e-03
1.820000e+00 1.825834e+00 1.831667e+00 6.045227e-03
1.831667e+00 1.837500e+00 1.843334e+00 5.893835e-03
1.843334e+00 1.849167e+00 1.855000e+00 5.745848e-03
1.855000e+00 1.860834e+00 1.866667e+00 5.601206e-03
1.866667e+00 1.872500e+00 1.878334e+00 5.459847e-03
1.878334e+00 1.884167e+00 1.890000e+00 5.321712e-03
1.890000e+00 1.895834e+00 1.901667e+00 5.186742e-03
1.901667e+00 1.907500e+00 1.913334e+00 5.054878e-03
1.913334e+00 1.919167e+00 1.925000e+00 4.926060e-03
1.925000e+00 1.930834e+00 1.936667e+00 4.800232e-03
1.936667e+00 1.942500e+00 1.948334e+00 4.677336e-03
1.948334e+00 1.954167e+00 1.960000e+00 4.557315e-03
1.960000e+00 1.965834e+00 1.971667e+00 4.440112e-03
1.971667e+00 1.977500e+00 1.983334e+00 4.325673e-03
1.983334e+00 1.989167e+00 1.995000e+00 4.213942e-03
1.995000e+00 2.000834e+00 2.006667e+00 4.104865e-03
2.006667e+00 2.012500e+00 2.018334e+00 3.998389e-03
2.018334e+00 2.024167e+00 2.030000e+00 3.894460e-03
2.030000e+00 2.035834e+00 2.041667e+00 3.793026e-03
2.041667e+00 2.047500e+00 2.053334e+00 3.694035e-03
2.053334e+00 2.059167e+00 2.065000e+00 3.597438e-03
2.065000e+00 2.070834e+00 2.076667e+00 3.503182e-03
2.076667e+00 2.082500e+00 2.088334e+00 3.411220e-03
2.088334e+00 2.094167e+00 2.100000e+00 3.321503e-03
2.100000e+00 2.105834e+00 2.111667e+00 3.233982e-03
2.111667e+00 2.117500e+00 2.123334e+00 3.148610e-03
2.123334e+00 2.129167e+00 2.135000e+00 3.065342e-03
2.135000e+00 2.140834e+00 2.146667e+00 2.984130e-03
2.146667e+00 2.152500e+00 2.158334e+00 2.904930e-03
2.158334e+00 2.164167e+00 2.170000e+00 2.827698e-03
2.170000e+00 2.175834e+00 2.181667e+00 2.752391e-03
2.181667e+00 2.187500e+00 2.193334e+00 2.678965e-03
2.193334e+00 2.199167e+00 2.205000e+00 2.607378e-03
2.205000e+00 2.210834e+00 2.216667e+00 2.537590e-03
2.216667e+00 2.222500e+00 2.228334e+00 2.469559e-03
2.228334e+00 2.234167e+00 2.240000e+00 2.403245e-03
2.240000e+00 2.245834e+00 2.251667e+00 2.338611e-03
2.251667e+00 2.257500e+00 2.263334e+00 2.275616e-03
2.263334e+00 2.269167e+00 2.275000e+00 2.214224e-03
2.275000e+00 2.280834e+00 2.286667e+00 2.154397e-03
2.286667e+00 2.292500e+00 2.298334e+00 2.096099e-03
2.298334e+00 2.304167e+00 2.310000e+00 2.039295e-03
2.310000e+00 2.315834e+00 2.321667e+00 1.983949e-03
2.321667e+00 2.327500e+00 2.333334e+00 1.930028e-03
2.333334e+00 2.339167e+00 2.345000e+00 1.877497e-03
2.345000e+00 2.350834e+00 2.356667e+00 1.826324e-03
2.356667e+00 2.362500e+00 2.368334e+00 1.776477e-03
2.368334e+00 2.374167e+00 2.380000e+00 1.727924e-03
2.380000e+00 2.385834e+00 2.391667e+00 1.680633e-03
2.391667e+00 2.397500e+00 2.403334e+00 1.634576e-03
2.403334e+00 2.409167e+00 2.415000e+00 1.589721e-03
2.415000e+00 2.420834e+00 2.426667e+00 1.546040e-03
2.426667e+00 2.432500e+00 2.438334e+00 1.503504e-03
2.438334e+00 2.444167e+00 2.450000e+00 1.462086e-03
2.450000e+00 2.455834e+00 2.461667e+00 1.421759e-03
2.461667e+00 2.467500e+00 2.473334e+00 1.382494e-03
2.473334e+00 2.479167e+00 2.485000e+00 1.344268e-03
2.485000e+00 2.490834e+00 2.496667e+00 1.307053e-03
2.496667e+00 2.502500e+00 2.508334e+00 1.270825e-03
2.508334e+00 2.514167e+00 2.520000e+00 1.235559e-03
2.520000e+00 2.525834e+00 2.531667e+00 1.201231e-03
2.531667e+00 2.537500e+00 2.543334e+00 1.167819e-03
2.543334e+00 2.549167e+00 2.555000e+00 1.135299e-03
2.555000e+00 2.560834e+00 2.566667e+00 1.103649e-03
2.566667e+00 2.572500e+00 2.578334e+00 1.072846e-03
2.578334e+00 2.584167e+00 2.590000e+00 1.042870e-03
2.590000e+00 2.595834e+00 2.601667e+00 1.013700e-03
2.601667e+00 2.607500e+00 2.613334e+00 9.853151e-04
2.613334e+00 2.619167e+00 2.625000e+00 9.576954e-04
2.625000e+00 2.630834e+00 2.636667e+00 9.308216e-04
2.636667e+00 2.642500e+00 2.648334e+00 9.046746e-04
2.648334e+00 2.654167e+00 2.660000e+00 8.792358e-04
2.660000e+00 2.665834e+00 2.671667e+00 8.544870e-04
2.671667e+00 2.677500e+00 2.683334e+00 8.304106e-04
2.683334e+00 2.689167e+00 2.695000e+00 8.069891e-04
2.695000e+00 2.700834e+00 2.706667e+00 7.842057e-04
2.706667e+00 2.712500e+00 2.718334e+00 7.620439e-04
2.718334e+00 2.724167e+00 2.730000e+00 7.404876e-04
2.730000e+00 2.735834e+00 2.741667e+00 7.195210e-04
2.741667e+00 2.747500e+00 2.753334e+00 6.991287e-04
2.753334e+00 2.759167e+00 2.765000e+00 6.792959e-04
2.765000e+00 2.770834e+00 2.776667e+00 6.600078e-04
2.776667e+00 2.782500e+00 2.788334e+00 6.412501e-04
2.788334e+00 2.794167e+00 2.800000e+00 6.230091e-04
2.800000e+00 2.805834e+00 2.811667e+00 6.052710e-04
2.811667e+00 2.817500e+00 2.823334e+00 5.880227e-04
2.823334e+00 2.829167e+00 2.835000e+00 5.712511e-04
2.835000e+00 2.840834e+00 2.846667e+00 5.549438e-04
2.846667e+00 2.852500e+00 2.858334e+00 5.390883e-04
2.858334e+00 2.864167e+00 2.870000e+00 5.236727e-04
2.870000e+00 2.875834e+00 2.881667e+00 5.086853e-04
2.881667e+00 2.887500e+00 2.893334e+00 4.941147e-04
2.893334e+00 2.899167e+00 2.905000e+00 4.799497e-04
2.905000e+00 2.910834e+00 2.916667e+00 4.661796e-04
2.916667e+00 2.922500e+00 2.928333e+00 4.527938e-04
2.928333e+00 2.934167e+00 2.940000e+00 4.397818e-04
2.940000e+00 2.945833e+00 2.951667e+00 4.271338e-04
2.951667e+00 2.957500e+00 2.963333e+00 4.148399e-04
2.963333e+00 2.969167e+00 2.975000e+00 4.028905e-04
2.975000e+00 2.980833e+00 2.986667e+00 3.912765e-04
2.986667e+00 2.992500e+00 2.998333e+00 3.799886e-04
2.998333e+00 3.004167e+00 3.010000e+00 3.690181e-04
3.010000e+00 3.015833e+00 3.021667e+00 3.583563e-04
3.021667e+00 3.027500e+00 3.033333e+00 3.479950e-04
3.033333e+00 3.039167e+00 3.045000e+00 3.379258e-04
3.045000e+00 3.050833e+00 3.056667e+00 3.281409e-04
3.056667e+00 3.062500e+00 3.068333e+00 3.186325e-04
3.068333e+00 3.074167e+00 3.080000e+00 3.093931e-04
3.080000e+00 3.085833e+00 3.091667e+00 3.004153e-04
3.091667e+00 3.097500e+00 3.103333e+00 2.916918e-04
3.103333e+00 3.109167e+00 3.115000e+00 2.832159e-04
3.115000e+00 3.120833e+00 3.126667e+00 2.749806e-04
3.126667e+00 3.132500e+00 3.138333e+00 2.669793e-04
3.138333e+00 3.144167e+00 3.150000e+00 2.592057e-04
3.150000e+00 3.155833e+00 3.161667e+00 2.516533e-04
3.161667e+00 3.167500e+00 3.173333e+00 2.443162e-04
3.173333e+00 3.179167e+00 3.185000e+00 2.371884e-04
3.185000e+00 3.190833e+00 3.196667e+00 2.302640e-04
3.196667e+00 3.202500e+00 3.208333e+00 2.235375e-04
3.208333e+00 3.214167e+00 3.220000e+00 2.170033e-04
3.220000e+00 3.225833e+00 3.231667e+00 2.106561e-04
3.231667e+00 3.237500e+00 3.243333e+00 2.044907e-04
3.243333e+00 3.249167e+00 3.255000e+00 1.985021e-04
3.255000e+00 3.260833e+00 3.266667e+00 1.926853e-04
3.266667e+00 3.272500e+00 3.278333e+00 1.870355e-04
3.278333e+00 3.284167e+00 3.290000e+00 1.815481e-04
3.290000e+00 3.295833e+00 3.301667e+00 1.762185e-04
3.301667e+00 3.307500e+00 3.313333e+00 1.710424e-04
3.313333e+00 3.319167e+00 3.325000e+00 1.660153e-04
3.325000e+00 3.330833e+00 3.336667e+00 1.611331e-04
3.336667e+00 3.342500e+00 3.348333e+00 1.563918e-04
3.348333e+00 3.354167e+00 3.360000e+00 1.517874e-04
3.360000e+00 3.365833e+00 3.371667e+00 1.473161e-04
3.371667e+00 3.377500e+00 3.383333e+00 1.429740e-04
3.383333e+00 3.389167e+00 3.395000e+00 1.387575e-04
3.395000e+00 3.400833e+00 3.406667e+00 1.346632e-04
3.406667e+00 3.412500e+00 3.418333e+00 1.306875e-04
3.418333e+00 3.424167e+00 3.430000e+00 1.268271e-04
3.430000e+00 3.435833e+00 3.441667e+00 1.230787e-04
3.441667e+00 3.447500e+00 3.453333e+00 1.194392e-04
3.453333e+00 3.459167e+00 3.465000e+00 1.159055e-04
3.465000e+00 3.470833e+00 3.476667e+00 1.124745e-04
3.476667e+00 3.482500e+00 3.488333e+00 1.091433e-04
3.488333e+00 3.494167e+00 3.500000e+00 1.059092e-04
