1.000000e-06 5.834332e-03 1.166766e-02 3.314634e-05
1.166766e-02 1.750099e-02 2.333433e-02 2.838535e-04
2.333433e-02 2.916766e-02 3.500099e-02 7.515428e-04
3.500099e-02 4.083432e-02 4.666765e-02 1.405238e-03
4.666765e-02 5.250099e-02 5.833432e-02 2.217365e-03
5.833432e-02 6.416765e-02 7.000098e-02 3.163240e-03
7.000098e-02 7.583431e-02 8.166764e-02 4.220717e-03
8.166764e-02 8.750097e-02 9.333431e-02 5.369916e-03
9.333431e-02 9.916764e-02 1.050010e-01 6.592985e-03
1.050010e-01 1.108343e-01 1.166676e-01 7.873912e-03
1.166676e-01 1.225010e-01 1.283343e-01 9.198348e-03
1.283343e-01 1.341676e-01 1.400010e-01 1.055346e-02
1.400010e-01 1.458343e-01 1.516676e-01 1.192778e-02
1.516676e-01 1.575010e-01 1.633343e-01 1.331111e-02
1.633343e-01 1.691676e-01 1.750009e-01 1.469438e-02
1.750009e-01 1.808343e-01 1.866676e-01 1.606956e-02
1.866676e-01 1.925009e-01 1.983343e-01 1.742959e-02
1.983343e-01 2.041676e-01 2.100009e-01 1.876826e-02
2.100009e-01 2.158343e-01 2.216676e-01 2.008013e-02
2.216676e-01 2.275009e-01 2.333343e-01 2.136052e-02
2.333343e-01 2.391676e-01 2.450009e-01 2.260536e-02
2.450009e-01 2.508343e-01 2.566676e-01 2.381122e-02
2.566676e-01 2.625009e-01 2.683343e-01 2.497517e-02
2.683343e-01 2.741676e-01 2.800009e-01 2.609479e-02
2.800009e-01 2.858343e-01 2.916676e-01 2.716811e-02
2.916676e-01 2.975009e-01 3.033342e-01 2.819354e-02
3.033342e-01 3.091676e-01 3.150009e-01 2.916988e-02
3.150009e-01 3.208342e-01 3.266676e-01 3.009624e-02
3.266676e-01 3.325009e-01 3.383342e-01 3.097204e-02
3.383342e-01 3.441676e-01 3.500009e-01 3.179695e-02
3.500009e-01 3.558342e-01 3.616676e-01 3.257088e-02
3.616676e-01 3.675009e-01 3.733342e-01 3.329397e-02
3.733342e-01 3.791676e-01 3.850009e-01 3.396654e-02
3.850009e-01 3.908342e-01 3.966676e-01 3.458905e-02
3.966676e-01 4.025009e-01 4.083342e-01 3.516216e-02
4.083342e-01 4.141675e-01 4.200009e-01 3.568661e-02
4.200009e-01 4.258342e-01 4.316675e-01 3.616330e-02
4.316675e-01 4.375009e-01 4.433342e-01 3.659319e-02
4.433342e-01 4.491675e-01 4.550009e-01 3.697735e-02
4.550009e-01 4.608342e-01 4.666675e-01 3.731690e-02
4.666675e-01 4.725009e-01 4.783342e-01 3.761305e-02
4.783342e-01 4.841675e-01 4.900009e-01 3.786703e-02
4.900009e-01 4.958342e-01 5.016675e-01 3.808014e-02
5.016675e-01 5.075009e-01 5.133342e-01 3.825369e-02
5.133342e-01 5.191675e-01 5.250008e-01 3.838902e-02
5.250008e-01 5.308342e-01 5.366675e-01 3.848750e-02
5.366675e-01 5.425008e-01 5.483342e-01 3.855049e-02
5.483342e-01 5.541675e-01 5.600008e-01 3.857938e-02
5.600008e-01 5.658342e-01 5.716675e-01 3.857554e-02
5.716675e-01 5.775008e-01 5.833342e-01 3.854035e-02
5.833342e-01 5.891675e-01 5.950008e-01 3.847516e-02
5.950008e-01 6.008342e-01 6.066675e-01 3.838134e-02
6.066675e-01 6.125008e-01 6.183342e-01 3.826022e-02
6.183342e-01 6.241675e-01 6.300008e-01 3.811311e-02
6.300008e-01 6.358342e-01 6.416675e-01 3.794132e-02
6.416675e-01 6.475008e-01 6.533341e-01 3.774611e-02
6.533341e-01 6.591675e-01 6.650008e-01 3.752875e-02
6.650008e-01 6.708341e-01 6.766675e-01 3.729044e-02
6.766675e-01 6.825008e-01 6.883341e-01 3.703239e-02
6.883341e-01 6.941675e-01 7.000008e-01 3.675576e-02
7.000008e-01 7.058341e-01 7.116675e-01 3.646169e-02
7.116675e-01 7.175008e-01 7.233341e-01 3.615128e-02
7.233341e-01 7.291675e-01 7.350008e-01 3.582559e-02
7.350008e-01 7.408341e-01 7.466675e-01 3.548568e-02
7.466675e-01 7.525008e-01 7.583341e-01 3.513255e-02
7.583341e-01 7.641674e-01 7.700008e-01 3.476717e-02
7.700008e-01 7.758341e-01 7.816674e-01 3.439049e-02
7.816674e-01 7.875008e-01 7.933341e-01 3.400342e-02
7.933341e-01 7.991674e-01 8.050008e-01 3.360683e-02
8.050008e-01 8.108341e-01 8.166674e-01 3.320158e-02
8.166674e-01 8.225008e-01 8.283341e-01 3.278847e-02
8.283341e-01 8.341674e-01 8.400008e-01 3.236828e-02
8.400008e-01 8.458341e-01 8.516674e-01 3.194177e-02
8.516674e-01 8.575008e-01 8.633341e-01 3.150966e-02
8.633341e-01 8.691674e-01 8.750007e-01 3.107264e-02
8.750007e-01 8.808341e-01 8.866674e-01 3.063137e-02
8.866674e-01 8.925007e-01 8.983341e-01 3.018647e-02
8.983341e-01 9.041674e-01 9.100007e-01 2.973856e-02
9.100007e-01 9.158341e-01 9.216674e-01 2.928821e-02
9.216674e-01 9.275007e-01 9.333341e-01 2.883597e-02
9.333341e-01 9.391674e-01 9.450007e-01 2.838236e-02
9.450007e-01 9.508341e-01 9.566674e-01 2.792787e-02
9.566674e-01 9.625007e-01 9.683341e-01 2.747298e-02
9.683341e-01 9.741674e-01 9.800007e-01 2.701814e-02
9.800007e-01 9.858341e-01 9.916674e-01 2.656377e-02
9.916674e-01 9.975007e-01 1.003334e+00 2.611026e-02
1.003334e+00 1.009167e+00 1.015001e+00 2.565801e-02
1.015001e+00 1.020834e+00 1.026667e+00 2.520736e-02
1.026667e+00 1.032501e+00 1.038334e+00 2.475866e-02
1.038334e+00 1.044167e+00 1.050001e+00 2.431222e-02
1.050001e+00 1.055834e+00 1.061667e+00 2.386833e-02
1.061667e+00 1.067501e+00 1.073334e+00 2.342729e-02
1.073334e+00 1.079167e+00 1.085001e+00 2.298934e-02
1.085001e+00 1.090834e+00 1.096667e+00 2.255473e-02
1.096667e+00 1.102501e+00 1.108334e+00 2.212369e-02
1.108334e+00 1.114167e+00 1.120001e+00 2.169643e-02
1.120001e+00 1.125834e+00 1.131667e+00 2.127315e-02
1.131667e+00 1.137501e+00 1.143334e+00 2.085402e-02
1.143334e+00 1.149167e+00 1.155001e+00 2.043922e-02
1.155001e+00 1.160834e+00 1.166667e+00 2.002889e-02
1.166667e+00 1.172501e+00 1.178334e+00 1.962318e-02
1.178334e+00 1.184167e+00 1.190001e+00 1.922222e-02
1.190001e+00 1.195834e+00 1.201667e+00 1.882612e-02
1.201667e+00 1.207501e+00 1.213334e+00 1.843499e-02
1.213334e+00 1.219167e+00 1.225001e+00 1.804891e-02
1.225001e+00 1.230834e+00 1.236667e+00 1.766798e-02
1.236667e+00 1.242501e+00 1.248334e+00 1.729227e-02
1.248334e+00 1.254167e+00 1.260001e+00 1.692184e-02
1.260001e+00 1.265834e+00 1.271667e+00 1.655675e-02
1.271667e+00 1.277501e+00 1.283334e+00 1.619704e-02
1.283334e+00 1.289167e+00 1.295001e+00 1.584276e-02
1.295001e+00 1.300834e+00 1.306667e+00 1.549393e-02
1.306667e+00 1.312501e+00 1.318334e+00 1.515058e-02
1.318334e+00 1.324167e+00 1.330001e+00 1.481273e-02
1.330001e+00 1.335834e+00 1.341667e+00 1.448038e-02
1.341667e+00 1.347501e+00 1.353334e+00 1.415355e-02
1.353334e+00 1.359167e+00 1.365001e+00 1.383223e-02
1.365001e+00 1.370834e+00 1.376667e+00 1.351641e-02
1.376667e+00 1.382501e+00 1.388334e+00 1.320609e-02
1.388334e+00 1.394167e+00 1.400001e+00 1.290124e-02
1.400001e+00 1.405834e+00 1.411667e+00 1.260184e-02
1.411667e+00 1.417501e+00 1.423334e+00 1.230788e-02
1.423334e+00 1.429167e+00 1.435001e+00 1.201932e-02
1.435001e+00 1.440834e+00 1.446667e+00 1.173612e-02
1.446667e+00 1.452501e+00 1.458334e+00 1.145825e-02
1.458334e+00 1.464167e+00 1.470001e+00 1.118568e-02
1.470001e+00 1.475834e+00 1.481667e+00 1.091835e-02
1.481667e+00 1.487501e+00 1.493334e+00 1.065623e-02
1.493334e+00 1.499167e+00 1.505001e+00 1.039926e-02
1.505001e+00 1.510834e+00 1.516667e+00 1.014739e-02
1.516667e+00 1.522501e+00 1.528334e+00 9.900575e-03
1.528334e+00 1.534167e+00 1.540001e+00 9.658758e-03
1.540001e+00 1.545834e+00 1.551667e+00 9.421880e-03
1.551667e+00 1.557501e+00 1.563334e+00 9.189885e-03
1.563334e+00 1.569167e+00 1.575001e+00 8.962712e-03
1.575001e+00 1.580834e+00 1.586667e+00 8.740301e-03
1.586667e+00 1.592501e+00 1.598334e+00 8.522589e-03
1.598334e+00 1.604167e+00 1.610001e+00 8.309513e-03
1.610001e+00 1.615834e+00 1.621667e+00 8.101008e-03
1.621667e+00 1.627501e+00 1.633334e+00 7.897010e-03
1.633334e+00 1.639167e+00 1.645001e+00 7.697454e-03
1.645001e+00 1.650834e+00 1.656667e+00 7.502271e-03
1.656667e+00 1.662501e+00 1.668334e+00 7.311397e-03
1.668334e+00 1.674167e+00 1.680001e+00 7.124763e-03
1.680001e+00 1.685834e+00 1.691667e+00 6.942302e-03
1.691667e+00 1.697501e+00 1.703334e+00 6.763947e-03
1.703334e+00 1.709167e+00 1.715001e+00 6.589628e-03
1.715001e+00 1.720834e+00 1.726667e+00 6.419280e-03
1.726667e+00 1.732501e+00 1.738334e+00 6.252833e-03
1.738334e+00 1.744167e+00 1.750000e+00 6.090220e-03
1.750000e+00 1.755834e+00 1.761667e+00 5.931374e-03
1.761667e+00 1.767500e+00 1.773334e+00 5.776226e-03
1.773334e+00 1.779167e+00 1.785000e+00 5.624710e-03
1.785000e+00 1.790834e+00 1.796667e+00 5.476759e-03
1.796667e+00 1.802500e+00 1.808334e+00 5.332307e-03
1.808334e+00 1.814167e+00 1.820000e+00 5.191287e-03
1.820000e+00 1.825834e+00 1.831667e+00 5.053635e-03
1.831667e+00 1.837500e+00 1.843334e+00 4.919285e-03
1.843334e+00 1.849167e+00 1.855000e+00 4.788172e-03
1.855000e+00 1.860834e+00 1.866667e+00 4.660233e-03
1.866667e+00 1.872500e+00 1.878334e+00 4.535405e-03
1.878334e+00 1.884167e+00 1.890000e+00 4.413625e-03
1.890000e+00 1.895834e+00 1.901667e+00 4.294831e-03
1.901667e+00 1.907500e+00 1.913334e+00 4.178962e-03
1.913334e+00 1.919167e+00 1.925000e+00 4.065958e-03
1.925000e+00 1.930834e+00 1.936667e+00 3.955757e-03
1.936667e+00 1.942500e+00 1.948334e+00 3.848303e-03
1.948334e+00 1.954167e+00 1.960000e+00 3.743535e-03
1.960000e+00 1.965834e+00 1.971667e+00 3.641398e-03
1.971667e+00 1.977500e+00 1.983334e+00 3.541833e-03
1.983334e+00 1.989167e+00 1.995000e+00 3.444786e-03
1.995000e+00 2.000834e+00 2.006667e+00 3.350201e-03
2.006667e+00 2.012500e+00 2.018334e+00 3.258024e-03
2.018334e+00 2.024167e+00 2.030000e+00 3.168201e-03
2.030000e+00 2.035834e+00 2.041667e+00 3.080680e-03
2.041667e+00 2.047500e+00 2.053334e+00 2.995410e-03
2.053334e+00 2.059167e+00 2.065000e+00 2.912339e-03
2.065000e+00 2.070834e+00 2.076667e+00 2.831418e-03
2.076667e+00 2.082500e+00 2.088334e+00 2.752596e-03
2.088334e+00 2.094167e+00 2.100000e+00 2.675827e-03
2.100000e+00 2.105834e+00 2.111667e+00 2.601061e-03
2.111667e+00 2.117500e+00 2.123334e+00 2.528254e-03
2.123334e+00 2.129167e+00 2.135000e+00 2.457358e-03
2.135000e+00 2.140834e+00 2.146667e+00 2.388329e-03
2.146667e+00 2.152500e+00 2.158334e+00 2.321123e-03
2.158334e+00 2.164167e+00 2.170000e+00 2.255696e-03
2.170000e+00 2.175834e+00 2.181667e+00 2.192007e-03
2.181667e+00 2.187500e+00 2.193334e+00 2.130012e-03
2.193334e+00 2.199167e+00 2.205000e+00 2.069672e-03
2.205000e+00 2.210834e+00 2.216667e+00 2.010946e-03
2.216667e+00 2.222500e+00 2.228334e+00 1.953795e-03
2.228334e+00 2.234167e+00 2.240000e+00 1.898181e-03
2.240000e+00 2.245834e+00 2.251667e+00 1.844065e-03
2.251667e+00 2.257500e+00 2.263334e+00 1.791412e-03
2.263334e+00 2.269167e+00 2.275000e+00 1.740184e-03
2.275000e+00 2.280834e+00 2.286667e+00 1.690346e-03
2.286667e+00 2.292500e+00 2.298334e+00 1.641865e-03
2.298334e+00 2.304167e+00 2.310000e+00 1.594704e-03
2.310000e+00 2.315834e+00 2.321667e+00 1.548833e-03
2.321667e+00 2.327500e+00 2.333334e+00 1.504217e-03
2.333334e+00 2.339167e+00 2.345000e+00 1.460826e-03
2.345000e+00 2.350834e+00 2.356667e+00 1.418627e-03
2.356667e+00 2.362500e+00 2.368334e+00 1.377592e-03
2.368334e+00 2.374167e+00 2.380000e+00 1.337689e-03
2.380000e+00 2.385834e+00 2.391667e+00 1.298890e-03
2.391667e+00 2.397500e+00 2.403334e+00 1.261167e-03
2.403334e+00 2.409167e+00 2.415000e+00 1.224491e-03
2.415000e+00 2.420834e+00 2.426667e+00 1.188836e-03
2.426667e+00 2.432500e+00 2.438334e+00 1.154175e-03
2.438334e+00 2.444167e+00 2.450000e+00 1.120482e-03
2.450000e+00 2.455834e+00 2.461667e+00 1.087732e-03
2.461667e+00 2.467500e+00 2.473334e+00 1.055900e-03
2.473334e+00 2.479167e+00 2.485000e+00 1.024962e-03
2.485000e+00 2.490834e+00 2.496667e+00 9.948940e-04
2.496667e+00 2.502500e+00 2.508334e+00 9.656736e-04
2.508334e+00 2.514167e+00 2.520000e+00 9.372780e-04
2.520000e+00 2.525834e+00 2.531667e+00 9.096853e-04
2.531667e+00 2.537500e+00 2.543334e+00 8.828741e-04
2.543334e+00 2.549167e+00 2.555000e+00 8.568236e-04
2.555000e+00 2.560834e+00 2.566667e+00 8.315134e-04
2.566667e+00 2.572500e+00 2.578334e+00 8.069235e-04
2.578334e+00 2.584167e+00 2.590000e+00 7.830345e-04
2.590000e+00 2.595834e+00 2.601667e+00 7.598277e-04
2.601667e+00 2.607500e+00 2.613334e+00 7.372844e-04
2.613334e+00 2.619167e+00 2.625000e+00 7.153867e-04
2.625000e+00 2.630834e+00 2.636667e+00 6.941171e-04
2.636667e+00 2.642500e+00 2.648334e+00 6.734584e-04
2.648334e+00 2.654167e+00 2.660000e+00 6.533939e-04
2.660000e+00 2.665834e+00 2.671667e+00 6.339074e-04
2.671667e+00 2.677500e+00 2.683334e+00 6.149831e-04
2.683334e+00 2.689167e+00 2.695000e+00 5.966055e-04
2.695000e+00 2.700834e+00 2.706667e+00 5.787594e-04
2.706667e+00 2.712500e+00 2.718334e+00 5.614304e-04
2.718334e+00 2.724167e+00 2.730000e+00 5.446040e-04
2.730000e+00 2.735834e+00 2.741667e+00 5.282663e-04
2.741667e+00 2.747500e+00 2.753334e+00 5.124038e-04
2.753334e+00 2.759167e+00 2.765000e+00 4.970032e-04
2.765000e+00 2.770834e+00 2.776667e+00 4.820517e-04
2.776667e+00 2.782500e+00 2.788334e+00 4.675367e-04
2.788334e+00 2.794167e+00 2.800000e+00 4.534461e-04
2.800000e+00 2.805834e+00 2.811667e+00 4.397678e-04
2.811667e+00 2.817500e+00 2.823334e+00 4.264904e-04
2.823334e+00 2.829167e+00 2.835000e+00 4.136026e-04
2.835000e+00 2.840834e+00 2.846667e+00 4.010934e-04
2.846667e+00 2.852500e+00 2.858334e+00 3.889520e-04
2.858334e+00 2.864167e+00 2.870000e+00 3.771682e-04
2.870000e+00 2.875834e+00 2.881667e+00 3.657317e-04
2.881667e+00 2.887500e+00 2.893334e+00 3.546328e-04
2.893334e+00 2.899167e+00 2.905000e+00 3.438618e-04
2.905000e+00 2.910834e+00 2.916667e+00 3.334094e-04
2.916667e+00 2.922500e+00 2.928333e+00 3.232665e-04
2.928333e+00 2.934167e+00 2.940000e+00 3.134243e-04
2.940000e+00 2.945833e+00 2.951667e+00 3.038741e-04
2.951667e+00 2.957500e+00 2.963333e+00 2.946077e-04
2.963333e+00 2.969167e+00 2.975000e+00 2.856168e-04
2.975000e+00 2.980833e+00 2.986667e+00 2.768936e-04
2.986667e+00 2.992500e+00 2.998333e+00 2.684304e-04
2.998333e+00 3.004167e+00 3.010000e+00 2.602196e-04
3.010000e+00 3.015833e+00 3.021667e+00 2.522540e-04
3.021667e+00 3.027500e+00 3.033333e+00 2.445266e-04
3.033333e+00 3.039167e+00 3.045000e+00 2.370303e-04
3.045000e+00 3.050833e+00 3.056667e+00 2.297586e-04
3.056667e+00 3.062500e+00 3.068333e+00 2.227048e-04
3.068333e+00 3.074167e+00 3.080000e+00 2.158627e-04
3.080000e+00 3.085833e+00 3.091667e+00 2.092262e-04
3.091667e+00 3.097500e+00 3.103333e+00 2.027891e-04
3.103333e+00 3.109167e+00 3.115000e+00 1.965458e-04
3.115000e+00 3.120833e+00 3.126667e+00 1.904905e-04
3.126667e+00 3.132500e+00 3.138333e+00 1.846177e-04
3.138333e+00 3.144167e+00 3.150000e+00 1.789222e-04
3.150000e+00 3.155833e+00 3.161667e+00 1.733987e-04
3.161667e+00 3.167500e+00 3.173333e+00 1.680421e-04
3.173333e+00 3.179167e+00 3.185000e+00 1.628476e-04
3.185000e+00 3.190833e+00 3.196667e+00 1.578104e-04
3.196667e+00 3.202500e+00 3.208333e+00 1.529259e-04
3.208333e+00 3.214167e+00 3.220000e+00 1.481895e-04
3.220000e+00 3.225833e+00 3.231667e+00 1.435969e-04
3.231667e+00 3.237500e+00 3.243333e+00 1.391438e-04
3.243333e+00 3.249167e+00 3.255000e+00 1.348261e-04
3.255000e+00 3.260833e+00 3.266667e+00 1.306398e-04
3.266667e+00 3.272500e+00 3.278333e+00 1.265811e-04
3.278333e+00 3.284167e+00 3.290000e+00 1.226460e-04
3.290000e+00 3.295833e+00 3.301667e+00 1.188310e-04
3.301667e+00 3.307500e+00 3.313333e+00 1.151324e-04
3.313333e+00 3.319167e+00 3.325000e+00 1.115468e-04
3.325000e+00 3.330833e+00 3.336667e+00 1.080709e-04
3.336667e+00 3.342500e+00 3.348333e+00 1.047013e-04
3.348333e+00 3.354167e+00 3.360000e+00 1.014349e-04
3.360000e+00 3.365833e+00 3.371667e+00 9.826862e-05
3.371667e+00 3.377500e+00 3.383333e+00 9.519941e-05
3.383333e+00 3.389167e+00 3.395000e+00 9.222440e-05
3.395000e+00 3.400833e+00 3.406667e+00 8.934076e-05
3.406667e+00 3.412500e+00 3.418333e+00 8.654573e-05
3.418333e+00 3.424167e+00 3.430000e+00 8.383667e-05
3.430000e+00 3.435833e+00 3.441667e+00 8.121099e-05
3.441667e+00 3.447500e+00 3.453333e+00 7.866617e-05
3.453333e+00 3.459167e+00 3.465000e+00 7.619977e-05
3.465000e+00 3.470833e+00 3.476667e+00 7.380945e-05
3.476667e+00 3.482500e+00 3.488333e+00 7.149289e-05
3.488333e+00 3.494167e+00 3.500000e+00 6.924787e-05
