1.000000e-06 5.834332e-03 1.166766e-02 3.301777e-05
1.166766e-02 1.750099e-02 2.333433e-02 2.820018e-04
2.333433e-02 2.916766e-02 3.500099e-02 7.460479e-04
3.500099e-02 4.083432e-02 4.666765e-02 1.395213e-03
4.666765e-02 5.250099e-02 5.833432e-02 2.203375e-03
5.833432e-02 6.416765e-02 7.000098e-02 3.147425e-03
7.000098e-02 7.583431e-02 8.166764e-02 4.206776e-03
8.166764e-02 8.750097e-02 9.333431e-02 5.363011e-03
9.333431e-02 9.916764e-02 1.050010e-01 6.599617e-03
1.050010e-01 1.108343e-01 1.166676e-01 7.901770e-03
1.166676e-01 1.225010e-01 1.283343e-01 9.256149e-03
1.283343e-01 1.341676e-01 1.400010e-01 1.065079e-02
1.400010e-01 1.458343e-01 1.516676e-01 1.207494e-02
1.516676e-01 1.575010e-01 1.633343e-01 1.351897e-02
1.633343e-01 1.691676e-01 1.750009e-01 1.497422e-02
1.750009e-01 1.808343e-01 1.866676e-01 1.643297e-02
1.866676e-01 1.925009e-01 1.983343e-01 1.788830e-02
1.983343e-01 2.041676e-01 2.100009e-01 1.933407e-02
2.100009e-01 2.158343e-01 2.216676e-01 2.076481e-02
2.216676e-01 2.275009e-01 2.333343e-01 2.217568e-02
2.333343e-01 2.391676e-01 2.450009e-01 2.356242e-02
2.450009e-01 2.508343e-01 2.566676e-01 2.492127e-02
2.566676e-01 2.625009e-01 2.683343e-01 2.624898e-02
2.683343e-01 2.741676e-01 2.800009e-01 2.754270e-02
2.800009e-01 2.858343e-01 2.916676e-01 2.880000e-02
2.916676e-01 2.975009e-01 3.033342e-01 3.001880e-02
3.033342e-01 3.091676e-01 3.150009e-01 3.119737e-02
3.150009e-01 3.208342e-01 3.266676e-01 3.233426e-02
3.266676e-01 3.325009e-01 3.383342e-01 3.342829e-02
3.383342e-01 3.441676e-01 3.500009e-01 3.447855e-02
3.500009e-01 3.558342e-01 3.616676e-01 3.548434e-02
3.616676e-01 3.675009e-01 3.733342e-01 3.644517e-02
3.733342e-01 3.791676e-01 3.850009e-01 3.736073e-02
3.850009e-01 3.908342e-01 3.966676e-01 3.823090e-02
3.966676e-01 4.025009e-01 4.083342e-01 3.905568e-02
4.083342e-01 4.141675e-01 4.200009e-01 3.983523e-02
4.200009e-01 4.258342e-01 4.316675e-01 4.056982e-02
4.316675e-01 4.375009e-01 4.433342e-01 4.125984e-02
4.433342e-01 4.491675e-01 4.550009e-01 4.190576e-02
4.550009e-01 4.608342e-01 4.666675e-01 4.250816e-02
4.666675e-01 4.725009e-01 4.783342e-01 4.306769e-02
4.783342e-01 4.841675e-01 4.900009e-01 4.358505e-02
4.900009e-01 4.958342e-01 5.016675e-01 4.406102e-02
5.016675e-01 5.075009e-01 5.133342e-01 4.449644e-02
5.133342e-01 5.191675e-01 5.250008e-01 4.489216e-02
5.250008e-01 5.308342e-01 5.366675e-01 4.524910e-02
5.366675e-01 5.425008e-01 5.483342e-01 4.556819e-02
5.483342e-01 5.541675e-01 5.600008e-01 4.585042e-02
5.600008e-01 5.658342e-01 5.716675e-01 4.609675e-02
5.716675e-01 5.775008e-01 5.833342e-01 4.630821e-02
5.833342e-01 5.891675e-01 5.950008e-01 4.648582e-02
5.950008e-01 6.008342e-01 6.066675e-01 4.663059e-02
6.066675e-01 6.125008e-01 6.183342e-01 4.674357e-02
6.183342e-01 6.241675e-01 6.300008e-01 4.682579e-02
6.300008e-01 6.358342e-01 6.416675e-01 4.687829e-02
6.416675e-01 6.475008e-01 6.533341e-01 4.690210e-02
6.533341e-01 6.591675e-01 6.650008e-01 4.689826e-02
6.650008e-01 6.708341e-01 6.766675e-01 4.686777e-02
6.766675e-01 6.825008e-01 6.883341e-01 4.681166e-02
6.883341e-01 6.941675e-01 7.000008e-01 4.673092e-02
7.000008e-01 7.058341e-01 7.116675e-01 4.662654e-02
7.116675e-01 7.175008e-01 7.233341e-01 4.649950e-02
7.233341e-01 7.291675e-01 7.350008e-01 4.635076e-02
7.350008e-01 7.408341e-01 7.466675e-01 4.618125e-02
7.466675e-01 7.525008e-01 7.583341e-01 4.599191e-02
7.583341e-01 7.641674e-01 7.700008e-01 4.578364e-02
7.700008e-01 7.758341e-01 7.816674e-01 4.555733e-02
7.816674e-01 7.875008e-01 7.933341e-01 4.531385e-02
7.933341e-01 7.991674e-01 8.050008e-01 4.505407e-02
8.050008e-01 8.108341e-01 8.166674e-01 4.477879e-02
8.166674e-01 8.225008e-01 8.283341e-01 4.448885e-02
8.283341e-01 8.341674e-01 8.400008e-01 4.418503e-02
8.400008e-01 8.458341e-01 8.516674e-01 4.386809e-02
8.516674e-01 8.575008e-01 8.633341e-01 4.353879e-02
8.633341e-01 8.691674e-01 8.750007e-01 4.319787e-02
8.750007e-01 8.808341e-01 8.866674e-01 4.284601e-02
8.866674e-01 8.925007e-01 8.983341e-01 4.248393e-02
8.983341e-01 9.041674e-01 9.100007e-01 4.211227e-02
9.100007e-01 9.158341e-01 9.216674e-01 4.173169e-02
9.216674e-01 9.275007e-01 9.333341e-01 4.134281e-02
9.333341e-01 9.391674e-01 9.450007e-01 4.094625e-02
9.450007e-01 9.508341e-01 9.566674e-01 4.054258e-02
9.566674e-01 9.625007e-01 9.683341e-01 4.013238e-02
9.683341e-01 9.741674e-01 9.800007e-01 3.971619e-02
9.800007e-01 9.858341e-01 9.916674e-01 3.929453e-02
9.916674e-01 9.975007e-01 1.003334e+00 3.886793e-02
1.003334e+00 1.009167e+00 1.015001e+00 3.843687e-02
1.015001e+00 1.020834e+00 1.026667e+00 3.800183e-02
1.026667e+00 1.032501e+00 1.038334e+00 3.756325e-02
1.038334e+00 1.044167e+00 1.050001e+00 3.712158e-02
1.050001e+00 1.055834e+00 1.061667e+00 3.667725e-02
1.061667e+00 1.067501e+00 1.073334e+00 3.623064e-02
1.073334e+00 1.079167e+00 1.085001e+00 3.578216e-02
1.085001e+00 1.090834e+00 1.096667e+00 3.533218e-02
1.096667e+00 1.102501e+00 1.108334e+00 3.488105e-02
1.108334e+00 1.114167e+00 1.120001e+00 3.442911e-02
1.120001e+00 1.125834e+00 1.131667e+00 3.397670e-02
1.131667e+00 1.137501e+00 1.143334e+00 3.352412e-02
1.143334e+00 1.149167e+00 1.155001e+00 3.307167e-02
1.155001e+00 1.160834e+00 1.166667e+00 3.261965e-02
1.166667e+00 1.172501e+00 1.178334e+00 3.216831e-02
1.178334e+00 1.184167e+00 1.190001e+00 3.171793e-02
1.190001e+00 1.195834e+00 1.201667e+00 3.126874e-02
1.201667e+00 1.207501e+00 1.213334e+00 3.082099e-02
1.213334e+00 1.219167e+00 1.225001e+00 3.037489e-02
1.225001e+00 1.230834e+00 1.236667e+00 2.993066e-02
1.236667e+00 1.242501e+00 1.248334e+00 2.948849e-02
1.248334e+00 1.254167e+00 1.260001e+00 2.904859e-02
1.260001e+00 1.265834e+00 1.271667e+00 2.861112e-02
1.271667e+00 1.277501e+00 1.283334e+00 2.817626e-02
1.283334e+00 1.289167e+00 1.295001e+00 2.774417e-02
1.295001e+00 1.300834e+00 1.306667e+00 2.731499e-02
1.306667e+00 1.312501e+00 1.318334e+00 2.688888e-02
1.318334e+00 1.324167e+00 1.330001e+00 2.646596e-02
1.330001e+00 1.335834e+00 1.341667e+00 2.604636e-02
1.341667e+00 1.347501e+00 1.353334e+00 2.563019e-02
1.353334e+00 1.359167e+00 1.365001e+00 2.521756e-02
1.365001e+00 1.370834e+00 1.376667e+00 2.480858e-02
1.376667e+00 1.382501e+00 1.388334e+00 2.440333e-02
1.388334e+00 1.394167e+00 1.400001e+00 2.400192e-02
1.400001e+00 1.405834e+00 1.411667e+00 2.360440e-02
1.411667e+00 1.417501e+00 1.423334e+00 2.321087e-02
1.423334e+00 1.429167e+00 1.435001e+00 2.282138e-02
1.435001e+00 1.440834e+00 1.446667e+00 2.243600e-02
1.446667e+00 1.452501e+00 1.458334e+00 2.205478e-02
1.458334e+00 1.464167e+00 1.470001e+00 2.167778e-02
1.470001e+00 1.475834e+00 1.481667e+00 2.130503e-02
1.481667e+00 1.487501e+00 1.493334e+00 2.093659e-02
1.493334e+00 1.499167e+00 1.505001e+00 2.057248e-02
1.505001e+00 1.510834e+00 1.516667e+00 2.021273e-02
1.516667e+00 1.522501e+00 1.528334e+00 1.985738e-02
1.528334e+00 1.534167e+00 1.540001e+00 1.950644e-02
1.540001e+00 1.545834e+00 1.551667e+00 1.915993e-02
1.551667e+00 1.557501e+00 1.563334e+00 1.881786e-02
1.563334e+00 1.569167e+00 1.575001e+00 1.848025e-02
1.575001e+00 1.580834e+00 1.586667e+00 1.814710e-02
1.586667e+00 1.592501e+00 1.598334e+00 1.781842e-02
1.598334e+00 1.604167e+00 1.610001e+00 1.749420e-02
1.610001e+00 1.615834e+00 1.621667e+00 1.717444e-02
1.621667e+00 1.627501e+00 1.633334e+00 1.685914e-02
1.633334e+00 1.639167e+00 1.645001e+00 1.654828e-02
1.645001e+00 1.650834e+00 1.656667e+00 1.624187e-02
1.656667e+00 1.662501e+00 1.668334e+00 1.593987e-02
1.668334e+00 1.674167e+00 1.680001e+00 1.564229e-02
1.680001e+00 1.685834e+00 1.691667e+00 1.534909e-02
1.691667e+00 1.697501e+00 1.703334e+00 1.506026e-02
1.703334e+00 1.709167e+00 1.715001e+00 1.477578e-02
1.715001e+00 1.720834e+00 1.726667e+00 1.449561e-02
1.726667e+00 1.732501e+00 1.738334e+00 1.421975e-02
1.738334e+00 1.744167e+00 1.750000e+00 1.394815e-02
1.750000e+00 1.755834e+00 1.761667e+00 1.368079e-02
1.761667e+00 1.767500e+00 1.773334e+00 1.341764e-02
1.773334e+00 1.779167e+00 1.785000e+00 1.315867e-02
1.785000e+00 1.790834e+00 1.796667e+00 1.290384e-02
1.796667e+00 1.802500e+00 1.808334e+00 1.265312e-02
1.808334e+00 1.814167e+00 1.820000e+00 1.240647e-02
1.820000e+00 1.825834e+00 1.831667e+00 1.216386e-02
1.831667e+00 1.837500e+00 1.843334e+00 1.192525e-02
1.843334e+00 1.849167e+00 1.855000e+00 1.169060e-02
1.855000e+00 1.860834e+00 1.866667e+00 1.145987e-02
1.866667e+00 1.872500e+00 1.878334e+00 1.123303e-02
1.878334e+00 1.884167e+00 1.890000e+00 1.101002e-02
1.890000e+00 1.895834e+00 1.901667e+00 1.079081e-02
1.901667e+00 1.907500e+00 1.913334e+00 1.057537e-02
1.913334e+00 1.919167e+00 1.925000e+00 1.036363e-02
1.925000e+00 1.930834e+00 1.936667e+00 1.015558e-02
1.936667e+00 1.942500e+00 1.948334e+00 9.951146e-03
1.948334e+00 1.954167e+00 1.960000e+00 9.750304e-03
1.960000e+00 1.965834e+00 1.971667e+00 9.553004e-03
1.971667e+00 1.977500e+00 1.983334e+00 9.359203e-03
1.983334e+00 1.989167e+00 1.995000e+00 9.168857e-03
1.995000e+00 2.000834e+00 2.006667e+00 8.981921e-03
2.006667e+00 2.012500e+00 2.018334e+00 8.798350e-03
2.018334e+00 2.024167e+00 2.030000e+00 8.618101e-03
2.030000e+00 2.035834e+00 2.041667e+00 8.441129e-03
2.041667e+00 2.047500e+00 2.053334e+00 8.267388e-03
2.053334e+00 2.059167e+00 2.065000e+00 8.096835e-03
2.065000e+00 2.070834e+00 2.076667e+00 7.929424e-03
2.076667e+00 2.082500e+00 2.088334e+00 7.765112e-03
2.088334e+00 2.094167e+00 2.100000e+00 7.603854e-03
2.100000e+00 2.105834e+00 2.111667e+00 7.445605e-03
2.111667e+00 2.117500e+00 2.123334e+00 7.290322e-03
2.123334e+00 2.129167e+00 2.135000e+00 7.137961e-03
2.135000e+00 2.140834e+00 2.146667e+00 6.988478e-03
2.146667e+00 2.152500e+00 2.158334e+00 6.841829e-03
2.158334e+00 2.164167e+00 2.170000e+00 6.697971e-03
2.170000e+00 2.175834e+00 2.181667e+00 6.556861e-03
2.181667e+00 2.187500e+00 2.193334e+00 6.418457e-03
2.193334e+00 2.199167e+00 2.205000e+00 6.282716e-03
2.205000e+00 2.210834e+00 2.216667e+00 6.149596e-03
2.216667e+00 2.222500e+00 2.228334e+00 6.019055e-03
2.228334e+00 2.234167e+00 2.240000e+00 5.891051e-03
2.240000e+00 2.245834e+00 2.251667e+00 5.765544e-03
2.251667e+00 2.257500e+00 2.263334e+00 5.642493e-03
2.263334e+00 2.269167e+00 2.275000e+00 5.521856e-03
2.275000e+00 2.280834e+00 2.286667e+00 5.403596e-03
2.286667e+00 2.292500e+00 2.298334e+00 5.287671e-03
2.298334e+00 2.304167e+00 2.310000e+00 5.174042e-03
2.310000e+00 2.315834e+00 2.321667e+00 5.062671e-03
2.321667e+00 2.327500e+00 2.333334e+00 4.953519e-03
2.333334e+00 2.339167e+00 2.345000e+00 4.846548e-03
2.345000e+00 2.350834e+00 2.356667e+00 4.741720e-03
2.356667e+00 2.362500e+00 2.368334e+00 4.638999e-03
2.368334e+00 2.374167e+00 2.380000e+00 4.538348e-03
2.380000e+00 2.385834e+00 2.391667e+00 4.439730e-03
2.391667e+00 2.397500e+00 2.403334e+00 4.343110e-03
2.403334e+00 2.409167e+00 2.415000e+00 4.248451e-03
2.415000e+00 2.420834e+00 2.426667e+00 4.155720e-03
2.426667e+00 2.432500e+00 2.438334e+00 4.064881e-03
2.438334e+00 2.444167e+00 2.450000e+00 3.975900e-03
2.450000e+00 2.455834e+00 2.461667e+00 3.888745e-03
2.461667e+00 2.467500e+00 2.473334e+00 3.803381e-03
2.473334e+00 2.479167e+00 2.485000e+00 3.719776e-03
2.485000e+00 2.490834e+00 2.496667e+00 3.637898e-03
2.496667e+00 2.502500e+00 2.508334e+00 3.557714e-03
2.508334e+00 2.514167e+00 2.520000e+00 3.479194e-03
2.520000e+00 2.525834e+00 2.531667e+00 3.402307e-03
2.531667e+00 2.537500e+00 2.543334e+00 3.327021e-03
2.543334e+00 2.549167e+00 2.555000e+00 3.253307e-03
2.555000e+00 2.560834e+00 2.566667e+00 3.181136e-03
2.566667e+00 2.572500e+00 2.578334e+00 3.110478e-03
2.578334e+00 2.584167e+00 2.590000e+00 3.041304e-03
2.590000e+00 2.595834e+00 2.601667e+00 2.973587e-03
2.601667e+00 2.607500e+00 2.613334e+00 2.907297e-03
2.613334e+00 2.619167e+00 2.625000e+00 2.842409e-03
2.625000e+00 2.630834e+00 2.636667e+00 2.778895e-03
2.636667e+00 2.642500e+00 2.648334e+00 2.716728e-03
2.648334e+00 2.654167e+00 2.660000e+00 2.655882e-03
2.660000e+00 2.665834e+00 2.671667e+00 2.596332e-03
2.671667e+00 2.677500e+00 2.683334e+00 2.538052e-03
2.683334e+00 2.689167e+00 2.695000e+00 2.481017e-03
2.695000e+00 2.700834e+00 2.706667e+00 2.425203e-03
2.706667e+00 2.712500e+00 2.718334e+00 2.370586e-03
2.718334e+00 2.724167e+00 2.730000e+00 2.317143e-03
2.730000e+00 2.735834e+00 2.741667e+00 2.264849e-03
2.741667e+00 2.747500e+00 2.753334e+00 2.213681e-03
2.753334e+00 2.759167e+00 2.765000e+00 2.163619e-03
2.765000e+00 2.770834e+00 2.776667e+00 2.114639e-03
2.776667e+00 2.782500e+00 2.788334e+00 2.066719e-03
2.788334e+00 2.794167e+00 2.800000e+00 2.019839e-03
2.800000e+00 2.805834e+00 2.811667e+00 1.973978e-03
2.811667e+00 2.817500e+00 2.823334e+00 1.929114e-03
2.823334e+00 2.829167e+00 2.835000e+00 1.885227e-03
2.835000e+00 2.840834e+00 2.846667e+00 1.842298e-03
2.846667e+00 2.852500e+00 2.858334e+00 1.800308e-03
2.858334e+00 2.864167e+00 2.870000e+00 1.759236e-03
2.870000e+00 2.875834e+00 2.881667e+00 1.719065e-03
2.881667e+00 2.887500e+00 2.893334e+00 1.679775e-03
2.893334e+00 2.899167e+00 2.905000e+00 1.641348e-03
2.905000e+00 2.910834e+00 2.916667e+00 1.603767e-03
2.916667e+00 2.922500e+00 2.928333e+00 1.567015e-03
2.928333e+00 2.934167e+00 2.940000e+00 1.531073e-03
2.940000e+00 2.945833e+00 2.951667e+00 1.495926e-03
2.951667e+00 2.957500e+00 2.963333e+00 1.461556e-03
2.963333e+00 2.969167e+00 2.975000e+00 1.427948e-03
2.975000e+00 2.980833e+00 2.986667e+00 1.395085e-03
2.986667e+00 2.992500e+00 2.998333e+00 1.362952e-03
2.998333e+00 3.004167e+00 3.010000e+00 1.331533e-03
3.010000e+00 3.015833e+00 3.021667e+00 1.300814e-03
3.021667e+00 3.027500e+00 3.033333e+00 1.270780e-03
3.033333e+00 3.039167e+00 3.045000e+00 1.241416e-03
3.045000e+00 3.050833e+00 3.056667e+00 1.212708e-03
3.056667e+00 3.062500e+00 3.068333e+00 1.184643e-03
3.068333e+00 3.074167e+00 3.080000e+00 1.157206e-03
3.080000e+00 3.085833e+00 3.091667e+00 1.130384e-03
3.091667e+00 3.097500e+00 3.103333e+00 1.104164e-03
3.103333e+00 3.109167e+00 3.115000e+00 1.078533e-03
3.115000e+00 3.120833e+00 3.126667e+00 1.053479e-03
3.126667e+00 3.132500e+00 3.138333e+00 1.028989e-03
3.138333e+00 3.144167e+00 3.150000e+00 1.005052e-03
3.150000e+00 3.155833e+00 3.161667e+00 9.816542e-04
3.161667e+00 3.167500e+00 3.173333e+00 9.587853e-04
3.173333e+00 3.179167e+00 3.185000e+00 9.364337e-04
3.185000e+00 3.190833e+00 3.196667e+00 9.145881e-04
3.196667e+00 3.202500e+00 3.208333e+00 8.932375e-04
3.208333e+00 3.214167e+00 3.220000e+00 8.723712e-04
3.220000e+00 3.225833e+00 3.231667e+00 8.519788e-04
3.231667e+00 3.237500e+00 3.243333e+00 8.320498e-04
3.243333e+00 3.249167e+00 3.255000e+00 8.125743e-04
3.255000e+00 3.260833e+00 3.266667e+00 7.935423e-04
3.266667e+00 3.272500e+00 3.278333e+00 7.749441e-04
3.278333e+00 3.284167e+00 3.290000e+00 7.567702e-04
3.290000e+00 3.295833e+00 3.301667e+00 7.390113e-04
3.301667e+00 3.307500e+00 3.313333e+00 7.216584e-04
3.313333e+00 3.319167e+00 3.325000e+00 7.047024e-04
3.325000e+00 3.330833e+00 3.336667e+00 6.881348e-04
3.336667e+00 3.342500e+00 3.348333e+00 6.719468e-04
3.348333e+00 3.354167e+00 3.360000e+00 6.561302e-04
3.360000e+00 3.365833e+00 3.371667e+00 6.406766e-04
3.371667e+00 3.377500e+00 3.383333e+00 6.255782e-04
3.383333e+00 3.389167e+00 3.395000e+00 6.108270e-04
3.395000e+00 3.400833e+00 3.406667e+00 5.964154e-04
3.406667e+00 3.412500e+00 3.418333e+00 5.823357e-04
3.418333e+00 3.424167e+00 3.430000e+00 5.685806e-04
3.430000e+00 3.435833e+00 3.441667e+00 5.551429e-04
3.441667e+00 3.447500e+00 3.453333e+00 5.420155e-04
3.453333e+00 3.459167e+00 3.465000e+00 5.291914e-04
3.465000e+00 3.470833e+00 3.476667e+00 5.166640e-04
3.476667e+00 3.482500e+00 3.488333e+00 5.044265e-04
3.488333e+00 3.494167e+00 3.500000e+00 4.924725e-04
