1.000000e-06 5.834332e-03 1.166766e-02 3.302595e-05
1.166766e-02 1.750099e-02 2.333433e-02 2.824412e-04
2.333433e-02 2.916766e-02 3.500099e-02 7.483831e-04
3.500099e-02 4.083432e-02 4.666765e-02 1.401954e-03
4.666765e-02 5.250099e-02 5.833432e-02 2.217957e-03
5.833432e-02 6.416765e-02 7.000098e-02 3.174076e-03
7.000098e-02 7.583431e-02 8.166764e-02 4.250383e-03
8.166764e-02 8.750097e-02 9.333431e-02 5.429005e-03
9.333431e-02 9.916764e-02 1.050010e-01 6.693858e-03
1.050010e-01 1.108343e-01 1.166676e-01 8.030445e-03
1.166676e-01 1.225010e-01 1.283343e-01 9.425686e-03
1.283343e-01 1.341676e-01 1.400010e-01 1.086777e-02
1.400010e-01 1.458343e-01 1.516676e-01 1.234603e-02
1.516676e-01 1.575010e-01 1.633343e-01 1.385085e-02
1.633343e-01 1.691676e-01 1.750009e-01 1.537354e-02
1.750009e-01 1.808343e-01 1.866676e-01 1.690628e-02
1.866676e-01 1.925009e-01 1.983343e-01 1.844204e-02
1.983343e-01 2.041676e-01 2.100009e-01 1.997449e-02
2.100009e-01 2.158343e-01 2.216676e-01 2.149797e-02
2.216676e-01 2.275009e-01 2.333343e-01 2.300740e-02
2.333343e-01 2.391676e-01 2.450009e-01 2.449827e-02
2.450009e-01 2.508343e-01 2.566676e-01 2.596655e-02
2.566676e-01 2.625009e-01 2.683343e-01 2.740870e-02
2.683343e-01 2.741676e-01 2.800009e-01 2.882158e-02
2.800009e-01 2.858343e-01 2.916676e-01 3.020243e-02
2.916676e-01 2.975009e-01 3.033342e-01 3.154888e-02
3.033342e-01 3.091676e-01 3.150009e-01 3.285885e-02
3.150009e-01 3.208342e-01 3.266676e-01 3.413058e-02
3.266676e-01 3.325009e-01 3.383342e-01 3.536256e-02
3.383342e-01 3.441676e-01 3.500009e-01 3.655356e-02
3.500009e-01 3.558342e-01 3.616676e-01 3.770256e-02
3.616676e-01 3.675009e-01 3.733342e-01 3.880875e-02
3.733342e-01 3.791676e-01 3.850009e-01 3.987151e-02
3.850009e-01 3.908342e-01 3.966676e-01 4.089040e-02
3.966676e-01 4.025009e-01 4.083342e-01 4.186514e-02
4.083342e-01 4.141675e-01 4.200009e-01 4.279559e-02
4.200009e-01 4.258342e-01 4.316675e-01 4.368172e-02
4.316675e-01 4.375009e-01 4.433342e-01 4.452366e-02
4.433342e-01 4.491675e-01 4.550009e-01 4.532162e-02
4.550009e-01 4.608342e-01 4.666675e-01 4.607591e-02
4.666675e-01 4.725009e-01 4.783342e-01 4.678693e-02
4.783342e-01 4.841675e-01 4.900009e-01 4.745516e-02
4.900009e-01 4.958342e-01 5.016675e-01 4.808114e-02
5.016675e-01 5.075009e-01 5.133342e-01 4.866548e-02
5.133342e-01 5.191675e-01 5.250008e-01 4.920886e-02
5.250008e-01 5.308342e-01 5.366675e-01 4.971197e-02
5.366675e-01 5.425008e-01 5.483342e-01 5.017558e-02
5.483342e-01 5.541675e-01 5.600008e-01 5.060048e-02
5.600008e-01 5.658342e-01 5.716675e-01 5.098748e-02
5.716675e-01 5.775008e-01 5.833342e-01 5.133746e-02
5.833342e-01 5.891675e-01 5.950008e-01 5.165126e-02
5.950008e-01 6.008342e-01 6.066675e-01 5.192980e-02
6.066675e-01 6.125008e-01 6.183342e-01 5.217398e-02
6.183342e-01 6.241675e-01 6.300008e-01 5.238471e-02
6.300008e-01 6.358342e-01 6.416675e-01 5.256292e-02
6.416675e-01 6.475008e-01 6.533341e-01 5.270956e-02
6.533341e-01 6.591675e-01 6.650008e-01 5.282555e-02
6.650008e-01 6.708341e-01 6.766675e-01 5.291184e-02
6.766675e-01 6.825008e-01 6.883341e-01 5.296936e-02
6.883341e-01 6.941675e-01 7.000008e-01 5.299904e-02
7.000008e-01 7.058341e-01 7.116675e-01 5.300182e-02
7.116675e-01 7.175008e-01 7.233341e-01 5.297861e-02
7.233341e-01 7.291675e-01 7.350008e-01 5.293033e-02
7.350008e-01 7.408341e-01 7.466675e-01 5.285789e-02
7.466675e-01 7.525008e-01 7.583341e-01 5.276218e-02
7.583341e-01 7.641674e-01 7.700008e-01 5.264408e-02
7.700008e-01 7.758341e-01 7.816674e-01 5.250446e-02
7.816674e-01 7.875008e-01 7.933341e-01 5.234417e-02
7.933341e-01 7.991674e-01 8.050008e-01 5.216407e-02
8.050008e-01 8.108341e-01 8.166674e-01 5.196498e-02
8.166674e-01 8.225008e-01 8.283341e-01 5.174771e-02
8.283341e-01 8.341674e-01 8.400008e-01 5.151305e-02
8.400008e-01 8.458341e-01 8.516674e-01 5.126179e-02
8.516674e-01 8.575008e-01 8.633341e-01 5.099470e-02
8.633341e-01 8.691674e-01 8.750007e-01 5.071252e-02
8.750007e-01 8.808341e-01 8.866674e-01 5.041597e-02
8.866674e-01 8.925007e-01 8.983341e-01 5.010578e-02
8.983341e-01 9.041674e-01 9.100007e-01 4.978264e-02
9.100007e-01 9.158341e-01 9.216674e-01 4.944723e-02
9.216674e-01 9.275007e-01 9.333341e-01 4.910021e-02
9.333341e-01 9.391674e-01 9.450007e-01 4.874222e-02
9.450007e-01 9.508341e-01 9.566674e-01 4.837389e-02
9.566674e-01 9.625007e-01 9.683341e-01 4.799583e-02
9.683341e-01 9.741674e-01 9.800007e-01 4.760863e-02
9.800007e-01 9.858341e-01 9.916674e-01 4.721287e-02
9.916674e-01 9.975007e-01 1.003334e+00 4.680910e-02
1.003334e+00 1.009167e+00 1.015001e+00 4.639787e-02
1.015001e+00 1.020834e+00 1.026667e+00 4.597970e-02
1.026667e+00 1.032501e+00 1.038334e+00 4.555510e-02
1.038334e+00 1.044167e+00 1.050001e+00 4.512456e-02
1.050001e+00 1.055834e+00 1.061667e+00 4.468856e-02
1.061667e+00 1.067501e+00 1.073334e+00 4.424756e-02
1.073334e+00 1.079167e+00 1.085001e+00 4.380200e-02
1.085001e+00 1.090834e+00 1.096667e+00 4.335232e-02
1.096667e+00 1.102501e+00 1.108334e+00 4.289893e-02
1.108334e+00 1.114167e+00 1.120001e+00 4.244224e-02
1.120001e+00 1.125834e+00 1.131667e+00 4.198262e-02
1.131667e+00 1.137501e+00 1.143334e+00 4.152046e-02
1.143334e+00 1.149167e+00 1.155001e+00 4.105610e-02
1.155001e+00 1.160834e+00 1.166667e+00 4.058991e-02
1.166667e+00 1.172501e+00 1.178334e+00 4.012220e-02
1.178334e+00 1.184167e+00 1.190001e+00 3.965330e-02
1.190001e+00 1.195834e+00 1.201667e+00 3.918352e-02
1.201667e+00 1.207501e+00 1.213334e+00 3.871315e-02
1.213334e+00 1.219167e+00 1.225001e+00 3.824247e-02
1.225001e+00 1.230834e+00 1.236667e+00 3.777176e-02
1.236667e+00 1.242501e+00 1.248334e+00 3.730127e-02
1.248334e+00 1.254167e+00 1.260001e+00 3.683125e-02
1.260001e+00 1.265834e+00 1.271667e+00 3.636195e-02
1.271667e+00 1.277501e+00 1.283334e+00 3.589359e-02
1.283334e+00 1.289167e+00 1.295001e+00 3.542638e-02
1.295001e+00 1.300834e+00 1.306667e+00 3.496054e-02
1.306667e+00 1.312501e+00 1.318334e+00 3.449627e-02
1.318334e+00 1.324167e+00 1.330001e+00 3.403374e-02
1.330001e+00 1.335834e+00 1.341667e+00 3.357314e-02
1.341667e+00 1.347501e+00 1.353334e+00 3.311465e-02
1.353334e+00 1.359167e+00 1.365001e+00 3.265842e-02
1.365001e+00 1.370834e+00 1.376667e+00 3.220461e-02
1.376667e+00 1.382501e+00 1.388334e+00 3.175336e-02
1.388334e+00 1.394167e+00 1.400001e+00 3.130481e-02
1.400001e+00 1.405834e+00 1.411667e+00 3.085909e-02
1.411667e+00 1.417501e+00 1.423334e+00 3.041633e-02
1.423334e+00 1.429167e+00 1.435001e+00 2.997665e-02
1.435001e+00 1.440834e+00 1.446667e+00 2.954014e-02
1.446667e+00 1.452501e+00 1.458334e+00 2.910691e-02
1.458334e+00 1.464167e+00 1.470001e+00 2.867707e-02
1.470001e+00 1.475834e+00 1.481667e+00 2.825069e-02
1.481667e+00 1.487501e+00 1.493334e+00 2.782787e-02
1.493334e+00 1.499167e+00 1.505001e+00 2.740868e-02
1.505001e+00 1.510834e+00 1.516667e+00 2.699320e-02
1.516667e+00 1.522501e+00 1.528334e+00 2.658149e-02
1.528334e+00 1.534167e+00 1.540001e+00 2.617361e-02
1.540001e+00 1.545834e+00 1.551667e+00 2.576963e-02
1.551667e+00 1.557501e+00 1.563334e+00 2.536960e-02
1.563334e+00 1.569167e+00 1.575001e+00 2.497355e-02
1.575001e+00 1.580834e+00 1.586667e+00 2.458155e-02
1.586667e+00 1.592501e+00 1.598334e+00 2.419361e-02
1.598334e+00 1.604167e+00 1.610001e+00 2.380980e-02
1.610001e+00 1.615834e+00 1.621667e+00 2.343012e-02
1.621667e+00 1.627501e+00 1.633334e+00 2.305461e-02
1.633334e+00 1.639167e+00 1.645001e+00 2.268330e-02
1.645001e+00 1.650834e+00 1.656667e+00 2.231620e-02
1.656667e+00 1.662501e+00 1.668334e+00 2.195333e-02
1.668334e+00 1.674167e+00 1.680001e+00 2.159471e-02
1.680001e+00 1.685834e+00 1.691667e+00 2.124034e-02
1.691667e+00 1.697501e+00 1.703334e+00 2.089024e-02
1.703334e+00 1.709167e+00 1.715001e+00 2.054440e-02
1.715001e+00 1.720834e+00 1.726667e+00 2.020284e-02
1.726667e+00 1.732501e+00 1.738334e+00 1.986554e-02
1.738334e+00 1.744167e+00 1.750000e+00 1.953252e-02
1.750000e+00 1.755834e+00 1.761667e+00 1.920375e-02
1.761667e+00 1.767500e+00 1.773334e+00 1.887924e-02
1.773334e+00 1.779167e+00 1.785000e+00 1.855897e-02
1.785000e+00 1.790834e+00 1.796667e+00 1.824294e-02
1.796667e+00 1.802500e+00 1.808334e+00 1.793113e-02
1.808334e+00 1.814167e+00 1.820000e+00 1.762352e-02
1.820000e+00 1.825834e+00 1.831667e+00 1.732010e-02
1.831667e+00 1.837500e+00 1.843334e+00 1.702085e-02
1.843334e+00 1.849167e+00 1.855000e+00 1.672575e-02
1.855000e+00 1.860834e+00 1.866667e+00 1.643478e-02
1.866667e+00 1.872500e+00 1.878334e+00 1.614791e-02
1.878334e+00 1.884167e+00 1.890000e+00 1.586512e-02
1.890000e+00 1.895834e+00 1.901667e+00 1.558638e-02
1.901667e+00 1.907500e+00 1.913334e+00 1.531167e-02
1.913334e+00 1.919167e+00 1.925000e+00 1.504096e-02
1.925000e+00 1.930834e+00 1.936667e+00 1.477422e-02
1.936667e+00 1.942500e+00 1.948334e+00 1.451142e-02
1.948334e+00 1.954167e+00 1.960000e+00 1.425252e-02
1.960000e+00 1.965834e+00 1.971667e+00 1.399751e-02
1.971667e+00 1.977500e+00 1.983334e+00 1.374633e-02
1.983334e+00 1.989167e+00 1.995000e+00 1.349897e-02
1.995000e+00 2.000834e+00 2.006667e+00 1.325538e-02
2.006667e+00 2.012500e+00 2.018334e+00 1.301554e-02
2.018334e+00 2.024167e+00 2.030000e+00 1.277941e-02
2.030000e+00 2.035834e+00 2.041667e+00 1.254694e-02
2.041667e+00 2.047500e+00 2.053334e+00 1.231811e-02
2.053334e+00 2.059167e+00 2.065000e+00 1.209288e-02
2.065000e+00 2.070834e+00 2.076667e+00 1.187121e-02
2.076667e+00 2.082500e+00 2.088334e+00 1.165306e-02
2.088334e+00 2.094167e+00 2.100000e+00 1.143839e-02
2.100000e+00 2.105834e+00 2.111667e+00 1.122718e-02
2.111667e+00 2.117500e+00 2.123334e+00 1.101937e-02
2.123334e+00 2.129167e+00 2.135000e+00 1.081494e-02
2.135000e+00 2.140834e+00 2.146667e+00 1.061383e-02
2.146667e+00 2.152500e+00 2.158334e+00 1.041602e-02
2.158334e+00 2.164167e+00 2.170000e+00 1.022147e-02
2.170000e+00 2.175834e+00 2.181667e+00 1.003013e-02
2.181667e+00 2.187500e+00 2.193334e+00 9.841959e-03
2.193334e+00 2.199167e+00 2.205000e+00 9.656930e-03
2.205000e+00 2.210834e+00 2.216667e+00 9.474997e-03
2.216667e+00 2.222500e+00 2.228334e+00 9.296123e-03
2.228334e+00 2.234167e+00 2.240000e+00 9.120267e-03
2.240000e+00 2.245834e+00 2.251667e+00 8.947392e-03
2.251667e+00 2.257500e+00 2.263334e+00 8.777456e-03
2.263334e+00 2.269167e+00 2.275000e+00 8.610423e-03
2.275000e+00 2.280834e+00 2.286667e+00 8.446253e-03
2.286667e+00 2.292500e+00 2.298334e+00 8.284907e-03
2.298334e+00 2.304167e+00 2.310000e+00 8.126347e-03
2.310000e+00 2.315834e+00 2.321667e+00 7.970534e-03
2.321667e+00 2.327500e+00 2.333334e+00 7.817430e-03
2.333334e+00 2.339167e+00 2.345000e+00 7.666998e-03
2.345000e+00 2.350834e+00 2.356667e+00 7.519198e-03
2.356667e+00 2.362500e+00 2.368334e+00 7.373995e-03
2.368334e+00 2.374167e+00 2.380000e+00 7.231350e-03
2.380000e+00 2.385834e+00 2.391667e+00 7.091227e-03
2.391667e+00 2.397500e+00 2.403334e+00 6.953588e-03
2.403334e+00 2.409167e+00 2.415000e+00 6.818398e-03
2.415000e+00 2.420834e+00 2.426667e+00 6.685619e-03
2.426667e+00 2.432500e+00 2.438334e+00 6.555216e-03
2.438334e+00 2.444167e+00 2.450000e+00 6.427153e-03
2.450000e+00 2.455834e+00 2.461667e+00 6.301395e-03
2.461667e+00 2.467500e+00 2.473334e+00 6.177906e-03
2.473334e+00 2.479167e+00 2.485000e+00 6.056652e-03
2.485000e+00 2.490834e+00 2.496667e+00 5.937598e-03
2.496667e+00 2.502500e+00 2.508334e+00 5.820711e-03
2.508334e+00 2.514167e+00 2.520000e+00 5.705956e-03
2.520000e+00 2.525834e+00 2.531667e+00 5.593300e-03
2.531667e+00 2.537500e+00 2.543334e+00 5.482710e-03
2.543334e+00 2.549167e+00 2.555000e+00 5.374152e-03
2.555000e+00 2.560834e+00 2.566667e+00 5.267596e-03
2.566667e+00 2.572500e+00 2.578334e+00 5.163008e-03
2.578334e+00 2.584167e+00 2.590000e+00 5.060356e-03
2.590000e+00 2.595834e+00 2.601667e+00 4.959610e-03
2.601667e+00 2.607500e+00 2.613334e+00 4.860738e-03
2.613334e+00 2.619167e+00 2.625000e+00 4.763710e-03
2.625000e+00 2.630834e+00 2.636667e+00 4.668495e-03
2.636667e+00 2.642500e+00 2.648334e+00 4.575064e-03
2.648334e+00 2.654167e+00 2.660000e+00 4.483386e-03
2.660000e+00 2.665834e+00 2.671667e+00 4.393433e-03
2.671667e+00 2.677500e+00 2.683334e+00 4.305176e-03
2.683334e+00 2.689167e+00 2.695000e+00 4.218586e-03
2.695000e+00 2.700834e+00 2.706667e+00 4.133635e-03
2.706667e+00 2.712500e+00 2.718334e+00 4.050296e-03
2.718334e+00 2.724167e+00 2.730000e+00 3.968540e-03
2.730000e+00 2.735834e+00 2.741667e+00 3.888341e-03
2.741667e+00 2.747500e+00 2.753334e+00 3.809673e-03
2.753334e+00 2.759167e+00 2.765000e+00 3.732508e-03
2.765000e+00 2.770834e+00 2.776667e+00 3.656821e-03
2.776667e+00 2.782500e+00 2.788334e+00 3.582587e-03
2.788334e+00 2.794167e+00 2.800000e+00 3.509779e-03
2.800000e+00 2.805834e+00 2.811667e+00 3.438374e-03
2.811667e+00 2.817500e+00 2.823334e+00 3.368346e-03
2.823334e+00 2.829167e+00 2.835000e+00 3.299671e-03
2.835000e+00 2.840834e+00 2.846667e+00 3.232326e-03
2.846667e+00 2.852500e+00 2.858334e+00 3.166288e-03
2.858334e+00 2.864167e+00 2.870000e+00 3.101531e-03
2.870000e+00 2.875834e+00 2.881667e+00 3.038035e-03
2.881667e+00 2.887500e+00 2.893334e+00 2.975776e-03
2.893334e+00 2.899167e+00 2.905000e+00 2.914733e-03
2.905000e+00 2.910834e+00 2.916667e+00 2.854883e-03
2.916667e+00 2.922500e+00 2.928333e+00 2.796206e-03
2.928333e+00 2.934167e+00 2.940000e+00 2.738679e-03
2.940000e+00 2.945833e+00 2.951667e+00 2.682282e-03
2.951667e+00 2.957500e+00 2.963333e+00 2.626994e-03
2.963333e+00 2.969167e+00 2.975000e+00 2.572796e-03
2.975000e+00 2.980833e+00 2.986667e+00 2.519667e-03
2.986667e+00 2.992500e+00 2.998333e+00 2.467589e-03
2.998333e+00 3.004167e+00 3.010000e+00 2.416540e-03
3.010000e+00 3.015833e+00 3.021667e+00 2.366503e-03
3.021667e+00 3.027500e+00 3.033333e+00 2.317460e-03
3.033333e+00 3.039167e+00 3.045000e+00 2.269391e-03
3.045000e+00 3.050833e+00 3.056667e+00 2.222278e-03
3.056667e+00 3.062500e+00 3.068333e+00 2.176104e-03
3.068333e+00 3.074167e+00 3.080000e+00 2.130851e-03
3.080000e+00 3.085833e+00 3.091667e+00 2.086503e-03
3.091667e+00 3.097500e+00 3.103333e+00 2.043041e-03
3.103333e+00 3.109167e+00 3.115000e+00 2.000450e-03
3.115000e+00 3.120833e+00 3.126667e+00 1.958714e-03
3.126667e+00 3.132500e+00 3.138333e+00 1.917815e-03
3.138333e+00 3.144167e+00 3.150000e+00 1.877739e-03
3.150000e+00 3.155833e+00 3.161667e+00 1.838469e-03
3.161667e+00 3.167500e+00 3.173333e+00 1.799991e-03
3.173333e+00 3.179167e+00 3.185000e+00 1.762289e-03
3.185000e+00 3.190833e+00 3.196667e+00 1.725349e-03
3.196667e+00 3.202500e+00 3.208333e+00 1.689156e-03
3.208333e+00 3.214167e+00 3.220000e+00 1.653696e-03
3.220000e+00 3.225833e+00 3.231667e+00 1.618955e-03
3.231667e+00 3.237500e+00 3.243333e+00 1.584919e-03
3.243333e+00 3.249167e+00 3.255000e+00 1.551574e-03
3.255000e+00 3.260833e+00 3.266667e+00 1.518908e-03
3.266667e+00 3.272500e+00 3.278333e+00 1.486907e-03
3.278333e+00 3.284167e+00 3.290000e+00 1.455558e-03
3.290000e+00 3.295833e+00 3.301667e+00 1.424848e-03
3.301667e+00 3.307500e+00 3.313333e+00 1.394766e-03
3.313333e+00 3.319167e+00 3.325000e+00 1.365299e-03
3.325000e+00 3.330833e+00 3.336667e+00 1.336435e-03
3.336667e+00 3.342500e+00 3.348333e+00 1.308163e-03
3.348333e+00 3.354167e+00 3.360000e+00 1.280470e-03
3.360000e+00 3.365833e+00 3.371667e+00 1.253346e-03
3.371667e+00 3.377500e+00 3.383333e+00 1.226780e-03
3.383333e+00 3.389167e+00 3.395000e+00 1.200760e-03
3.395000e+00 3.400833e+00 3.406667e+00 1.175275e-03
3.406667e+00 3.412500e+00 3.418333e+00 1.150316e-03
3.418333e+00 3.424167e+00 3.430000e+00 1.125871e-03
3.430000e+00 3.435833e+00 3.441667e+00 1.101932e-03
3.441667e+00 3.447500e+00 3.453333e+00 1.078487e-03
3.453333e+00 3.459167e+00 3.465000e+00 1.055527e-03
3.465000e+00 3.470833e+00 3.476667e+00 1.033042e-03
3.476667e+00 3.482500e+00 3.488333e+00 1.011024e-03
3.488333e+00 3.494167e+00 3.500000e+00 9.894618e-04
