1.000000e-06 5.834332e-03 1.166766e-02 3.302424e-05
1.166766e-02 1.750099e-02 2.333433e-02 2.820389e-04
2.333433e-02 2.916766e-02 3.500099e-02 7.459830e-04
3.500099e-02 4.083432e-02 4.666765e-02 1.394678e-03
4.666765e-02 5.250099e-02 5.833432e-02 2.201766e-03
5.833432e-02 6.416765e-02 7.000098e-02 3.143916e-03
7.000098e-02 7.583431e-02 8.166764e-02 4.200344e-03
8.166764e-02 8.750097e-02 9.333431e-02 5.352464e-03
9.333431e-02 9.916764e-02 1.050010e-01 6.583618e-03
1.050010e-01 1.108343e-01 1.166676e-01 7.878863e-03
1.166676e-01 1.225010e-01 1.283343e-01 9.224784e-03
1.283343e-01 1.341676e-01 1.400010e-01 1.060934e-02
1.400010e-01 1.458343e-01 1.516676e-01 1.202174e-02
1.516676e-01 1.575010e-01 1.633343e-01 1.345231e-02
1.633343e-01 1.691676e-01 1.750009e-01 1.489238e-02
1.750009e-01 1.808343e-01 1.866676e-01 1.633422e-02
1.866676e-01 1.925009e-01 1.983343e-01 1.777095e-02
1.983343e-01 2.041676e-01 2.100009e-01 1.919644e-02
2.100009e-01 2.158343e-01 2.216676e-01 2.060525e-02
2.216676e-01 2.275009e-01 2.333343e-01 2.199259e-02
2.333343e-01 2.391676e-01 2.450009e-01 2.335426e-02
2.450009e-01 2.508343e-01 2.566676e-01 2.468657e-02
2.566676e-01 2.625009e-01 2.683343e-01 2.598632e-02
2.683343e-01 2.741676e-01 2.800009e-01 2.725075e-02
2.800009e-01 2.858343e-01 2.916676e-01 2.847749e-02
2.916676e-01 2.975009e-01 3.033342e-01 2.966456e-02
3.033342e-01 3.091676e-01 3.150009e-01 3.081029e-02
3.150009e-01 3.208342e-01 3.266676e-01 3.191332e-02
3.266676e-01 3.325009e-01 3.383342e-01 3.297257e-02
3.383342e-01 3.441676e-01 3.500009e-01 3.398721e-02
3.500009e-01 3.558342e-01 3.616676e-01 3.495662e-02
3.616676e-01 3.675009e-01 3.733342e-01 3.588040e-02
3.733342e-01 3.791676e-01 3.850009e-01 3.675833e-02
3.850009e-01 3.908342e-01 3.966676e-01 3.759036e-02
3.966676e-01 4.025009e-01 4.083342e-01 3.837659e-02
4.083342e-01 4.141675e-01 4.200009e-01 3.911725e-02
4.200009e-01 4.258342e-01 4.316675e-01 3.981270e-02
4.316675e-01 4.375009e-01 4.433342e-01 4.046339e-02
4.433342e-01 4.491675e-01 4.550009e-01 4.106988e-02
4.550009e-01 4.608342e-01 4.666675e-01 4.163282e-02
4.666675e-01 4.725009e-01 4.783342e-01 4.215292e-02
4.783342e-01 4.841675e-01 4.900009e-01 4.263097e-02
4.900009e-01 4.958342e-01 5.016675e-01 4.306780e-02
5.016675e-01 5.075009e-01 5.133342e-01 4.346430e-02
5.133342e-01 5.191675e-01 5.250008e-01 4.382140e-02
5.250008e-01 5.308342e-01 5.366675e-01 4.414007e-02
5.366675e-01 5.425008e-01 5.483342e-01 4.442130e-02
5.483342e-01 5.541675e-01 5.600008e-01 4.466611e-02
5.600008e-01 5.658342e-01 5.716675e-01 4.487554e-02
5.716675e-01 5.775008e-01 5.833342e-01 4.505064e-02
5.833342e-01 5.891675e-01 5.950008e-01 4.519248e-02
5.950008e-01 6.008342e-01 6.066675e-01 4.530211e-02
6.066675e-01 6.125008e-01 6.183342e-01 4.538062e-02
6.183342e-01 6.241675e-01 6.300008e-01 4.542907e-02
6.300008e-01 6.358342e-01 6.416675e-01 4.544854e-02
6.416675e-01 6.475008e-01 6.533341e-01 4.544009e-02
6.533341e-01 6.591675e-01 6.650008e-01 4.540476e-02
6.650008e-01 6.708341e-01 6.766675e-01 4.534361e-02
6.766675e-01 6.825008e-01 6.883341e-01 4.525768e-02
6.883341e-01 6.941675e-01 7.000008e-01 4.514797e-02
7.000008e-01 7.058341e-01 7.116675e-01 4.501551e-02
7.116675e-01 7.175008e-01 7.233341e-01 4.486127e-02
7.233341e-01 7.291675e-01 7.350008e-01 4.468623e-02
7.350008e-01 7.408341e-01 7.466675e-01 4.449134e-02
7.466675e-01 7.525008e-01 7.583341e-01 4.427755e-02
7.583341e-01 7.641674e-01 7.700008e-01 4.404577e-02
7.700008e-01 7.758341e-01 7.816674e-01 4.379689e-02
7.816674e-01 7.875008e-01 7.933341e-01 4.353178e-02
7.933341e-01 7.991674e-01 8.050008e-01 4.325132e-02
8.050008e-01 8.108341e-01 8.166674e-01 4.295632e-02
8.166674e-01 8.225008e-01 8.283341e-01 4.264760e-02
8.283341e-01 8.341674e-01 8.400008e-01 4.232594e-02
8.400008e-01 8.458341e-01 8.516674e-01 4.199212e-02
8.516674e-01 8.575008e-01 8.633341e-01 4.164689e-02
8.633341e-01 8.691674e-01 8.750007e-01 4.129096e-02
8.750007e-01 8.808341e-01 8.866674e-01 4.092504e-02
8.866674e-01 8.925007e-01 8.983341e-01 4.054981e-02
8.983341e-01 9.041674e-01 9.100007e-01 4.016592e-02
9.100007e-01 9.158341e-01 9.216674e-01 3.977403e-02
9.216674e-01 9.275007e-01 9.333341e-01 3.937473e-02
9.333341e-01 9.391674e-01 9.450007e-01 3.896863e-02
9.450007e-01 9.508341e-01 9.566674e-01 3.855631e-02
9.566674e-01 9.625007e-01 9.683341e-01 3.813831e-02
9.683341e-01 9.741674e-01 9.800007e-01 3.771518e-02
9.800007e-01 9.858341e-01 9.916674e-01 3.728742e-02
9.916674e-01 9.975007e-01 1.003334e+00 3.685554e-02
1.003334e+00 1.009167e+00 1.015001e+00 3.642001e-02
1.015001e+00 1.020834e+00 1.026667e+00 3.598129e-02
1.026667e+00 1.032501e+00 1.038334e+00 3.553983e-02
1.038334e+00 1.044167e+00 1.050001e+00 3.509604e-02
1.050001e+00 1.055834e+00 1.061667e+00 3.465032e-02
1.061667e+00 1.067501e+00 1.073334e+00 3.420308e-02
1.073334e+00 1.079167e+00 1.085001e+00 3.375467e-02
1.085001e+00 1.090834e+00 1.096667e+00 3.330546e-02
1.096667e+00 1.102501e+00 1.108334e+00 3.285579e-02
1.108334e+00 1.114167e+00 1.120001e+00 3.240599e-02
1.120001e+00 1.125834e+00 1.131667e+00 3.195635e-02
1.131667e+00 1.137501e+00 1.143334e+00 3.150718e-02
1.143334e+00 1.149167e+00 1.155001e+00 3.105876e-02
1.155001e+00 1.160834e+00 1.166667e+00 3.061137e-02
1.166667e+00 1.172501e+00 1.178334e+00 3.016524e-02
1.178334e+00 1.184167e+00 1.190001e+00 2.972063e-02
1.190001e+00 1.195834e+00 1.201667e+00 2.927777e-02
1.201667e+00 1.207501e+00 1.213334e+00 2.883687e-02
1.213334e+00 1.219167e+00 1.225001e+00 2.839815e-02
1.225001e+00 1.230834e+00 1.236667e+00 2.796178e-02
1.236667e+00 1.242501e+00 1.248334e+00 2.752797e-02
1.248334e+00 1.254167e+00 1.260001e+00 2.709688e-02
1.260001e+00 1.265834e+00 1.271667e+00 2.666867e-02
1.271667e+00 1.277501e+00 1.283334e+00 2.624351e-02
1.283334e+00 1.289167e+00 1.295001e+00 2.582152e-02
1.295001e+00 1.300834e+00 1.306667e+00 2.540286e-02
1.306667e+00 1.312501e+00 1.318334e+00 2.498764e-02
1.318334e+00 1.324167e+00 1.330001e+00 2.457598e-02
1.330001e+00 1.335834e+00 1.341667e+00 2.416799e-02
1.341667e+00 1.347501e+00 1.353334e+00 2.376377e-02
1.353334e+00 1.359167e+00 1.365001e+00 2.336342e-02
1.365001e+00 1.370834e+00 1.376667e+00 2.296702e-02
1.376667e+00 1.382501e+00 1.388334e+00 2.257466e-02
1.388334e+00 1.394167e+00 1.400001e+00 2.218640e-02
1.400001e+00 1.405834e+00 1.411667e+00 2.180231e-02
1.411667e+00 1.417501e+00 1.423334e+00 2.142245e-02
1.423334e+00 1.429167e+00 1.435001e+00 2.104687e-02
1.435001e+00 1.440834e+00 1.446667e+00 2.067563e-02
1.446667e+00 1.452501e+00 1.458334e+00 2.030877e-02
1.458334e+00 1.464167e+00 1.470001e+00 1.994632e-02
1.470001e+00 1.475834e+00 1.481667e+00 1.958832e-02
1.481667e+00 1.487501e+00 1.493334e+00 1.923479e-02
1.493334e+00 1.499167e+00 1.505001e+00 1.888576e-02
1.505001e+00 1.510834e+00 1.516667e+00 1.854125e-02
1.516667e+00 1.522501e+00 1.528334e+00 1.820127e-02
1.528334e+00 1.534167e+00 1.540001e+00 1.786583e-02
1.540001e+00 1.545834e+00 1.551667e+00 1.753495e-02
1.551667e+00 1.557501e+00 1.563334e+00 1.720861e-02
1.563334e+00 1.569167e+00 1.575001e+00 1.688683e-02
1.575001e+00 1.580834e+00 1.586667e+00 1.656961e-02
1.586667e+00 1.592501e+00 1.598334e+00 1.625692e-02
1.598334e+00 1.604167e+00 1.610001e+00 1.594877e-02
1.610001e+00 1.615834e+00 1.621667e+00 1.564515e-02
1.621667e+00 1.627501e+00 1.633334e+00 1.534603e-02
1.633334e+00 1.639167e+00 1.645001e+00 1.505140e-02
1.645001e+00 1.650834e+00 1.656667e+00 1.476124e-02
1.656667e+00 1.662501e+00 1.668334e+00 1.447554e-02
1.668334e+00 1.674167e+00 1.680001e+00 1.419426e-02
1.680001e+00 1.685834e+00 1.691667e+00 1.391738e-02
1.691667e+00 1.697501e+00 1.703334e+00 1.364487e-02
1.703334e+00 1.709167e+00 1.715001e+00 1.337670e-02
1.715001e+00 1.720834e+00 1.726667e+00 1.311285e-02
1.726667e+00 1.732501e+00 1.738334e+00 1.285327e-02
1.738334e+00 1.744167e+00 1.750000e+00 1.259795e-02
1.750000e+00 1.755834e+00 1.761667e+00 1.234683e-02
1.761667e+00 1.767500e+00 1.773334e+00 1.209988e-02
1.773334e+00 1.779167e+00 1.785000e+00 1.185707e-02
1.785000e+00 1.790834e+00 1.796667e+00 1.161836e-02
1.796667e+00 1.802500e+00 1.808334e+00 1.138370e-02
1.808334e+00 1.814167e+00 1.820000e+00 1.115307e-02
1.820000e+00 1.825834e+00 1.831667e+00 1.092640e-02
1.831667e+00 1.837500e+00 1.843334e+00 1.070367e-02
1.843334e+00 1.849167e+00 1.855000e+00 1.048483e-02
1.855000e+00 1.860834e+00 1.866667e+00 1.026983e-02
1.866667e+00 1.872500e+00 1.878334e+00 1.005864e-02
1.878334e+00 1.884167e+00 1.890000e+00 9.851203e-03
1.890000e+00 1.895834e+00 1.901667e+00 9.647480e-03
1.901667e+00 1.907500e+00 1.913334e+00 9.447423e-03
1.913334e+00 1.919167e+00 1.925000e+00 9.250988e-03
1.925000e+00 1.930834e+00 1.936667e+00 9.058129e-03
1.936667e+00 1.942500e+00 1.948334e+00 8.868799e-03
1.948334e+00 1.954167e+00 1.960000e+00 8.682951e-03
1.960000e+00 1.965834e+00 1.971667e+00 8.500540e-03
1.971667e+00 1.977500e+00 1.983334e+00 8.321518e-03
1.983334e+00 1.989167e+00 1.995000e+00 8.145839e-03
1.995000e+00 2.000834e+00 2.006667e+00 7.973456e-03
2.006667e+00 2.012500e+00 2.018334e+00 7.804323e-03
2.018334e+00 2.024167e+00 2.030000e+00 7.638392e-03
2.030000e+00 2.035834e+00 2.041667e+00 7.475618e-03
2.041667e+00 2.047500e+00 2.053334e+00 7.315954e-03
2.053334e+00 2.059167e+00 2.065000e+00 7.159353e-03
2.065000e+00 2.070834e+00 2.076667e+00 7.005769e-03
2.076667e+00 2.082500e+00 2.088334e+00 6.855157e-03
2.088334e+00 2.094167e+00 2.100000e+00 6.707470e-03
2.100000e+00 2.105834e+00 2.111667e+00 6.562663e-03
2.111667e+00 2.117500e+00 2.123334e+00 6.420692e-03
2.123334e+00 2.129167e+00 2.135000e+00 6.281510e-03
2.135000e+00 2.140834e+00 2.146667e+00 6.145074e-03
2.146667e+00 2.152500e+00 2.158334e+00 6.011338e-03
2.158334e+00 2.164167e+00 2.170000e+00 5.880260e-03
2.170000e+00 2.175834e+00 2.181667e+00 5.751795e-03
2.181667e+00 2.187500e+00 2.193334e+00 5.625900e-03
2.193334e+00 2.199167e+00 2.205000e+00 5.502532e-03
2.205000e+00 2.210834e+00 2.216667e+00 5.381649e-03
2.216667e+00 2.222500e+00 2.228334e+00 5.263208e-03
2.228334e+00 2.234167e+00 2.240000e+00 5.147168e-03
2.240000e+00 2.245834e+00 2.251667e+00 5.033487e-03
2.251667e+00 2.257500e+00 2.263334e+00 4.922125e-03
2.263334e+00 2.269167e+00 2.275000e+00 4.813041e-03
2.275000e+00 2.280834e+00 2.286667e+00 4.706196e-03
2.286667e+00 2.292500e+00 2.298334e+00 4.601549e-03
2.298334e+00 2.304167e+00 2.310000e+00 4.499062e-03
2.310000e+00 2.315834e+00 2.321667e+00 4.398695e-03
2.321667e+00 2.327500e+00 2.333334e+00 4.300412e-03
2.333334e+00 2.339167e+00 2.345000e+00 4.204173e-03
2.345000e+00 2.350834e+00 2.356667e+00 4.109943e-03
2.356667e+00 2.362500e+00 2.368334e+00 4.017684e-03
2.368334e+00 2.374167e+00 2.380000e+00 3.927360e-03
2.380000e+00 2.385834e+00 2.391667e+00 3.838935e-03
2.391667e+00 2.397500e+00 2.403334e+00 3.752374e-03
2.403334e+00 2.409167e+00 2.415000e+00 3.667642e-03
2.415000e+00 2.420834e+00 2.426667e+00 3.584705e-03
2.426667e+00 2.432500e+00 2.438334e+00 3.503529e-03
2.438334e+00 2.444167e+00 2.450000e+00 3.424080e-03
2.450000e+00 2.455834e+00 2.461667e+00 3.346326e-03
2.461667e+00 2.467500e+00 2.473334e+00 3.270235e-03
2.473334e+00 2.479167e+00 2.485000e+00 3.195774e-03
2.485000e+00 2.490834e+00 2.496667e+00 3.122912e-03
2.496667e+00 2.502500e+00 2.508334e+00 3.051618e-03
2.508334e+00 2.514167e+00 2.520000e+00 2.981861e-03
2.520000e+00 2.525834e+00 2.531667e+00 2.913612e-03
2.531667e+00 2.537500e+00 2.543334e+00 2.846842e-03
2.543334e+00 2.549167e+00 2.555000e+00 2.781520e-03
2.555000e+00 2.560834e+00 2.566667e+00 2.717618e-03
2.566667e+00 2.572500e+00 2.578334e+00 2.655109e-03
2.578334e+00 2.584167e+00 2.590000e+00 2.593964e-03
2.590000e+00 2.595834e+00 2.601667e+00 2.534157e-03
2.601667e+00 2.607500e+00 2.613334e+00 2.475660e-03
2.613334e+00 2.619167e+00 2.625000e+00 2.418447e-03
2.625000e+00 2.630834e+00 2.636667e+00 2.362492e-03
2.636667e+00 2.642500e+00 2.648334e+00 2.307771e-03
2.648334e+00 2.654167e+00 2.660000e+00 2.254257e-03
2.660000e+00 2.665834e+00 2.671667e+00 2.201926e-03
2.671667e+00 2.677500e+00 2.683334e+00 2.150755e-03
2.683334e+00 2.689167e+00 2.695000e+00 2.100719e-03
2.695000e+00 2.700834e+00 2.706667e+00 2.051795e-03
2.706667e+00 2.712500e+00 2.718334e+00 2.003960e-03
2.718334e+00 2.724167e+00 2.730000e+00 1.957191e-03
2.730000e+00 2.735834e+00 2.741667e+00 1.911467e-03
2.741667e+00 2.747500e+00 2.753334e+00 1.866766e-03
2.753334e+00 2.759167e+00 2.765000e+00 1.823067e-03
2.765000e+00 2.770834e+00 2.776667e+00 1.780348e-03
2.776667e+00 2.782500e+00 2.788334e+00 1.738589e-03
2.788334e+00 2.794167e+00 2.800000e+00 1.697769e-03
2.800000e+00 2.805834e+00 2.811667e+00 1.657870e-03
2.811667e+00 2.817500e+00 2.823334e+00 1.618872e-03
2.823334e+00 2.829167e+00 2.835000e+00 1.580755e-03
2.835000e+00 2.840834e+00 2.846667e+00 1.543501e-03
2.846667e+00 2.852500e+00 2.858334e+00 1.507092e-03
2.858334e+00 2.864167e+00 2.870000e+00 1.471509e-03
2.870000e+00 2.875834e+00 2.881667e+00 1.436735e-03
2.881667e+00 2.887500e+00 2.893334e+00 1.402753e-03
2.893334e+00 2.899167e+00 2.905000e+00 1.369546e-03
2.905000e+00 2.910834e+00 2.916667e+00 1.337096e-03
2.916667e+00 2.922500e+00 2.928333e+00 1.305388e-03
2.928333e+00 2.934167e+00 2.940000e+00 1.274405e-03
2.940000e+00 2.945833e+00 2.951667e+00 1.244133e-03
2.951667e+00 2.957500e+00 2.963333e+00 1.214555e-03
2.963333e+00 2.969167e+00 2.975000e+00 1.185656e-03
2.975000e+00 2.980833e+00 2.986667e+00 1.157422e-03
2.986667e+00 2.992500e+00 2.998333e+00 1.129838e-03
2.998333e+00 3.004167e+00 3.010000e+00 1.102890e-03
3.010000e+00 3.015833e+00 3.021667e+00 1.076564e-03
3.021667e+00 3.027500e+00 3.033333e+00 1.050847e-03
3.033333e+00 3.039167e+00 3.045000e+00 1.025724e-03
3.045000e+00 3.050833e+00 3.056667e+00 1.001183e-03
3.056667e+00 3.062500e+00 3.068333e+00 9.772115e-04
3.068333e+00 3.074167e+00 3.080000e+00 9.537961e-04
3.080000e+00 3.085833e+00 3.091667e+00 9.309249e-04
3.091667e+00 3.097500e+00 3.103333e+00 9.085858e-04
3.103333e+00 3.109167e+00 3.115000e+00 8.867669e-04
3.115000e+00 3.120833e+00 3.126667e+00 8.654566e-04
3.126667e+00 3.132500e+00 3.138333e+00 8.446437e-04
3.138333e+00 3.144167e+00 3.150000e+00 8.243171e-04
3.150000e+00 3.155833e+00 3.161667e+00 8.044657e-04
3.161667e+00 3.167500e+00 3.173333e+00 7.850791e-04
3.173333e+00 3.179167e+00 3.185000e+00 7.661467e-04
3.185000e+00 3.190833e+00 3.196667e+00 7.476585e-04
3.196667e+00 3.202500e+00 3.208333e+00 7.296043e-04
3.208333e+00 3.214167e+00 3.220000e+00 7.119744e-04
3.220000e+00 3.225833e+00 3.231667e+00 6.947592e-04
3.231667e+00 3.237500e+00 3.243333e+00 6.779493e-04
3.243333e+00 3.249167e+00 3.255000e+00 6.615357e-04
3.255000e+00 3.260833e+00 3.266667e+00 6.455092e-04
3.266667e+00 3.272500e+00 3.278333e+00 6.298612e-04
3.278333e+00 3.284167e+00 3.290000e+00 6.145829e-04
3.290000e+00 3.295833e+00 3.301667e+00 5.996660e-04
3.301667e+00 3.307500e+00 3.313333e+00 5.851023e-04
3.313333e+00 3.319167e+00 3.325000e+00 5.708837e-04
3.325000e+00 3.330833e+00 3.336667e+00 5.570023e-04
3.336667e+00 3.342500e+00 3.348333e+00 5.434503e-04
3.348333e+00 3.354167e+00 3.360000e+00 5.302203e-04
3.360000e+00 3.365833e+00 3.371667e+00 5.173049e-04
3.371667e+00 3.377500e+00 3.383333e+00 5.046968e-04
3.383333e+00 3.389167e+00 3.395000e+00 4.923889e-04
3.395000e+00 3.400833e+00 3.406667e+00 4.803744e-04
3.406667e+00 3.412500e+00 3.418333e+00 4.686465e-04
3.418333e+00 3.424167e+00 3.430000e+00 4.571986e-04
3.430000e+00 3.435833e+00 3.441667e+00 4.460241e-04
3.441667e+00 3.447500e+00 3.453333e+00 4.351169e-04
3.453333e+00 3.459167e+00 3.465000e+00 4.244706e-04
3.465000e+00 3.470833e+00 3.476667e+00 4.140792e-04
3.476667e+00 3.482500e+00 3.488333e+00 4.039369e-04
3.488333e+00 3.494167e+00 3.500000e+00 3.940378e-04
