1.000000e-06 5.834332e-03 1.166766e-02 3.301503e-05
1.166766e-02 1.750099e-02 2.333433e-02 2.820412e-04
2.333433e-02 2.916766e-02 3.500099e-02 7.464142e-04
3.500099e-02 4.083432e-02 4.666765e-02 1.396477e-03
4.666765e-02 5.250099e-02 5.833432e-02 2.206380e-03
5.833432e-02 6.416765e-02 7.000098e-02 3.153255e-03
7.000098e-02 7.583431e-02 8.166764e-02 4.216723e-03
8.166764e-02 8.750097e-02 9.333431e-02 5.378545e-03
9.333431e-02 9.916764e-02 1.050010e-01 6.622353e-03
1.050010e-01 1.108343e-01 1.166676e-01 7.933439e-03
1.166676e-01 1.225010e-01 1.283343e-01 9.298571e-03
1.283343e-01 1.341676e-01 1.400010e-01 1.070585e-02
1.400010e-01 1.458343e-01 1.516676e-01 1.214457e-02
1.516676e-01 1.575010e-01 1.633343e-01 1.360510e-02
1.633343e-01 1.691676e-01 1.750009e-01 1.507881e-02
1.750009e-01 1.808343e-01 1.866676e-01 1.655796e-02
1.866676e-01 1.925009e-01 1.983343e-01 1.803560e-02
1.983343e-01 2.041676e-01 2.100009e-01 1.950555e-02
2.100009e-01 2.158343e-01 2.216676e-01 2.096229e-02
2.216676e-01 2.275009e-01 2.333343e-01 2.240092e-02
2.333343e-01 2.391676e-01 2.450009e-01 2.381710e-02
2.450009e-01 2.508343e-01 2.566676e-01 2.520702e-02
2.566676e-01 2.625009e-01 2.683343e-01 2.656733e-02
2.683343e-01 2.741676e-01 2.800009e-01 2.789510e-02
2.800009e-01 2.858343e-01 2.916676e-01 2.918782e-02
2.916676e-01 2.975009e-01 3.033342e-01 3.044331e-02
3.033342e-01 3.091676e-01 3.150009e-01 3.165974e-02
3.150009e-01 3.208342e-01 3.266676e-01 3.283557e-02
3.266676e-01 3.325009e-01 3.383342e-01 3.396953e-02
3.383342e-01 3.441676e-01 3.500009e-01 3.506061e-02
3.500009e-01 3.558342e-01 3.616676e-01 3.610800e-02
3.616676e-01 3.675009e-01 3.733342e-01 3.711114e-02
3.733342e-01 3.791676e-01 3.850009e-01 3.806962e-02
3.850009e-01 3.908342e-01 3.966676e-01 3.898320e-02
3.966676e-01 4.025009e-01 4.083342e-01 3.985182e-02
4.083342e-01 4.141675e-01 4.200009e-01 4.067554e-02
4.200009e-01 4.258342e-01 4.316675e-01 4.145454e-02
4.316675e-01 4.375009e-01 4.433342e-01 4.218913e-02
4.433342e-01 4.491675e-01 4.550009e-01 4.287970e-02
4.550009e-01 4.608342e-01 4.666675e-01 4.352675e-02
4.666675e-01 4.725009e-01 4.783342e-01 4.413084e-02
4.783342e-01 4.841675e-01 4.900009e-01 4.469262e-02
4.900009e-01 4.958342e-01 5.016675e-01 4.521279e-02
5.016675e-01 5.075009e-01 5.133342e-01 4.569211e-02
5.133342e-01 5.191675e-01 5.250008e-01 4.613139e-02
5.250008e-01 5.308342e-01 5.366675e-01 4.653147e-02
5.366675e-01 5.425008e-01 5.483342e-01 4.689323e-02
5.483342e-01 5.541675e-01 5.600008e-01 4.721760e-02
5.600008e-01 5.658342e-01 5.716675e-01 4.750551e-02
5.716675e-01 5.775008e-01 5.833342e-01 4.775791e-02
5.833342e-01 5.891675e-01 5.950008e-01 4.797578e-02
5.950008e-01 6.008342e-01 6.066675e-01 4.816011e-02
6.066675e-01 6.125008e-01 6.183342e-01 4.831189e-02
6.183342e-01 6.241675e-01 6.300008e-01 4.843212e-02
6.300008e-01 6.358342e-01 6.416675e-01 4.852181e-02
6.416675e-01 6.475008e-01 6.533341e-01 4.858195e-02
6.533341e-01 6.591675e-01 6.650008e-01 4.861355e-02
6.650008e-01 6.708341e-01 6.766675e-01 4.861759e-02
6.766675e-01 6.825008e-01 6.883341e-01 4.859508e-02
6.883341e-01 6.941675e-01 7.000008e-01 4.854698e-02
7.000008e-01 7.058341e-01 7.116675e-01 4.847427e-02
7.116675e-01 7.175008e-01 7.233341e-01 4.837790e-02
7.233341e-01 7.291675e-01 7.350008e-01 4.825882e-02
7.350008e-01 7.408341e-01 7.466675e-01 4.811796e-02
7.466675e-01 7.525008e-01 7.583341e-01 4.795624e-02
7.583341e-01 7.641674e-01 7.700008e-01 4.777455e-02
7.700008e-01 7.758341e-01 7.816674e-01 4.757378e-02
7.816674e-01 7.875008e-01 7.933341e-01 4.735480e-02
7.933341e-01 7.991674e-01 8.050008e-01 4.711845e-02
8.050008e-01 8.108341e-01 8.166674e-01 4.686556e-02
8.166674e-01 8.225008e-01 8.283341e-01 4.659695e-02
8.283341e-01 8.341674e-01 8.400008e-01 4.631340e-02
8.400008e-01 8.458341e-01 8.516674e-01 4.601570e-02
8.516674e-01 8.575008e-01 8.633341e-01 4.570459e-02
8.633341e-01 8.691674e-01 8.750007e-01 4.538081e-02
8.750007e-01 8.808341e-01 8.866674e-01 4.504507e-02
8.866674e-01 8.925007e-01 8.983341e-01 4.469807e-02
8.983341e-01 9.041674e-01 9.100007e-01 4.434049e-02
9.100007e-01 9.158341e-01 9.216674e-01 4.397298e-02
9.216674e-01 9.275007e-01 9.333341e-01 4.359617e-02
9.333341e-01 9.391674e-01 9.450007e-01 4.321069e-02
9.450007e-01 9.508341e-01 9.566674e-01 4.281714e-02
9.566674e-01 9.625007e-01 9.683341e-01 4.241609e-02
9.683341e-01 9.741674e-01 9.800007e-01 4.200811e-02
9.800007e-01 9.858341e-01 9.916674e-01 4.159373e-02
9.916674e-01 9.975007e-01 1.003334e+00 4.117349e-02
1.003334e+00 1.009167e+00 1.015001e+00 4.074789e-02
1.015001e+00 1.020834e+00 1.026667e+00 4.031742e-02
1.026667e+00 1.032501e+00 1.038334e+00 3.988255e-02
1.038334e+00 1.044167e+00 1.050001e+00 3.944374e-02
1.050001e+00 1.055834e+00 1.061667e+00 3.900142e-02
1.061667e+00 1.067501e+00 1.073334e+00 3.855602e-02
1.073334e+00 1.079167e+00 1.085001e+00 3.810794e-02
1.085001e+00 1.090834e+00 1.096667e+00 3.765757e-02
1.096667e+00 1.102501e+00 1.108334e+00 3.720529e-02
1.108334e+00 1.114167e+00 1.120001e+00 3.675146e-02
1.120001e+00 1.125834e+00 1.131667e+00 3.629643e-02
1.131667e+00 1.137501e+00 1.143334e+00 3.584052e-02
1.143334e+00 1.149167e+00 1.155001e+00 3.538405e-02
1.155001e+00 1.160834e+00 1.166667e+00 3.492732e-02
1.166667e+00 1.172501e+00 1.178334e+00 3.447064e-02
1.178334e+00 1.184167e+00 1.190001e+00 3.401427e-02
1.190001e+00 1.195834e+00 1.201667e+00 3.355848e-02
1.201667e+00 1.207501e+00 1.213334e+00 3.310352e-02
1.213334e+00 1.219167e+00 1.225001e+00 3.264964e-02
1.225001e+00 1.230834e+00 1.236667e+00 3.219706e-02
1.236667e+00 1.242501e+00 1.248334e+00 3.174601e-02
1.248334e+00 1.254167e+00 1.260001e+00 3.129669e-02
1.260001e+00 1.265834e+00 1.271667e+00 3.084930e-02
1.271667e+00 1.277501e+00 1.283334e+00 3.040403e-02
1.283334e+00 1.289167e+00 1.295001e+00 2.996105e-02
1.295001e+00 1.300834e+00 1.306667e+00 2.952053e-02
1.306667e+00 1.312501e+00 1.318334e+00 2.908264e-02
1.318334e+00 1.324167e+00 1.330001e+00 2.864751e-02
1.330001e+00 1.335834e+00 1.341667e+00 2.821530e-02
1.341667e+00 1.347501e+00 1.353334e+00 2.778614e-02
1.353334e+00 1.359167e+00 1.365001e+00 2.736015e-02
1.365001e+00 1.370834e+00 1.376667e+00 2.693744e-02
1.376667e+00 1.382501e+00 1.388334e+00 2.651814e-02
1.388334e+00 1.394167e+00 1.400001e+00 2.610233e-02
1.400001e+00 1.405834e+00 1.411667e+00 2.569012e-02
1.411667e+00 1.417501e+00 1.423334e+00 2.528160e-02
1.423334e+00 1.429167e+00 1.435001e+00 2.487684e-02
1.435001e+00 1.440834e+00 1.446667e+00 2.447593e-02
1.446667e+00 1.452501e+00 1.458334e+00 2.407893e-02
1.458334e+00 1.464167e+00 1.470001e+00 2.368590e-02
1.470001e+00 1.475834e+00 1.481667e+00 2.329692e-02
1.481667e+00 1.487501e+00 1.493334e+00 2.291202e-02
1.493334e+00 1.499167e+00 1.505001e+00 2.253126e-02
1.505001e+00 1.510834e+00 1.516667e+00 2.215468e-02
1.516667e+00 1.522501e+00 1.528334e+00 2.178232e-02
1.528334e+00 1.534167e+00 1.540001e+00 2.141422e-02
1.540001e+00 1.545834e+00 1.551667e+00 2.105040e-02
1.551667e+00 1.557501e+00 1.563334e+00 2.069089e-02
1.563334e+00 1.569167e+00 1.575001e+00 2.033570e-02
1.575001e+00 1.580834e+00 1.586667e+00 1.998487e-02
1.586667e+00 1.592501e+00 1.598334e+00 1.963840e-02
1.598334e+00 1.604167e+00 1.610001e+00 1.929630e-02
1.610001e+00 1.615834e+00 1.621667e+00 1.895859e-02
1.621667e+00 1.627501e+00 1.633334e+00 1.862525e-02
1.633334e+00 1.639167e+00 1.645001e+00 1.829631e-02
1.645001e+00 1.650834e+00 1.656667e+00 1.797174e-02
1.656667e+00 1.662501e+00 1.668334e+00 1.765156e-02
1.668334e+00 1.674167e+00 1.680001e+00 1.733575e-02
1.680001e+00 1.685834e+00 1.691667e+00 1.702430e-02
1.691667e+00 1.697501e+00 1.703334e+00 1.671720e-02
1.703334e+00 1.709167e+00 1.715001e+00 1.641444e-02
1.715001e+00 1.720834e+00 1.726667e+00 1.611600e-02
1.726667e+00 1.732501e+00 1.738334e+00 1.582186e-02
1.738334e+00 1.744167e+00 1.750000e+00 1.553200e-02
1.750000e+00 1.755834e+00 1.761667e+00 1.524639e-02
1.761667e+00 1.767500e+00 1.773334e+00 1.496503e-02
1.773334e+00 1.779167e+00 1.785000e+00 1.468787e-02
1.785000e+00 1.790834e+00 1.796667e+00 1.441490e-02
1.796667e+00 1.802500e+00 1.808334e+00 1.414608e-02
1.808334e+00 1.814167e+00 1.820000e+00 1.388139e-02
1.820000e+00 1.825834e+00 1.831667e+00 1.362079e-02
1.831667e+00 1.837500e+00 1.843334e+00 1.336425e-02
1.843334e+00 1.849167e+00 1.855000e+00 1.311175e-02
1.855000e+00 1.860834e+00 1.866667e+00 1.286323e-02
1.866667e+00 1.872500e+00 1.878334e+00 1.261868e-02
1.878334e+00 1.884167e+00 1.890000e+00 1.237805e-02
1.890000e+00 1.895834e+00 1.901667e+00 1.214131e-02
1.901667e+00 1.907500e+00 1.913334e+00 1.190841e-02
1.913334e+00 1.919167e+00 1.925000e+00 1.167933e-02
1.925000e+00 1.930834e+00 1.936667e+00 1.145402e-02
1.936667e+00 1.942500e+00 1.948334e+00 1.123244e-02
1.948334e+00 1.954167e+00 1.960000e+00 1.101455e-02
1.960000e+00 1.965834e+00 1.971667e+00 1.080032e-02
1.971667e+00 1.977500e+00 1.983334e+00 1.058970e-02
1.983334e+00 1.989167e+00 1.995000e+00 1.038265e-02
1.995000e+00 2.000834e+00 2.006667e+00 1.017913e-02
2.006667e+00 2.012500e+00 2.018334e+00 9.979090e-03
2.018334e+00 2.024167e+00 2.030000e+00 9.782501e-03
2.030000e+00 2.035834e+00 2.041667e+00 9.589314e-03
2.041667e+00 2.047500e+00 2.053334e+00 9.399488e-03
2.053334e+00 2.059167e+00 2.065000e+00 9.212980e-03
2.065000e+00 2.070834e+00 2.076667e+00 9.029748e-03
2.076667e+00 2.082500e+00 2.088334e+00 8.849749e-03
2.088334e+00 2.094167e+00 2.100000e+00 8.672940e-03
2.100000e+00 2.105834e+00 2.111667e+00 8.499279e-03
2.111667e+00 2.117500e+00 2.123334e+00 8.328723e-03
2.123334e+00 2.129167e+00 2.135000e+00 8.161230e-03
2.135000e+00 2.140834e+00 2.146667e+00 7.996756e-03
2.146667e+00 2.152500e+00 2.158334e+00 7.835261e-03
2.158334e+00 2.164167e+00 2.170000e+00 7.676701e-03
2.170000e+00 2.175834e+00 2.181667e+00 7.521035e-03
2.181667e+00 2.187500e+00 2.193334e+00 7.368220e-03
2.193334e+00 2.199167e+00 2.205000e+00 7.218215e-03
2.205000e+00 2.210834e+00 2.216667e+00 7.070979e-03
2.216667e+00 2.222500e+00 2.228334e+00 6.926470e-03
2.228334e+00 2.234167e+00 2.240000e+00 6.784647e-03
2.240000e+00 2.245834e+00 2.251667e+00 6.645470e-03
2.251667e+00 2.257500e+00 2.263334e+00 6.508897e-03
2.263334e+00 2.269167e+00 2.275000e+00 6.374890e-03
2.275000e+00 2.280834e+00 2.286667e+00 6.243408e-03
2.286667e+00 2.292500e+00 2.298334e+00 6.114411e-03
2.298334e+00 2.304167e+00 2.310000e+00 5.987860e-03
2.310000e+00 2.315834e+00 2.321667e+00 5.863717e-03
2.321667e+00 2.327500e+00 2.333334e+00 5.741942e-03
2.333334e+00 2.339167e+00 2.345000e+00 5.622498e-03
2.345000e+00 2.350834e+00 2.356667e+00 5.505347e-03
2.356667e+00 2.362500e+00 2.368334e+00 5.390451e-03
2.368334e+00 2.374167e+00 2.380000e+00 5.277773e-03
2.380000e+00 2.385834e+00 2.391667e+00 5.167276e-03
2.391667e+00 2.397500e+00 2.403334e+00 5.058925e-03
2.403334e+00 2.409167e+00 2.415000e+00 4.952683e-03
2.415000e+00 2.420834e+00 2.426667e+00 4.848515e-03
2.426667e+00 2.432500e+00 2.438334e+00 4.746385e-03
2.438334e+00 2.444167e+00 2.450000e+00 4.646259e-03
2.450000e+00 2.455834e+00 2.461667e+00 4.548102e-03
2.461667e+00 2.467500e+00 2.473334e+00 4.451881e-03
2.473334e+00 2.479167e+00 2.485000e+00 4.357562e-03
2.485000e+00 2.490834e+00 2.496667e+00 4.265112e-03
2.496667e+00 2.502500e+00 2.508334e+00 4.174498e-03
2.508334e+00 2.514167e+00 2.520000e+00 4.085689e-03
2.520000e+00 2.525834e+00 2.531667e+00 3.998651e-03
2.531667e+00 2.537500e+00 2.543334e+00 3.913354e-03
2.543334e+00 2.549167e+00 2.555000e+00 3.829767e-03
2.555000e+00 2.560834e+00 2.566667e+00 3.747859e-03
2.566667e+00 2.572500e+00 2.578334e+00 3.667600e-03
2.578334e+00 2.584167e+00 2.590000e+00 3.588960e-03
2.590000e+00 2.595834e+00 2.601667e+00 3.511910e-03
2.601667e+00 2.607500e+00 2.613334e+00 3.436421e-03
2.613334e+00 2.619167e+00 2.625000e+00 3.362465e-03
2.625000e+00 2.630834e+00 2.636667e+00 3.290013e-03
2.636667e+00 2.642500e+00 2.648334e+00 3.219037e-03
2.648334e+00 2.654167e+00 2.660000e+00 3.149511e-03
2.660000e+00 2.665834e+00 2.671667e+00 3.081408e-03
2.671667e+00 2.677500e+00 2.683334e+00 3.014700e-03
2.683334e+00 2.689167e+00 2.695000e+00 2.949363e-03
2.695000e+00 2.700834e+00 2.706667e+00 2.885370e-03
2.706667e+00 2.712500e+00 2.718334e+00 2.822695e-03
2.718334e+00 2.724167e+00 2.730000e+00 2.761315e-03
2.730000e+00 2.735834e+00 2.741667e+00 2.701205e-03
2.741667e+00 2.747500e+00 2.753334e+00 2.642340e-03
2.753334e+00 2.759167e+00 2.765000e+00 2.584697e-03
2.765000e+00 2.770834e+00 2.776667e+00 2.528253e-03
2.776667e+00 2.782500e+00 2.788334e+00 2.472984e-03
2.788334e+00 2.794167e+00 2.800000e+00 2.418868e-03
2.800000e+00 2.805834e+00 2.811667e+00 2.365883e-03
2.811667e+00 2.817500e+00 2.823334e+00 2.314006e-03
2.823334e+00 2.829167e+00 2.835000e+00 2.263217e-03
2.835000e+00 2.840834e+00 2.846667e+00 2.213494e-03
2.846667e+00 2.852500e+00 2.858334e+00 2.164817e-03
2.858334e+00 2.864167e+00 2.870000e+00 2.117164e-03
2.870000e+00 2.875834e+00 2.881667e+00 2.070517e-03
2.881667e+00 2.887500e+00 2.893334e+00 2.024854e-03
2.893334e+00 2.899167e+00 2.905000e+00 1.980158e-03
2.905000e+00 2.910834e+00 2.916667e+00 1.936408e-03
2.916667e+00 2.922500e+00 2.928333e+00 1.893586e-03
2.928333e+00 2.934167e+00 2.940000e+00 1.851674e-03
2.940000e+00 2.945833e+00 2.951667e+00 1.810653e-03
2.951667e+00 2.957500e+00 2.963333e+00 1.770506e-03
2.963333e+00 2.969167e+00 2.975000e+00 1.731215e-03
2.975000e+00 2.980833e+00 2.986667e+00 1.692763e-03
2.986667e+00 2.992500e+00 2.998333e+00 1.655133e-03
2.998333e+00 3.004167e+00 3.010000e+00 1.618309e-03
3.010000e+00 3.015833e+00 3.021667e+00 1.582275e-03
3.021667e+00 3.027500e+00 3.033333e+00 1.547014e-03
3.033333e+00 3.039167e+00 3.045000e+00 1.512510e-03
3.045000e+00 3.050833e+00 3.056667e+00 1.478750e-03
3.056667e+00 3.062500e+00 3.068333e+00 1.445716e-03
3.068333e+00 3.074167e+00 3.080000e+00 1.413396e-03
3.080000e+00 3.085833e+00 3.091667e+00 1.381773e-03
3.091667e+00 3.097500e+00 3.103333e+00 1.350834e-03
3.103333e+00 3.109167e+00 3.115000e+00 1.320564e-03
3.115000e+00 3.120833e+00 3.126667e+00 1.290951e-03
3.126667e+00 3.132500e+00 3.138333e+00 1.261980e-03
3.138333e+00 3.144167e+00 3.150000e+00 1.233639e-03
3.150000e+00 3.155833e+00 3.161667e+00 1.205913e-03
3.161667e+00 3.167500e+00 3.173333e+00 1.178792e-03
3.173333e+00 3.179167e+00 3.185000e+00 1.152261e-03
3.185000e+00 3.190833e+00 3.196667e+00 1.126309e-03
3.196667e+00 3.202500e+00 3.208333e+00 1.100924e-03
3.208333e+00 3.214167e+00 3.220000e+00 1.076094e-03
3.220000e+00 3.225833e+00 3.231667e+00 1.051807e-03
3.231667e+00 3.237500e+00 3.243333e+00 1.028052e-03
3.243333e+00 3.249167e+00 3.255000e+00 1.004818e-03
3.255000e+00 3.260833e+00 3.266667e+00 9.820935e-04
3.266667e+00 3.272500e+00 3.278333e+00 9.598687e-04
3.278333e+00 3.284167e+00 3.290000e+00 9.381327e-04
3.290000e+00 3.295833e+00 3.301667e+00 9.168751e-04
3.301667e+00 3.307500e+00 3.313333e+00 8.960859e-04
3.313333e+00 3.319167e+00 3.325000e+00 8.757552e-04
3.325000e+00 3.330833e+00 3.336667e+00 8.558733e-04
3.336667e+00 3.342500e+00 3.348333e+00 8.364308e-04
3.348333e+00 3.354167e+00 3.360000e+00 8.174182e-04
3.360000e+00 3.365833e+00 3.371667e+00 7.988264e-04
3.371667e+00 3.377500e+00 3.383333e+00 7.806466e-04
3.383333e+00 3.389167e+00 3.395000e+00 7.628699e-04
3.395000e+00 3.400833e+00 3.406667e+00 7.454877e-04
3.406667e+00 3.412500e+00 3.418333e+00 7.284916e-04
3.418333e+00 3.424167e+00 3.430000e+00 7.118734e-04
3.430000e+00 3.435833e+00 3.441667e+00 6.956249e-04
3.441667e+00 3.447500e+00 3.453333e+00 6.797383e-04
3.453333e+00 3.459167e+00 3.465000e+00 6.642057e-04
3.465000e+00 3.470833e+00 3.476667e+00 6.490196e-04
3.476667e+00 3.482500e+00 3.488333e+00 6.341725e-04
3.488333e+00 3.494167e+00 3.500000e+00 6.196571e-04
