1.000000e-06 5.834332e-03 1.166766e-02 3.308284e-05
1.166766e-02 1.750099e-02 2.333433e-02 2.828250e-04
2.333433e-02 2.916766e-02 3.500099e-02 7.481425e-04
3.500099e-02 4.083432e-02 4.666765e-02 1.398214e-03
4.666765e-02 5.250099e-02 5.833432e-02 2.205871e-03
5.833432e-02 6.416765e-02 7.000098e-02 3.146945e-03
7.000098e-02 7.583431e-02 8.166764e-02 4.199845e-03
8.166764e-02 8.750097e-02 9.333431e-02 5.345239e-03
9.333431e-02 9.916764e-02 1.050010e-01 6.565805e-03
1.050010e-01 1.108343e-01 1.166676e-01 7.846018e-03
1.166676e-01 1.225010e-01 1.283343e-01 9.171968e-03
1.283343e-01 1.341676e-01 1.400010e-01 1.053121e-02
1.400010e-01 1.458343e-01 1.516676e-01 1.191262e-02
1.516676e-01 1.575010e-01 1.633343e-01 1.330626e-02
1.633343e-01 1.691676e-01 1.750009e-01 1.470331e-02
1.750009e-01 1.808343e-01 1.866676e-01 1.609593e-02
1.866676e-01 1.925009e-01 1.983343e-01 1.747716e-02
1.983343e-01 2.041676e-01 2.100009e-01 1.884089e-02
2.100009e-01 2.158343e-01 2.216676e-01 2.018176e-02
2.216676e-01 2.275009e-01 2.333343e-01 2.149506e-02
2.333343e-01 2.391676e-01 2.450009e-01 2.277673e-02
2.450009e-01 2.508343e-01 2.566676e-01 2.402326e-02
2.566676e-01 2.625009e-01 2.683343e-01 2.523165e-02
2.683343e-01 2.741676e-01 2.800009e-01 2.639939e-02
2.800009e-01 2.858343e-01 2.916676e-01 2.752435e-02
2.916676e-01 2.975009e-01 3.033342e-01 2.860484e-02
3.033342e-01 3.091676e-01 3.150009e-01 2.963946e-02
3.150009e-01 3.208342e-01 3.266676e-01 3.062718e-02
3.266676e-01 3.325009e-01 3.383342e-01 3.156720e-02
3.383342e-01 3.441676e-01 3.500009e-01 3.245902e-02
3.500009e-01 3.558342e-01 3.616676e-01 3.330235e-02
3.616676e-01 3.675009e-01 3.733342e-01 3.409710e-02
3.733342e-01 3.791676e-01 3.850009e-01 3.484340e-02
3.850009e-01 3.908342e-01 3.966676e-01 3.554151e-02
3.966676e-01 4.025009e-01 4.083342e-01 3.619185e-02
4.083342e-01 4.141675e-01 4.200009e-01 3.679496e-02
4.200009e-01 4.258342e-01 4.316675e-01 3.735153e-02
4.316675e-01 4.375009e-01 4.433342e-01 3.786231e-02
4.433342e-01 4.491675e-01 4.550009e-01 3.832816e-02
4.550009e-01 4.608342e-01 4.666675e-01 3.875002e-02
4.666675e-01 4.725009e-01 4.783342e-01 3.912888e-02
4.783342e-01 4.841675e-01 4.900009e-01 3.946580e-02
4.900009e-01 4.958342e-01 5.016675e-01 3.976187e-02
5.016675e-01 5.075009e-01 5.133342e-01 4.001824e-02
5.133342e-01 5.191675e-01 5.250008e-01 4.023609e-02
5.250008e-01 5.308342e-01 5.366675e-01 4.041660e-02
5.366675e-01 5.425008e-01 5.483342e-01 4.056100e-02
5.483342e-01 5.541675e-01 5.600008e-01 4.067051e-02
5.600008e-01 5.658342e-01 5.716675e-01 4.074637e-02
5.716675e-01 5.775008e-01 5.833342e-01 4.078981e-02
5.833342e-01 5.891675e-01 5.950008e-01 4.080207e-02
5.950008e-01 6.008342e-01 6.066675e-01 4.078439e-02
6.066675e-01 6.125008e-01 6.183342e-01 4.073800e-02
6.183342e-01 6.241675e-01 6.300008e-01 4.066410e-02
6.300008e-01 6.358342e-01 6.416675e-01 4.056390e-02
6.416675e-01 6.475008e-01 6.533341e-01 4.043859e-02
6.533341e-01 6.591675e-01 6.650008e-01 4.028933e-02
6.650008e-01 6.708341e-01 6.766675e-01 4.011727e-02
6.766675e-01 6.825008e-01 6.883341e-01 3.992354e-02
6.883341e-01 6.941675e-01 7.000008e-01 3.970923e-02
7.000008e-01 7.058341e-01 7.116675e-01 3.947544e-02
7.116675e-01 7.175008e-01 7.233341e-01 3.922322e-02
7.233341e-01 7.291675e-01 7.350008e-01 3.895360e-02
7.350008e-01 7.408341e-01 7.466675e-01 3.866757e-02
7.466675e-01 7.525008e-01 7.583341e-01 3.836613e-02
7.583341e-01 7.641674e-01 7.700008e-01 3.805022e-02
7.700008e-01 7.758341e-01 7.816674e-01 3.772076e-02
7.816674e-01 7.875008e-01 7.933341e-01 3.737864e-02
7.933341e-01 7.991674e-01 8.050008e-01 3.702475e-02
8.050008e-01 8.108341e-01 8.166674e-01 3.665991e-02
8.166674e-01 8.225008e-01 8.283341e-01 3.628494e-02
8.283341e-01 8.341674e-01 8.400008e-01 3.590062e-02
8.400008e-01 8.458341e-01 8.516674e-01 3.550771e-02
8.516674e-01 8.575008e-01 8.633341e-01 3.510695e-02
8.633341e-01 8.691674e-01 8.750007e-01 3.469903e-02
8.750007e-01 8.808341e-01 8.866674e-01 3.428464e-02
8.866674e-01 8.925007e-01 8.983341e-01 3.386443e-02
8.983341e-01 9.041674e-01 9.100007e-01 3.343902e-02
9.100007e-01 9.158341e-01 9.216674e-01 3.300901e-02
9.216674e-01 9.275007e-01 9.333341e-01 3.257498e-02
9.333341e-01 9.391674e-01 9.450007e-01 3.213749e-02
9.450007e-01 9.508341e-01 9.566674e-01 3.169707e-02
9.566674e-01 9.625007e-01 9.683341e-01 3.125421e-02
9.683341e-01 9.741674e-01 9.800007e-01 3.080941e-02
9.800007e-01 9.858341e-01 9.916674e-01 3.036312e-02
9.916674e-01 9.975007e-01 1.003334e+00 2.991579e-02
1.003334e+00 1.009167e+00 1.015001e+00 2.946783e-02
1.015001e+00 1.020834e+00 1.026667e+00 2.901964e-02
1.026667e+00 1.032501e+00 1.038334e+00 2.857161e-02
1.038334e+00 1.044167e+00 1.050001e+00 2.812410e-02
1.050001e+00 1.055834e+00 1.061667e+00 2.767744e-02
1.061667e+00 1.067501e+00 1.073334e+00 2.723196e-02
1.073334e+00 1.079167e+00 1.085001e+00 2.678797e-02
1.085001e+00 1.090834e+00 1.096667e+00 2.634575e-02
1.096667e+00 1.102501e+00 1.108334e+00 2.590559e-02
1.108334e+00 1.114167e+00 1.120001e+00 2.546774e-02
1.120001e+00 1.125834e+00 1.131667e+00 2.503243e-02
1.131667e+00 1.137501e+00 1.143334e+00 2.459990e-02
1.143334e+00 1.149167e+00 1.155001e+00 2.417037e-02
1.155001e+00 1.160834e+00 1.166667e+00 2.374403e-02
1.166667e+00 1.172501e+00 1.178334e+00 2.332107e-02
1.178334e+00 1.184167e+00 1.190001e+00 2.290166e-02
1.190001e+00 1.195834e+00 1.201667e+00 2.248597e-02
1.201667e+00 1.207501e+00 1.213334e+00 2.207414e-02
1.213334e+00 1.219167e+00 1.225001e+00 2.166632e-02
1.225001e+00 1.230834e+00 1.236667e+00 2.126264e-02
1.236667e+00 1.242501e+00 1.248334e+00 2.086321e-02
1.248334e+00 1.254167e+00 1.260001e+00 2.046813e-02
1.260001e+00 1.265834e+00 1.271667e+00 2.007752e-02
1.271667e+00 1.277501e+00 1.283334e+00 1.969145e-02
1.283334e+00 1.289167e+00 1.295001e+00 1.931002e-02
1.295001e+00 1.300834e+00 1.306667e+00 1.893328e-02
1.306667e+00 1.312501e+00 1.318334e+00 1.856131e-02
1.318334e+00 1.324167e+00 1.330001e+00 1.819417e-02
1.330001e+00 1.335834e+00 1.341667e+00 1.783190e-02
1.341667e+00 1.347501e+00 1.353334e+00 1.747454e-02
1.353334e+00 1.359167e+00 1.365001e+00 1.712214e-02
1.365001e+00 1.370834e+00 1.376667e+00 1.677472e-02
1.376667e+00 1.382501e+00 1.388334e+00 1.643230e-02
1.388334e+00 1.394167e+00 1.400001e+00 1.609491e-02
1.400001e+00 1.405834e+00 1.411667e+00 1.576256e-02
1.411667e+00 1.417501e+00 1.423334e+00 1.543525e-02
1.423334e+00 1.429167e+00 1.435001e+00 1.511299e-02
1.435001e+00 1.440834e+00 1.446667e+00 1.479577e-02
1.446667e+00 1.452501e+00 1.458334e+00 1.448360e-02
1.458334e+00 1.464167e+00 1.470001e+00 1.417646e-02
1.470001e+00 1.475834e+00 1.481667e+00 1.387433e-02
1.481667e+00 1.487501e+00 1.493334e+00 1.357720e-02
1.493334e+00 1.499167e+00 1.505001e+00 1.328505e-02
1.505001e+00 1.510834e+00 1.516667e+00 1.299786e-02
1.516667e+00 1.522501e+00 1.528334e+00 1.271559e-02
1.528334e+00 1.534167e+00 1.540001e+00 1.243822e-02
1.540001e+00 1.545834e+00 1.551667e+00 1.216572e-02
1.551667e+00 1.557501e+00 1.563334e+00 1.189804e-02
1.563334e+00 1.569167e+00 1.575001e+00 1.163516e-02
1.575001e+00 1.580834e+00 1.586667e+00 1.137703e-02
1.586667e+00 1.592501e+00 1.598334e+00 1.112361e-02
1.598334e+00 1.604167e+00 1.610001e+00 1.087486e-02
1.610001e+00 1.615834e+00 1.621667e+00 1.063073e-02
1.621667e+00 1.627501e+00 1.633334e+00 1.039117e-02
1.633334e+00 1.639167e+00 1.645001e+00 1.015615e-02
1.645001e+00 1.650834e+00 1.656667e+00 9.925601e-03
1.656667e+00 1.662501e+00 1.668334e+00 9.699482e-03
1.668334e+00 1.674167e+00 1.680001e+00 9.477738e-03
1.680001e+00 1.685834e+00 1.691667e+00 9.260319e-03
1.691667e+00 1.697501e+00 1.703334e+00 9.047169e-03
1.703334e+00 1.709167e+00 1.715001e+00 8.838235e-03
1.715001e+00 1.720834e+00 1.726667e+00 8.633461e-03
1.726667e+00 1.732501e+00 1.738334e+00 8.432793e-03
1.738334e+00 1.744167e+00 1.750000e+00 8.236173e-03
1.750000e+00 1.755834e+00 1.761667e+00 8.043546e-03
1.761667e+00 1.767500e+00 1.773334e+00 7.854854e-03
1.773334e+00 1.779167e+00 1.785000e+00 7.670040e-03
1.785000e+00 1.790834e+00 1.796667e+00 7.489047e-03
1.796667e+00 1.802500e+00 1.808334e+00 7.311817e-03
1.808334e+00 1.814167e+00 1.820000e+00 7.138293e-03
1.820000e+00 1.825834e+00 1.831667e+00 6.968416e-03
1.831667e+00 1.837500e+00 1.843334e+00 6.802130e-03
1.843334e+00 1.849167e+00 1.855000e+00 6.639376e-03
1.855000e+00 1.860834e+00 1.866667e+00 6.480097e-03
1.866667e+00 1.872500e+00 1.878334e+00 6.324236e-03
1.878334e+00 1.884167e+00 1.890000e+00 6.171735e-03
1.890000e+00 1.895834e+00 1.901667e+00 6.022538e-03
1.901667e+00 1.907500e+00 1.913334e+00 5.876588e-03
1.913334e+00 1.919167e+00 1.925000e+00 5.733828e-03
1.925000e+00 1.930834e+00 1.936667e+00 5.594204e-03
1.936667e+00 1.942500e+00 1.948334e+00 5.457658e-03
1.948334e+00 1.954167e+00 1.960000e+00 5.324137e-03
1.960000e+00 1.965834e+00 1.971667e+00 5.193585e-03
1.971667e+00 1.977500e+00 1.983334e+00 5.065948e-03
1.983334e+00 1.989167e+00 1.995000e+00 4.941173e-03
1.995000e+00 2.000834e+00 2.006667e+00 4.819206e-03
2.006667e+00 2.012500e+00 2.018334e+00 4.699994e-03
2.018334e+00 2.024167e+00 2.030000e+00 4.583486e-03
2.030000e+00 2.035834e+00 2.041667e+00 4.469630e-03
2.041667e+00 2.047500e+00 2.053334e+00 4.358374e-03
2.053334e+00 2.059167e+00 2.065000e+00 4.249668e-03
2.065000e+00 2.070834e+00 2.076667e+00 4.143463e-03
2.076667e+00 2.082500e+00 2.088334e+00 4.039709e-03
2.088334e+00 2.094167e+00 2.100000e+00 3.938358e-03
2.100000e+00 2.105834e+00 2.111667e+00 3.839361e-03
2.111667e+00 2.117500e+00 2.123334e+00 3.742672e-03
2.123334e+00 2.129167e+00 2.135000e+00 3.648243e-03
2.135000e+00 2.140834e+00 2.146667e+00 3.556029e-03
2.146667e+00 2.152500e+00 2.158334e+00 3.465984e-03
2.158334e+00 2.164167e+00 2.170000e+00 3.378063e-03
2.170000e+00 2.175834e+00 2.181667e+00 3.292223e-03
2.181667e+00 2.187500e+00 2.193334e+00 3.208420e-03
2.193334e+00 2.199167e+00 2.205000e+00 3.126612e-03
2.205000e+00 2.210834e+00 2.216667e+00 3.046755e-03
2.216667e+00 2.222500e+00 2.228334e+00 2.968810e-03
2.228334e+00 2.234167e+00 2.240000e+00 2.892735e-03
2.240000e+00 2.245834e+00 2.251667e+00 2.818489e-03
2.251667e+00 2.257500e+00 2.263334e+00 2.746035e-03
2.263334e+00 2.269167e+00 2.275000e+00 2.675332e-03
2.275000e+00 2.280834e+00 2.286667e+00 2.606343e-03
2.286667e+00 2.292500e+00 2.298334e+00 2.539031e-03
2.298334e+00 2.304167e+00 2.310000e+00 2.473359e-03
2.310000e+00 2.315834e+00 2.321667e+00 2.409289e-03
2.321667e+00 2.327500e+00 2.333334e+00 2.346788e-03
2.333334e+00 2.339167e+00 2.345000e+00 2.285821e-03
2.345000e+00 2.350834e+00 2.356667e+00 2.226352e-03
2.356667e+00 2.362500e+00 2.368334e+00 2.168348e-03
2.368334e+00 2.374167e+00 2.380000e+00 2.111778e-03
2.380000e+00 2.385834e+00 2.391667e+00 2.056607e-03
2.391667e+00 2.397500e+00 2.403334e+00 2.002804e-03
2.403334e+00 2.409167e+00 2.415000e+00 1.950339e-03
2.415000e+00 2.420834e+00 2.426667e+00 1.899180e-03
2.426667e+00 2.432500e+00 2.438334e+00 1.849299e-03
2.438334e+00 2.444167e+00 2.450000e+00 1.800664e-03
2.450000e+00 2.455834e+00 2.461667e+00 1.753248e-03
2.461667e+00 2.467500e+00 2.473334e+00 1.707023e-03
2.473334e+00 2.479167e+00 2.485000e+00 1.661960e-03
2.485000e+00 2.490834e+00 2.496667e+00 1.618033e-03
2.496667e+00 2.502500e+00 2.508334e+00 1.575214e-03
2.508334e+00 2.514167e+00 2.520000e+00 1.533479e-03
2.520000e+00 2.525834e+00 2.531667e+00 1.492802e-03
2.531667e+00 2.537500e+00 2.543334e+00 1.453156e-03
2.543334e+00 2.549167e+00 2.555000e+00 1.414520e-03
2.555000e+00 2.560834e+00 2.566667e+00 1.376867e-03
2.566667e+00 2.572500e+00 2.578334e+00 1.340175e-03
2.578334e+00 2.584167e+00 2.590000e+00 1.304421e-03
2.590000e+00 2.595834e+00 2.601667e+00 1.269582e-03
2.601667e+00 2.607500e+00 2.613334e+00 1.235637e-03
2.613334e+00 2.619167e+00 2.625000e+00 1.202563e-03
2.625000e+00 2.630834e+00 2.636667e+00 1.170341e-03
2.636667e+00 2.642500e+00 2.648334e+00 1.138949e-03
2.648334e+00 2.654167e+00 2.660000e+00 1.108367e-03
2.660000e+00 2.665834e+00 2.671667e+00 1.078575e-03
2.671667e+00 2.677500e+00 2.683334e+00 1.049554e-03
2.683334e+00 2.689167e+00 2.695000e+00 1.021286e-03
2.695000e+00 2.700834e+00 2.706667e+00 9.937520e-04
2.706667e+00 2.712500e+00 2.718334e+00 9.669336e-04
2.718334e+00 2.724167e+00 2.730000e+00 9.408135e-04
2.730000e+00 2.735834e+00 2.741667e+00 9.153745e-04
2.741667e+00 2.747500e+00 2.753334e+00 8.905997e-04
2.753334e+00 2.759167e+00 2.765000e+00 8.664726e-04
2.765000e+00 2.770834e+00 2.776667e+00 8.429773e-04
2.776667e+00 2.782500e+00 2.788334e+00 8.200979e-04
2.788334e+00 2.794167e+00 2.800000e+00 7.978192e-04
2.800000e+00 2.805834e+00 2.811667e+00 7.761261e-04
2.811667e+00 2.817500e+00 2.823334e+00 7.550039e-04
2.823334e+00 2.829167e+00 2.835000e+00 7.344384e-04
2.835000e+00 2.840834e+00 2.846667e+00 7.144156e-04
2.846667e+00 2.852500e+00 2.858334e+00 6.949218e-04
2.858334e+00 2.864167e+00 2.870000e+00 6.759436e-04
2.870000e+00 2.875834e+00 2.881667e+00 6.574680e-04
2.881667e+00 2.887500e+00 2.893334e+00 6.394824e-04
2.893334e+00 2.899167e+00 2.905000e+00 6.219743e-04
2.905000e+00 2.910834e+00 2.916667e+00 6.049315e-04
2.916667e+00 2.922500e+00 2.928333e+00 5.883422e-04
2.928333e+00 2.934167e+00 2.940000e+00 5.721948e-04
2.940000e+00 2.945833e+00 2.951667e+00 5.564781e-04
2.951667e+00 2.957500e+00 2.963333e+00 5.411810e-04
2.963333e+00 2.969167e+00 2.975000e+00 5.262929e-04
2.975000e+00 2.980833e+00 2.986667e+00 5.118031e-04
2.986667e+00 2.992500e+00 2.998333e+00 4.977015e-04
2.998333e+00 3.004167e+00 3.010000e+00 4.839780e-04
3.010000e+00 3.015833e+00 3.021667e+00 4.706229e-04
3.021667e+00 3.027500e+00 3.033333e+00 4.576267e-04
3.033333e+00 3.039167e+00 3.045000e+00 4.449801e-04
3.045000e+00 3.050833e+00 3.056667e+00 4.326741e-04
3.056667e+00 3.062500e+00 3.068333e+00 4.206998e-04
3.068333e+00 3.074167e+00 3.080000e+00 4.090485e-04
3.080000e+00 3.085833e+00 3.091667e+00 3.977119e-04
3.091667e+00 3.097500e+00 3.103333e+00 3.866818e-04
3.103333e+00 3.109167e+00 3.115000e+00 3.759502e-04
3.115000e+00 3.120833e+00 3.126667e+00 3.655093e-04
3.126667e+00 3.132500e+00 3.138333e+00 3.553514e-04
3.138333e+00 3.144167e+00 3.150000e+00 3.454692e-04
3.150000e+00 3.155833e+00 3.161667e+00 3.358554e-04
3.161667e+00 3.167500e+00 3.173333e+00 3.265030e-04
3.173333e+00 3.179167e+00 3.185000e+00 3.174051e-04
3.185000e+00 3.190833e+00 3.196667e+00 3.085550e-04
3.196667e+00 3.202500e+00 3.208333e+00 2.999461e-04
3.208333e+00 3.214167e+00 3.220000e+00 2.915721e-04
3.220000e+00 3.225833e+00 3.231667e+00 2.834267e-04
3.231667e+00 3.237500e+00 3.243333e+00 2.755040e-04
3.243333e+00 3.249167e+00 3.255000e+00 2.677980e-04
3.255000e+00 3.260833e+00 3.266667e+00 2.603029e-04
3.266667e+00 3.272500e+00 3.278333e+00 2.530132e-04
3.278333e+00 3.284167e+00 3.290000e+00 2.459234e-04
3.290000e+00 3.295833e+00 3.301667e+00 2.390282e-04
3.301667e+00 3.307500e+00 3.313333e+00 2.323223e-04
3.313333e+00 3.319167e+00 3.325000e+00 2.258008e-04
3.325000e+00 3.330833e+00 3.336667e+00 2.194587e-04
3.336667e+00 3.342500e+00 3.348333e+00 2.132912e-04
3.348333e+00 3.354167e+00 3.360000e+00 2.072936e-04
3.360000e+00 3.365833e+00 3.371667e+00 2.014613e-04
3.371667e+00 3.377500e+00 3.383333e+00 1.957900e-04
3.383333e+00 3.389167e+00 3.395000e+00 1.902753e-04
3.395000e+00 3.400833e+00 3.406667e+00 1.849130e-04
3.406667e+00 3.412500e+00 3.418333e+00 1.796990e-04
3.418333e+00 3.424167e+00 3.430000e+00 1.746293e-04
3.430000e+00 3.435833e+00 3.441667e+00 1.697000e-04
3.441667e+00 3.447500e+00 3.453333e+00 1.649073e-04
3.453333e+00 3.459167e+00 3.465000e+00 1.602475e-04
3.465000e+00 3.470833e+00 3.476667e+00 1.557171e-04
3.476667e+00 3.482500e+00 3.488333e+00 1.513124e-04
3.488333e+00 3.494167e+00 3.500000e+00 1.470302e-04
