1.000000e-06 5.834332e-03 1.166766e-02 3.302220e-05
1.166766e-02 1.750099e-02 2.333433e-02 2.823370e-04
2.333433e-02 2.916766e-02 3.500099e-02 7.479106e-04
3.500099e-02 4.083432e-02 4.666765e-02 1.400697e-03
4.666765e-02 5.250099e-02 5.833432e-02 2.215378e-03
5.833432e-02 6.416765e-02 7.000098e-02 3.169535e-03
7.000098e-02 7.583431e-02 8.166764e-02 4.243163e-03
8.166764e-02 8.750097e-02 9.333431e-02 5.418325e-03
9.333431e-02 9.916764e-02 1.050010e-01 6.678891e-03
1.050010e-01 1.108343e-01 1.166676e-01 8.010329e-03
1.166676e-01 1.225010e-01 1.283343e-01 9.399538e-03
1.283343e-01 1.341676e-01 1.400010e-01 1.083470e-02
1.400010e-01 1.458343e-01 1.516676e-01 1.230513e-02
1.516676e-01 1.575010e-01 1.633343e-01 1.380124e-02
1.633343e-01 1.691676e-01 1.750009e-01 1.531434e-02
1.750009e-01 1.808343e-01 1.866676e-01 1.683663e-02
1.866676e-01 1.925009e-01 1.983343e-01 1.836110e-02
1.983343e-01 2.041676e-01 2.100009e-01 1.988145e-02
2.100009e-01 2.158343e-01 2.216676e-01 2.139204e-02
2.216676e-01 2.275009e-01 2.333343e-01 2.288785e-02
2.333343e-01 2.391676e-01 2.450009e-01 2.436439e-02
2.450009e-01 2.508343e-01 2.566676e-01 2.581767e-02
2.566676e-01 2.625009e-01 2.683343e-01 2.724419e-02
2.683343e-01 2.741676e-01 2.800009e-01 2.864085e-02
2.800009e-01 2.858343e-01 2.916676e-01 3.000494e-02
2.916676e-01 2.975009e-01 3.033342e-01 3.133412e-02
3.033342e-01 3.091676e-01 3.150009e-01 3.262636e-02
3.150009e-01 3.208342e-01 3.266676e-01 3.387994e-02
3.266676e-01 3.325009e-01 3.383342e-01 3.509340e-02
3.383342e-01 3.441676e-01 3.500009e-01 3.626555e-02
3.500009e-01 3.558342e-01 3.616676e-01 3.739540e-02
3.616676e-01 3.675009e-01 3.733342e-01 3.848219e-02
3.733342e-01 3.791676e-01 3.850009e-01 3.952535e-02
3.850009e-01 3.908342e-01 3.966676e-01 4.052446e-02
3.966676e-01 4.025009e-01 4.083342e-01 4.147929e-02
4.083342e-01 4.141675e-01 4.200009e-01 4.238972e-02
4.200009e-01 4.258342e-01 4.316675e-01 4.325580e-02
4.316675e-01 4.375009e-01 4.433342e-01 4.407764e-02
4.433342e-01 4.491675e-01 4.550009e-01 4.485552e-02
4.550009e-01 4.608342e-01 4.666675e-01 4.558977e-02
4.666675e-01 4.725009e-01 4.783342e-01 4.628082e-02
4.783342e-01 4.841675e-01 4.900009e-01 4.692918e-02
4.900009e-01 4.958342e-01 5.016675e-01 4.753542e-02
5.016675e-01 5.075009e-01 5.133342e-01 4.810018e-02
5.133342e-01 5.191675e-01 5.250008e-01 4.862416e-02
5.250008e-01 5.308342e-01 5.366675e-01 4.910807e-02
5.366675e-01 5.425008e-01 5.483342e-01 4.955272e-02
5.483342e-01 5.541675e-01 5.600008e-01 4.995890e-02
5.600008e-01 5.658342e-01 5.716675e-01 5.032747e-02
5.716675e-01 5.775008e-01 5.833342e-01 5.065928e-02
5.833342e-01 5.891675e-01 5.950008e-01 5.095525e-02
5.950008e-01 6.008342e-01 6.066675e-01 5.121626e-02
6.066675e-01 6.125008e-01 6.183342e-01 5.144326e-02
6.183342e-01 6.241675e-01 6.300008e-01 5.163716e-02
6.300008e-01 6.358342e-01 6.416675e-01 5.179892e-02
6.416675e-01 6.475008e-01 6.533341e-01 5.192948e-02
6.533341e-01 6.591675e-01 6.650008e-01 5.202978e-02
6.650008e-01 6.708341e-01 6.766675e-01 5.210078e-02
6.766675e-01 6.825008e-01 6.883341e-01 5.214342e-02
6.883341e-01 6.941675e-01 7.000008e-01 5.215864e-02
7.000008e-01 7.058341e-01 7.116675e-01 5.214738e-02
7.116675e-01 7.175008e-01 7.233341e-01 5.211056e-02
7.233341e-01 7.291675e-01 7.350008e-01 5.204912e-02
7.350008e-01 7.408341e-01 7.466675e-01 5.196394e-02
7.466675e-01 7.525008e-01 7.583341e-01 5.185595e-02
7.583341e-01 7.641674e-01 7.700008e-01 5.172600e-02
7.700008e-01 7.758341e-01 7.816674e-01 5.157499e-02
7.816674e-01 7.875008e-01 7.933341e-01 5.140377e-02
7.933341e-01 7.991674e-01 8.050008e-01 5.121319e-02
8.050008e-01 8.108341e-01 8.166674e-01 5.100406e-02
8.166674e-01 8.225008e-01 8.283341e-01 5.077720e-02
8.283341e-01 8.341674e-01 8.400008e-01 5.053342e-02
8.400008e-01 8.458341e-01 8.516674e-01 5.027348e-02
8.516674e-01 8.575008e-01 8.633341e-01 4.999815e-02
8.633341e-01 8.691674e-01 8.750007e-01 4.970817e-02
8.750007e-01 8.808341e-01 8.866674e-01 4.940428e-02
8.866674e-01 8.925007e-01 8.983341e-01 4.908718e-02
8.983341e-01 9.041674e-01 9.100007e-01 4.875757e-02
9.100007e-01 9.158341e-01 9.216674e-01 4.841611e-02
9.216674e-01 9.275007e-01 9.333341e-01 4.806347e-02
9.333341e-01 9.391674e-01 9.450007e-01 4.770029e-02
9.450007e-01 9.508341e-01 9.566674e-01 4.732718e-02
9.566674e-01 9.625007e-01 9.683341e-01 4.694475e-02
9.683341e-01 9.741674e-01 9.800007e-01 4.655359e-02
9.800007e-01 9.858341e-01 9.916674e-01 4.615427e-02
9.916674e-01 9.975007e-01 1.003334e+00 4.574733e-02
1.003334e+00 1.009167e+00 1.015001e+00 4.533332e-02
1.015001e+00 1.020834e+00 1.026667e+00 4.491275e-02
1.026667e+00 1.032501e+00 1.038334e+00 4.448612e-02
1.038334e+00 1.044167e+00 1.050001e+00 4.405392e-02
1.050001e+00 1.055834e+00 1.061667e+00 4.361662e-02
1.061667e+00 1.067501e+00 1.073334e+00 4.317468e-02
1.073334e+00 1.079167e+00 1.085001e+00 4.272852e-02
1.085001e+00 1.090834e+00 1.096667e+00 4.227859e-02
1.096667e+00 1.102501e+00 1.108334e+00 4.182527e-02
1.108334e+00 1.114167e+00 1.120001e+00 4.136897e-02
1.120001e+00 1.125834e+00 1.131667e+00 4.091007e-02
1.131667e+00 1.137501e+00 1.143334e+00 4.044892e-02
1.143334e+00 1.149167e+00 1.155001e+00 3.998590e-02
1.155001e+00 1.160834e+00 1.166667e+00 3.952132e-02
1.166667e+00 1.172501e+00 1.178334e+00 3.905551e-02
1.178334e+00 1.184167e+00 1.190001e+00 3.858880e-02
1.190001e+00 1.195834e+00 1.201667e+00 3.812147e-02
1.201667e+00 1.207501e+00 1.213334e+00 3.765382e-02
1.213334e+00 1.219167e+00 1.225001e+00 3.718611e-02
1.225001e+00 1.230834e+00 1.236667e+00 3.671862e-02
1.236667e+00 1.242501e+00 1.248334e+00 3.625160e-02
1.248334e+00 1.254167e+00 1.260001e+00 3.578529e-02
1.260001e+00 1.265834e+00 1.271667e+00 3.531991e-02
1.271667e+00 1.277501e+00 1.283334e+00 3.485569e-02
1.283334e+00 1.289167e+00 1.295001e+00 3.439284e-02
1.295001e+00 1.300834e+00 1.306667e+00 3.393157e-02
1.306667e+00 1.312501e+00 1.318334e+00 3.347205e-02
1.318334e+00 1.324167e+00 1.330001e+00 3.301447e-02
1.330001e+00 1.335834e+00 1.341667e+00 3.255901e-02
1.341667e+00 1.347501e+00 1.353334e+00 3.210583e-02
1.353334e+00 1.359167e+00 1.365001e+00 3.165508e-02
1.365001e+00 1.370834e+00 1.376667e+00 3.120691e-02
1.376667e+00 1.382501e+00 1.388334e+00 3.076147e-02
1.388334e+00 1.394167e+00 1.400001e+00 3.031887e-02
1.400001e+00 1.405834e+00 1.411667e+00 2.987926e-02
1.411667e+00 1.417501e+00 1.423334e+00 2.944273e-02
1.423334e+00 1.429167e+00 1.435001e+00 2.900941e-02
1.435001e+00 1.440834e+00 1.446667e+00 2.857939e-02
1.446667e+00 1.452501e+00 1.458334e+00 2.815278e-02
1.458334e+00 1.464167e+00 1.470001e+00 2.772966e-02
1.470001e+00 1.475834e+00 1.481667e+00 2.731012e-02
1.481667e+00 1.487501e+00 1.493334e+00 2.689424e-02
1.493334e+00 1.499167e+00 1.505001e+00 2.648209e-02
1.505001e+00 1.510834e+00 1.516667e+00 2.607373e-02
1.516667e+00 1.522501e+00 1.528334e+00 2.566923e-02
1.528334e+00 1.534167e+00 1.540001e+00 2.526865e-02
1.540001e+00 1.545834e+00 1.551667e+00 2.487204e-02
1.551667e+00 1.557501e+00 1.563334e+00 2.447944e-02
1.563334e+00 1.569167e+00 1.575001e+00 2.409090e-02
1.575001e+00 1.580834e+00 1.586667e+00 2.370646e-02
1.586667e+00 1.592501e+00 1.598334e+00 2.332616e-02
1.598334e+00 1.604167e+00 1.610001e+00 2.295001e-02
1.610001e+00 1.615834e+00 1.621667e+00 2.257806e-02
1.621667e+00 1.627501e+00 1.633334e+00 2.221032e-02
1.633334e+00 1.639167e+00 1.645001e+00 2.184682e-02
1.645001e+00 1.650834e+00 1.656667e+00 2.148756e-02
1.656667e+00 1.662501e+00 1.668334e+00 2.113257e-02
1.668334e+00 1.674167e+00 1.680001e+00 2.078185e-02
1.680001e+00 1.685834e+00 1.691667e+00 2.043541e-02
1.691667e+00 1.697501e+00 1.703334e+00 2.009325e-02
1.703334e+00 1.709167e+00 1.715001e+00 1.975538e-02
1.715001e+00 1.720834e+00 1.726667e+00 1.942179e-02
1.726667e+00 1.732501e+00 1.738334e+00 1.909248e-02
1.738334e+00 1.744167e+00 1.750000e+00 1.876744e-02
1.750000e+00 1.755834e+00 1.761667e+00 1.844667e-02
1.761667e+00 1.767500e+00 1.773334e+00 1.813015e-02
1.773334e+00 1.779167e+00 1.785000e+00 1.781788e-02
1.785000e+00 1.790834e+00 1.796667e+00 1.750983e-02
1.796667e+00 1.802500e+00 1.808334e+00 1.720600e-02
1.808334e+00 1.814167e+00 1.820000e+00 1.690636e-02
1.820000e+00 1.825834e+00 1.831667e+00 1.661090e-02
1.831667e+00 1.837500e+00 1.843334e+00 1.631958e-02
1.843334e+00 1.849167e+00 1.855000e+00 1.603240e-02
1.855000e+00 1.860834e+00 1.866667e+00 1.574932e-02
1.866667e+00 1.872500e+00 1.878334e+00 1.547033e-02
1.878334e+00 1.884167e+00 1.890000e+00 1.519539e-02
1.890000e+00 1.895834e+00 1.901667e+00 1.492447e-02
1.901667e+00 1.907500e+00 1.913334e+00 1.465755e-02
1.913334e+00 1.919167e+00 1.925000e+00 1.439460e-02
1.925000e+00 1.930834e+00 1.936667e+00 1.413559e-02
1.936667e+00 1.942500e+00 1.948334e+00 1.388048e-02
1.948334e+00 1.954167e+00 1.960000e+00 1.362924e-02
1.960000e+00 1.965834e+00 1.971667e+00 1.338184e-02
1.971667e+00 1.977500e+00 1.983334e+00 1.313825e-02
1.983334e+00 1.989167e+00 1.995000e+00 1.289842e-02
1.995000e+00 2.000834e+00 2.006667e+00 1.266233e-02
2.006667e+00 2.012500e+00 2.018334e+00 1.242993e-02
2.018334e+00 2.024167e+00 2.030000e+00 1.220120e-02
2.030000e+00 2.035834e+00 2.041667e+00 1.197609e-02
2.041667e+00 2.047500e+00 2.053334e+00 1.175457e-02
2.053334e+00 2.059167e+00 2.065000e+00 1.153660e-02
2.065000e+00 2.070834e+00 2.076667e+00 1.132214e-02
2.076667e+00 2.082500e+00 2.088334e+00 1.111115e-02
2.088334e+00 2.094167e+00 2.100000e+00 1.090359e-02
2.100000e+00 2.105834e+00 2.111667e+00 1.069943e-02
2.111667e+00 2.117500e+00 2.123334e+00 1.049862e-02
2.123334e+00 2.129167e+00 2.135000e+00 1.030113e-02
2.135000e+00 2.140834e+00 2.146667e+00 1.010691e-02
2.146667e+00 2.152500e+00 2.158334e+00 9.915937e-03
2.158334e+00 2.164167e+00 2.170000e+00 9.728156e-03
2.170000e+00 2.175834e+00 2.181667e+00 9.543533e-03
2.181667e+00 2.187500e+00 2.193334e+00 9.362028e-03
2.193334e+00 2.199167e+00 2.205000e+00 9.183600e-03
2.205000e+00 2.210834e+00 2.216667e+00 9.008211e-03
2.216667e+00 2.222500e+00 2.228334e+00 8.835821e-03
2.228334e+00 2.234167e+00 2.240000e+00 8.666389e-03
2.240000e+00 2.245834e+00 2.251667e+00 8.499877e-03
2.251667e+00 2.257500e+00 2.263334e+00 8.336246e-03
2.263334e+00 2.269167e+00 2.275000e+00 8.175455e-03
2.275000e+00 2.280834e+00 2.286667e+00 8.017467e-03
2.286667e+00 2.292500e+00 2.298334e+00 7.862241e-03
2.298334e+00 2.304167e+00 2.310000e+00 7.709740e-03
2.310000e+00 2.315834e+00 2.321667e+00 7.559925e-03
2.321667e+00 2.327500e+00 2.333334e+00 7.412757e-03
2.333334e+00 2.339167e+00 2.345000e+00 7.268198e-03
2.345000e+00 2.350834e+00 2.356667e+00 7.126211e-03
2.356667e+00 2.362500e+00 2.368334e+00 6.986758e-03
2.368334e+00 2.374167e+00 2.380000e+00 6.849801e-03
2.380000e+00 2.385834e+00 2.391667e+00 6.715304e-03
2.391667e+00 2.397500e+00 2.403334e+00 6.583230e-03
2.403334e+00 2.409167e+00 2.415000e+00 6.453542e-03
2.415000e+00 2.420834e+00 2.426667e+00 6.326204e-03
2.426667e+00 2.432500e+00 2.438334e+00 6.201180e-03
2.438334e+00 2.444167e+00 2.450000e+00 6.078435e-03
2.450000e+00 2.455834e+00 2.461667e+00 5.957933e-03
2.461667e+00 2.467500e+00 2.473334e+00 5.839640e-03
2.473334e+00 2.479167e+00 2.485000e+00 5.723520e-03
2.485000e+00 2.490834e+00 2.496667e+00 5.609540e-03
2.496667e+00 2.502500e+00 2.508334e+00 5.497666e-03
2.508334e+00 2.514167e+00 2.520000e+00 5.387863e-03
2.520000e+00 2.525834e+00 2.531667e+00 5.280100e-03
2.531667e+00 2.537500e+00 2.543334e+00 5.174342e-03
2.543334e+00 2.549167e+00 2.555000e+00 5.070558e-03
2.555000e+00 2.560834e+00 2.566667e+00 4.968716e-03
2.566667e+00 2.572500e+00 2.578334e+00 4.868783e-03
2.578334e+00 2.584167e+00 2.590000e+00 4.770728e-03
2.590000e+00 2.595834e+00 2.601667e+00 4.674520e-03
2.601667e+00 2.607500e+00 2.613334e+00 4.580128e-03
2.613334e+00 2.619167e+00 2.625000e+00 4.487523e-03
2.625000e+00 2.630834e+00 2.636667e+00 4.396674e-03
2.636667e+00 2.642500e+00 2.648334e+00 4.307552e-03
2.648334e+00 2.654167e+00 2.660000e+00 4.220127e-03
2.660000e+00 2.665834e+00 2.671667e+00 4.134370e-03
2.671667e+00 2.677500e+00 2.683334e+00 4.050254e-03
2.683334e+00 2.689167e+00 2.695000e+00 3.967750e-03
2.695000e+00 2.700834e+00 2.706667e+00 3.886830e-03
2.706667e+00 2.712500e+00 2.718334e+00 3.807467e-03
2.718334e+00 2.724167e+00 2.730000e+00 3.729634e-03
2.730000e+00 2.735834e+00 2.741667e+00 3.653305e-03
2.741667e+00 2.747500e+00 2.753334e+00 3.578453e-03
2.753334e+00 2.759167e+00 2.765000e+00 3.505052e-03
2.765000e+00 2.770834e+00 2.776667e+00 3.433077e-03
2.776667e+00 2.782500e+00 2.788334e+00 3.362502e-03
2.788334e+00 2.794167e+00 2.800000e+00 3.293304e-03
2.800000e+00 2.805834e+00 2.811667e+00 3.225457e-03
2.811667e+00 2.817500e+00 2.823334e+00 3.158937e-03
2.823334e+00 2.829167e+00 2.835000e+00 3.093721e-03
2.835000e+00 2.840834e+00 2.846667e+00 3.029785e-03
2.846667e+00 2.852500e+00 2.858334e+00 2.967106e-03
2.858334e+00 2.864167e+00 2.870000e+00 2.905662e-03
2.870000e+00 2.875834e+00 2.881667e+00 2.845430e-03
2.881667e+00 2.887500e+00 2.893334e+00 2.786388e-03
2.893334e+00 2.899167e+00 2.905000e+00 2.728515e-03
2.905000e+00 2.910834e+00 2.916667e+00 2.671788e-03
2.916667e+00 2.922500e+00 2.928333e+00 2.616188e-03
2.928333e+00 2.934167e+00 2.940000e+00 2.561694e-03
2.940000e+00 2.945833e+00 2.951667e+00 2.508284e-03
2.951667e+00 2.957500e+00 2.963333e+00 2.455940e-03
2.963333e+00 2.969167e+00 2.975000e+00 2.404641e-03
2.975000e+00 2.980833e+00 2.986667e+00 2.354368e-03
2.986667e+00 2.992500e+00 2.998333e+00 2.305102e-03
2.998333e+00 3.004167e+00 3.010000e+00 2.256825e-03
3.010000e+00 3.015833e+00 3.021667e+00 2.209516e-03
3.021667e+00 3.027500e+00 3.033333e+00 2.163160e-03
3.033333e+00 3.039167e+00 3.045000e+00 2.117737e-03
3.045000e+00 3.050833e+00 3.056667e+00 2.073230e-03
3.056667e+00 3.062500e+00 3.068333e+00 2.029621e-03
3.068333e+00 3.074167e+00 3.080000e+00 1.986895e-03
3.080000e+00 3.085833e+00 3.091667e+00 1.945033e-03
3.091667e+00 3.097500e+00 3.103333e+00 1.904020e-03
3.103333e+00 3.109167e+00 3.115000e+00 1.863840e-03
3.115000e+00 3.120833e+00 3.126667e+00 1.824476e-03
3.126667e+00 3.132500e+00 3.138333e+00 1.785913e-03
3.138333e+00 3.144167e+00 3.150000e+00 1.748136e-03
3.150000e+00 3.155833e+00 3.161667e+00 1.711129e-03
3.161667e+00 3.167500e+00 3.173333e+00 1.674878e-03
3.173333e+00 3.179167e+00 3.185000e+00 1.639368e-03
3.185000e+00 3.190833e+00 3.196667e+00 1.604585e-03
3.196667e+00 3.202500e+00 3.208333e+00 1.570515e-03
3.208333e+00 3.214167e+00 3.220000e+00 1.537144e-03
3.220000e+00 3.225833e+00 3.231667e+00 1.504458e-03
3.231667e+00 3.237500e+00 3.243333e+00 1.472444e-03
3.243333e+00 3.249167e+00 3.255000e+00 1.441089e-03
3.255000e+00 3.260833e+00 3.266667e+00 1.410380e-03
3.266667e+00 3.272500e+00 3.278333e+00 1.380304e-03
3.278333e+00 3.284167e+00 3.290000e+00 1.350850e-03
3.290000e+00 3.295833e+00 3.301667e+00 1.322004e-03
3.301667e+00 3.307500e+00 3.313333e+00 1.293755e-03
3.313333e+00 3.319167e+00 3.325000e+00 1.266091e-03
3.325000e+00 3.330833e+00 3.336667e+00 1.239001e-03
3.336667e+00 3.342500e+00 3.348333e+00 1.212473e-03
3.348333e+00 3.354167e+00 3.360000e+00 1.186497e-03
3.360000e+00 3.365833e+00 3.371667e+00 1.161060e-03
3.371667e+00 3.377500e+00 3.383333e+00 1.136153e-03
3.383333e+00 3.389167e+00 3.395000e+00 1.111764e-03
3.395000e+00 3.400833e+00 3.406667e+00 1.087885e-03
3.406667e+00 3.412500e+00 3.418333e+00 1.064503e-03
3.418333e+00 3.424167e+00 3.430000e+00 1.041611e-03
3.430000e+00 3.435833e+00 3.441667e+00 1.019196e-03
3.441667e+00 3.447500e+00 3.453333e+00 9.972515e-04
3.453333e+00 3.459167e+00 3.465000e+00 9.757663e-04
3.465000e+00 3.470833e+00 3.476667e+00 9.547316e-04
3.476667e+00 3.482500e+00 3.488333e+00 9.341383e-04
3.488333e+00 3.494167e+00 3.500000e+00 9.139775e-04
