1.000000e-06 5.834332e-03 1.166766e-02 3.303513e-05
1.166766e-02 1.750099e-02 2.333433e-02 2.821540e-04
2.333433e-02 2.916766e-02 3.500099e-02 7.461958e-04
3.500099e-02 4.083432e-02 4.666765e-02 1.394762e-03
4.666765e-02 5.250099e-02 5.833432e-02 2.201253e-03
5.833432e-02 6.416765e-02 7.000098e-02 3.142108e-03
7.000098e-02 7.583431e-02 8.166764e-02 4.196326e-03
8.166764e-02 8.750097e-02 9.333431e-02 5.345130e-03
9.333431e-02 9.916764e-02 1.050010e-01 6.571699e-03
1.050010e-01 1.108343e-01 1.166676e-01 7.860947e-03
1.166676e-01 1.225010e-01 1.283343e-01 9.199347e-03
1.283343e-01 1.341676e-01 1.400010e-01 1.057477e-02
1.400010e-01 1.458343e-01 1.516676e-01 1.197635e-02
1.516676e-01 1.575010e-01 1.633343e-01 1.339436e-02
1.633343e-01 1.691676e-01 1.750009e-01 1.482011e-02
1.750009e-01 1.808343e-01 1.866676e-01 1.624586e-02
1.866676e-01 1.925009e-01 1.983343e-01 1.766473e-02
1.983343e-01 2.041676e-01 2.100009e-01 1.907060e-02
2.100009e-01 2.158343e-01 2.216676e-01 2.045807e-02
2.216676e-01 2.275009e-01 2.333343e-01 2.182239e-02
2.333343e-01 2.391676e-01 2.450009e-01 2.315941e-02
2.450009e-01 2.508343e-01 2.566676e-01 2.446549e-02
2.566676e-01 2.625009e-01 2.683343e-01 2.573750e-02
2.683343e-01 2.741676e-01 2.800009e-01 2.697275e-02
2.800009e-01 2.858343e-01 2.916676e-01 2.816897e-02
2.916676e-01 2.975009e-01 3.033342e-01 2.932423e-02
3.033342e-01 3.091676e-01 3.150009e-01 3.043695e-02
3.150009e-01 3.208342e-01 3.266676e-01 3.150588e-02
3.266676e-01 3.325009e-01 3.383342e-01 3.253000e-02
3.383342e-01 3.441676e-01 3.500009e-01 3.350857e-02
3.500009e-01 3.558342e-01 3.616676e-01 3.444109e-02
3.616676e-01 3.675009e-01 3.733342e-01 3.532722e-02
3.733342e-01 3.791676e-01 3.850009e-01 3.616684e-02
3.850009e-01 3.908342e-01 3.966676e-01 3.696000e-02
3.966676e-01 4.025009e-01 4.083342e-01 3.770687e-02
4.083342e-01 4.141675e-01 4.200009e-01 3.840778e-02
4.200009e-01 4.258342e-01 4.316675e-01 3.906316e-02
4.316675e-01 4.375009e-01 4.433342e-01 3.967356e-02
4.433342e-01 4.491675e-01 4.550009e-01 4.023962e-02
4.550009e-01 4.608342e-01 4.666675e-01 4.076205e-02
4.666675e-01 4.725009e-01 4.783342e-01 4.124165e-02
4.783342e-01 4.841675e-01 4.900009e-01 4.167928e-02
4.900009e-01 4.958342e-01 5.016675e-01 4.207584e-02
5.016675e-01 5.075009e-01 5.133342e-01 4.243228e-02
5.133342e-01 5.191675e-01 5.250008e-01 4.274961e-02
5.250008e-01 5.308342e-01 5.366675e-01 4.302885e-02
5.366675e-01 5.425008e-01 5.483342e-01 4.327105e-02
5.483342e-01 5.541675e-01 5.600008e-01 4.347729e-02
5.600008e-01 5.658342e-01 5.716675e-01 4.364865e-02
5.716675e-01 5.775008e-01 5.833342e-01 4.378625e-02
5.833342e-01 5.891675e-01 5.950008e-01 4.389118e-02
5.950008e-01 6.008342e-01 6.066675e-01 4.396456e-02
6.066675e-01 6.125008e-01 6.183342e-01 4.400750e-02
6.183342e-01 6.241675e-01 6.300008e-01 4.402111e-02
6.300008e-01 6.358342e-01 6.416675e-01 4.400649e-02
6.416675e-01 6.475008e-01 6.533341e-01 4.396475e-02
6.533341e-01 6.591675e-01 6.650008e-01 4.389696e-02
6.650008e-01 6.708341e-01 6.766675e-01 4.380419e-02
6.766675e-01 6.825008e-01 6.883341e-01 4.368751e-02
6.883341e-01 6.941675e-01 7.000008e-01 4.354796e-02
7.000008e-01 7.058341e-01 7.116675e-01 4.338656e-02
7.116675e-01 7.175008e-01 7.233341e-01 4.320432e-02
7.233341e-01 7.291675e-01 7.350008e-01 4.300223e-02
7.350008e-01 7.408341e-01 7.466675e-01 4.278125e-02
7.466675e-01 7.525008e-01 7.583341e-01 4.254234e-02
7.583341e-01 7.641674e-01 7.700008e-01 4.228641e-02
7.700008e-01 7.758341e-01 7.816674e-01 4.201438e-02
7.816674e-01 7.875008e-01 7.933341e-01 4.172712e-02
7.933341e-01 7.991674e-01 8.050008e-01 4.142548e-02
8.050008e-01 8.108341e-01 8.166674e-01 4.111031e-02
8.166674e-01 8.225008e-01 8.283341e-01 4.078242e-02
8.283341e-01 8.341674e-01 8.400008e-01 4.044259e-02
8.400008e-01 8.458341e-01 8.516674e-01 4.009159e-02
8.516674e-01 8.575008e-01 8.633341e-01 3.973016e-02
8.633341e-01 8.691674e-01 8.750007e-01 3.935902e-02
8.750007e-01 8.808341e-01 8.866674e-01 3.897887e-02
8.866674e-01 8.925007e-01 8.983341e-01 3.859038e-02
8.983341e-01 9.041674e-01 9.100007e-01 3.819420e-02
9.100007e-01 9.158341e-01 9.216674e-01 3.779095e-02
9.216674e-01 9.275007e-01 9.333341e-01 3.738125e-02
9.333341e-01 9.391674e-01 9.450007e-01 3.696568e-02
9.450007e-01 9.508341e-01 9.566674e-01 3.654480e-02
9.566674e-01 9.625007e-01 9.683341e-01 3.611915e-02
9.683341e-01 9.741674e-01 9.800007e-01 3.568925e-02
9.800007e-01 9.858341e-01 9.916674e-01 3.525562e-02
9.916674e-01 9.975007e-01 1.003334e+00 3.481871e-02
1.003334e+00 1.009167e+00 1.015001e+00 3.437901e-02
1.015001e+00 1.020834e+00 1.026667e+00 3.393695e-02
1.026667e+00 1.032501e+00 1.038334e+00 3.349295e-02
1.038334e+00 1.044167e+00 1.050001e+00 3.304743e-02
1.050001e+00 1.055834e+00 1.061667e+00 3.260076e-02
1.061667e+00 1.067501e+00 1.073334e+00 3.215333e-02
1.073334e+00 1.079167e+00 1.085001e+00 3.170549e-02
1.085001e+00 1.090834e+00 1.096667e+00 3.125757e-02
1.096667e+00 1.102501e+00 1.108334e+00 3.080990e-02
1.108334e+00 1.114167e+00 1.120001e+00 3.036278e-02
1.120001e+00 1.125834e+00 1.131667e+00 2.991651e-02
1.131667e+00 1.137501e+00 1.143334e+00 2.947137e-02
1.143334e+00 1.149167e+00 1.155001e+00 2.902761e-02
1.155001e+00 1.160834e+00 1.166667e+00 2.858550e-02
1.166667e+00 1.172501e+00 1.178334e+00 2.814526e-02
1.178334e+00 1.184167e+00 1.190001e+00 2.770711e-02
1.190001e+00 1.195834e+00 1.201667e+00 2.727128e-02
1.201667e+00 1.207501e+00 1.213334e+00 2.683796e-02
1.213334e+00 1.219167e+00 1.225001e+00 2.640734e-02
1.225001e+00 1.230834e+00 1.236667e+00 2.597959e-02
1.236667e+00 1.242501e+00 1.248334e+00 2.555489e-02
1.248334e+00 1.254167e+00 1.260001e+00 2.513338e-02
1.260001e+00 1.265834e+00 1.271667e+00 2.471521e-02
1.271667e+00 1.277501e+00 1.283334e+00 2.430053e-02
1.283334e+00 1.289167e+00 1.295001e+00 2.388945e-02
1.295001e+00 1.300834e+00 1.306667e+00 2.348209e-02
1.306667e+00 1.312501e+00 1.318334e+00 2.307857e-02
1.318334e+00 1.324167e+00 1.330001e+00 2.267899e-02
1.330001e+00 1.335834e+00 1.341667e+00 2.228342e-02
1.341667e+00 1.347501e+00 1.353334e+00 2.189198e-02
1.353334e+00 1.359167e+00 1.365001e+00 2.150472e-02
1.365001e+00 1.370834e+00 1.376667e+00 2.112172e-02
1.376667e+00 1.382501e+00 1.388334e+00 2.074305e-02
1.388334e+00 1.394167e+00 1.400001e+00 2.036876e-02
1.400001e+00 1.405834e+00 1.411667e+00 1.999891e-02
1.411667e+00 1.417501e+00 1.423334e+00 1.963354e-02
1.423334e+00 1.429167e+00 1.435001e+00 1.927269e-02
1.435001e+00 1.440834e+00 1.446667e+00 1.891639e-02
1.446667e+00 1.452501e+00 1.458334e+00 1.856468e-02
1.458334e+00 1.464167e+00 1.470001e+00 1.821758e-02
1.470001e+00 1.475834e+00 1.481667e+00 1.787511e-02
1.481667e+00 1.487501e+00 1.493334e+00 1.753728e-02
1.493334e+00 1.499167e+00 1.505001e+00 1.720410e-02
1.505001e+00 1.510834e+00 1.516667e+00 1.687559e-02
1.516667e+00 1.522501e+00 1.528334e+00 1.655174e-02
1.528334e+00 1.534167e+00 1.540001e+00 1.623256e-02
1.540001e+00 1.545834e+00 1.551667e+00 1.591803e-02
1.551667e+00 1.557501e+00 1.563334e+00 1.560816e-02
1.563334e+00 1.569167e+00 1.575001e+00 1.530293e-02
1.575001e+00 1.580834e+00 1.586667e+00 1.500234e-02
1.586667e+00 1.592501e+00 1.598334e+00 1.470635e-02
1.598334e+00 1.604167e+00 1.610001e+00 1.441495e-02
1.610001e+00 1.615834e+00 1.621667e+00 1.412813e-02
1.621667e+00 1.627501e+00 1.633334e+00 1.384586e-02
1.633334e+00 1.639167e+00 1.645001e+00 1.356811e-02
1.645001e+00 1.650834e+00 1.656667e+00 1.329485e-02
1.656667e+00 1.662501e+00 1.668334e+00 1.302605e-02
1.668334e+00 1.674167e+00 1.680001e+00 1.276169e-02
1.680001e+00 1.685834e+00 1.691667e+00 1.250173e-02
1.691667e+00 1.697501e+00 1.703334e+00 1.224613e-02
1.703334e+00 1.709167e+00 1.715001e+00 1.199485e-02
1.715001e+00 1.720834e+00 1.726667e+00 1.174787e-02
1.726667e+00 1.732501e+00 1.738334e+00 1.150513e-02
1.738334e+00 1.744167e+00 1.750000e+00 1.126660e-02
1.750000e+00 1.755834e+00 1.761667e+00 1.103224e-02
1.761667e+00 1.767500e+00 1.773334e+00 1.080200e-02
1.773334e+00 1.779167e+00 1.785000e+00 1.057584e-02
1.785000e+00 1.790834e+00 1.796667e+00 1.035372e-02
1.796667e+00 1.802500e+00 1.808334e+00 1.013559e-02
1.808334e+00 1.814167e+00 1.820000e+00 9.921411e-03
1.820000e+00 1.825834e+00 1.831667e+00 9.711126e-03
1.831667e+00 1.837500e+00 1.843334e+00 9.504693e-03
1.843334e+00 1.849167e+00 1.855000e+00 9.302065e-03
1.855000e+00 1.860834e+00 1.866667e+00 9.103194e-03
1.866667e+00 1.872500e+00 1.878334e+00 8.908031e-03
1.878334e+00 1.884167e+00 1.890000e+00 8.716529e-03
1.890000e+00 1.895834e+00 1.901667e+00 8.528638e-03
1.901667e+00 1.907500e+00 1.913334e+00 8.344309e-03
1.913334e+00 1.919167e+00 1.925000e+00 8.163494e-03
1.925000e+00 1.930834e+00 1.936667e+00 7.986143e-03
1.936667e+00 1.942500e+00 1.948334e+00 7.812206e-03
1.948334e+00 1.954167e+00 1.960000e+00 7.641636e-03
1.960000e+00 1.965834e+00 1.971667e+00 7.474382e-03
1.971667e+00 1.977500e+00 1.983334e+00 7.310395e-03
1.983334e+00 1.989167e+00 1.995000e+00 7.149627e-03
1.995000e+00 2.000834e+00 2.006667e+00 6.992028e-03
2.006667e+00 2.012500e+00 2.018334e+00 6.837549e-03
2.018334e+00 2.024167e+00 2.030000e+00 6.686143e-03
2.030000e+00 2.035834e+00 2.041667e+00 6.537760e-03
2.041667e+00 2.047500e+00 2.053334e+00 6.392353e-03
2.053334e+00 2.059167e+00 2.065000e+00 6.249873e-03
2.065000e+00 2.070834e+00 2.076667e+00 6.110273e-03
2.076667e+00 2.082500e+00 2.088334e+00 5.973506e-03
2.088334e+00 2.094167e+00 2.100000e+00 5.839525e-03
2.100000e+00 2.105834e+00 2.111667e+00 5.708284e-03
2.111667e+00 2.117500e+00 2.123334e+00 5.579736e-03
2.123334e+00 2.129167e+00 2.135000e+00 5.453835e-03
2.135000e+00 2.140834e+00 2.146667e+00 5.330536e-03
2.146667e+00 2.152500e+00 2.158334e+00 5.209795e-03
2.158334e+00 2.164167e+00 2.170000e+00 5.091565e-03
2.170000e+00 2.175834e+00 2.181667e+00 4.975805e-03
2.181667e+00 2.187500e+00 2.193334e+00 4.862469e-03
2.193334e+00 2.199167e+00 2.205000e+00 4.751514e-03
2.205000e+00 2.210834e+00 2.216667e+00 4.642899e-03
2.216667e+00 2.222500e+00 2.228334e+00 4.536580e-03
2.228334e+00 2.234167e+00 2.240000e+00 4.432516e-03
2.240000e+00 2.245834e+00 2.251667e+00 4.330665e-03
2.251667e+00 2.257500e+00 2.263334e+00 4.230988e-03
2.263334e+00 2.269167e+00 2.275000e+00 4.133443e-03
2.275000e+00 2.280834e+00 2.286667e+00 4.037991e-03
2.286667e+00 2.292500e+00 2.298334e+00 3.944593e-03
2.298334e+00 2.304167e+00 2.310000e+00 3.853209e-03
2.310000e+00 2.315834e+00 2.321667e+00 3.763803e-03
2.321667e+00 2.327500e+00 2.333334e+00 3.676335e-03
2.333334e+00 2.339167e+00 2.345000e+00 3.590770e-03
2.345000e+00 2.350834e+00 2.356667e+00 3.507070e-03
2.356667e+00 2.362500e+00 2.368334e+00 3.425199e-03
2.368334e+00 2.374167e+00 2.380000e+00 3.345122e-03
2.380000e+00 2.385834e+00 2.391667e+00 3.266803e-03
2.391667e+00 2.397500e+00 2.403334e+00 3.190209e-03
2.403334e+00 2.409167e+00 2.415000e+00 3.115304e-03
2.415000e+00 2.420834e+00 2.426667e+00 3.042057e-03
2.426667e+00 2.432500e+00 2.438334e+00 2.970433e-03
2.438334e+00 2.444167e+00 2.450000e+00 2.900400e-03
2.450000e+00 2.455834e+00 2.461667e+00 2.831926e-03
2.461667e+00 2.467500e+00 2.473334e+00 2.764981e-03
2.473334e+00 2.479167e+00 2.485000e+00 2.699532e-03
2.485000e+00 2.490834e+00 2.496667e+00 2.635550e-03
2.496667e+00 2.502500e+00 2.508334e+00 2.573004e-03
2.508334e+00 2.514167e+00 2.520000e+00 2.511866e-03
2.520000e+00 2.525834e+00 2.531667e+00 2.452106e-03
2.531667e+00 2.537500e+00 2.543334e+00 2.393697e-03
2.543334e+00 2.549167e+00 2.555000e+00 2.336609e-03
2.555000e+00 2.560834e+00 2.566667e+00 2.280816e-03
2.566667e+00 2.572500e+00 2.578334e+00 2.226290e-03
2.578334e+00 2.584167e+00 2.590000e+00 2.173006e-03
2.590000e+00 2.595834e+00 2.601667e+00 2.120936e-03
2.601667e+00 2.607500e+00 2.613334e+00 2.070056e-03
2.613334e+00 2.619167e+00 2.625000e+00 2.020341e-03
2.625000e+00 2.630834e+00 2.636667e+00 1.971765e-03
2.636667e+00 2.642500e+00 2.648334e+00 1.924305e-03
2.648334e+00 2.654167e+00 2.660000e+00 1.877937e-03
2.660000e+00 2.665834e+00 2.671667e+00 1.832637e-03
2.671667e+00 2.677500e+00 2.683334e+00 1.788383e-03
2.683334e+00 2.689167e+00 2.695000e+00 1.745152e-03
2.695000e+00 2.700834e+00 2.706667e+00 1.702923e-03
2.706667e+00 2.712500e+00 2.718334e+00 1.661672e-03
2.718334e+00 2.724167e+00 2.730000e+00 1.621380e-03
2.730000e+00 2.735834e+00 2.741667e+00 1.582025e-03
2.741667e+00 2.747500e+00 2.753334e+00 1.543588e-03
2.753334e+00 2.759167e+00 2.765000e+00 1.506047e-03
2.765000e+00 2.770834e+00 2.776667e+00 1.469384e-03
2.776667e+00 2.782500e+00 2.788334e+00 1.433579e-03
2.788334e+00 2.794167e+00 2.800000e+00 1.398613e-03
2.800000e+00 2.805834e+00 2.811667e+00 1.364468e-03
2.811667e+00 2.817500e+00 2.823334e+00 1.331126e-03
2.823334e+00 2.829167e+00 2.835000e+00 1.298568e-03
2.835000e+00 2.840834e+00 2.846667e+00 1.266778e-03
2.846667e+00 2.852500e+00 2.858334e+00 1.235738e-03
2.858334e+00 2.864167e+00 2.870000e+00 1.205432e-03
2.870000e+00 2.875834e+00 2.881667e+00 1.175843e-03
2.881667e+00 2.887500e+00 2.893334e+00 1.146956e-03
2.893334e+00 2.899167e+00 2.905000e+00 1.118753e-03
2.905000e+00 2.910834e+00 2.916667e+00 1.091221e-03
2.916667e+00 2.922500e+00 2.928333e+00 1.064344e-03
2.928333e+00 2.934167e+00 2.940000e+00 1.038107e-03
2.940000e+00 2.945833e+00 2.951667e+00 1.012495e-03
2.951667e+00 2.957500e+00 2.963333e+00 9.874954e-04
2.963333e+00 2.969167e+00 2.975000e+00 9.630930e-04
2.975000e+00 2.980833e+00 2.986667e+00 9.392747e-04
2.986667e+00 2.992500e+00 2.998333e+00 9.160271e-04
2.998333e+00 3.004167e+00 3.010000e+00 8.933371e-04
3.010000e+00 3.015833e+00 3.021667e+00 8.711920e-04
3.021667e+00 3.027500e+00 3.033333e+00 8.495794e-04
3.033333e+00 3.039167e+00 3.045000e+00 8.284869e-04
3.045000e+00 3.050833e+00 3.056667e+00 8.079027e-04
3.056667e+00 3.062500e+00 3.068333e+00 7.878150e-04
3.068333e+00 3.074167e+00 3.080000e+00 7.682124e-04
3.080000e+00 3.085833e+00 3.091667e+00 7.490837e-04
3.091667e+00 3.097500e+00 3.103333e+00 7.304178e-04
3.103333e+00 3.109167e+00 3.115000e+00 7.122041e-04
3.115000e+00 3.120833e+00 3.126667e+00 6.944320e-04
3.126667e+00 3.132500e+00 3.138333e+00 6.770913e-04
3.138333e+00 3.144167e+00 3.150000e+00 6.601720e-04
3.150000e+00 3.155833e+00 3.161667e+00 6.436642e-04
3.161667e+00 3.167500e+00 3.173333e+00 6.275582e-04
3.173333e+00 3.179167e+00 3.185000e+00 6.118447e-04
3.185000e+00 3.190833e+00 3.196667e+00 5.965145e-04
3.196667e+00 3.202500e+00 3.208333e+00 5.815586e-04
3.208333e+00 3.214167e+00 3.220000e+00 5.669682e-04
3.220000e+00 3.225833e+00 3.231667e+00 5.527346e-04
3.231667e+00 3.237500e+00 3.243333e+00 5.388496e-04
3.243333e+00 3.249167e+00 3.255000e+00 5.253047e-04
3.255000e+00 3.260833e+00 3.266667e+00 5.120921e-04
3.266667e+00 3.272500e+00 3.278333e+00 4.992039e-04
3.278333e+00 3.284167e+00 3.290000e+00 4.866323e-04
3.290000e+00 3.295833e+00 3.301667e+00 4.743698e-04
3.301667e+00 3.307500e+00 3.313333e+00 4.624092e-04
3.313333e+00 3.319167e+00 3.325000e+00 4.507432e-04
3.325000e+00 3.330833e+00 3.336667e+00 4.393648e-04
3.336667e+00 3.342500e+00 3.348333e+00 4.282671e-04
3.348333e+00 3.354167e+00 3.360000e+00 4.174435e-04
3.360000e+00 3.365833e+00 3.371667e+00 4.068874e-04
3.371667e+00 3.377500e+00 3.383333e+00 3.965923e-04
3.383333e+00 3.389167e+00 3.395000e+00 3.865521e-04
3.395000e+00 3.400833e+00 3.406667e+00 3.767607e-04
3.406667e+00 3.412500e+00 3.418333e+00 3.672120e-04
3.418333e+00 3.424167e+00 3.430000e+00 3.579002e-04
3.430000e+00 3.435833e+00 3.441667e+00 3.488196e-04
3.441667e+00 3.447500e+00 3.453333e+00 3.399647e-04
3.453333e+00 3.459167e+00 3.465000e+00 3.313299e-04
3.465000e+00 3.470833e+00 3.476667e+00 3.229100e-04
3.476667e+00 3.482500e+00 3.488333e+00 3.146999e-04
3.488333e+00 3.494167e+00 3.500000e+00 3.066943e-04
