1.000000e-06 5.834332e-03 1.166766e-02 3.301871e-05
1.166766e-02 1.750099e-02 2.333433e-02 2.820035e-04
2.333433e-02 2.916766e-02 3.500099e-02 7.460158e-04
3.500099e-02 4.083432e-02 4.666765e-02 1.395066e-03
4.666765e-02 5.250099e-02 5.833432e-02 2.202987e-03
5.833432e-02 6.416765e-02 7.000098e-02 3.146628e-03
7.000098e-02 7.583431e-02 8.166764e-02 4.205364e-03
8.166764e-02 8.750097e-02 9.333431e-02 5.360748e-03
9.333431e-02 9.916764e-02 1.050010e-01 6.596240e-03
1.050010e-01 1.108343e-01 1.166676e-01 7.896993e-03
1.166676e-01 1.225010e-01 1.283343e-01 9.249672e-03
1.283343e-01 1.341676e-01 1.400010e-01 1.064230e-02
1.400010e-01 1.458343e-01 1.516676e-01 1.206411e-02
1.516676e-01 1.575010e-01 1.633343e-01 1.350547e-02
1.633343e-01 1.691676e-01 1.750009e-01 1.495773e-02
1.750009e-01 1.808343e-01 1.866676e-01 1.641315e-02
1.866676e-01 1.925009e-01 1.983343e-01 1.786484e-02
1.983343e-01 2.041676e-01 2.100009e-01 1.930664e-02
2.100009e-01 2.158343e-01 2.216676e-01 2.073310e-02
2.216676e-01 2.275009e-01 2.333343e-01 2.213939e-02
2.333343e-01 2.391676e-01 2.450009e-01 2.352124e-02
2.450009e-01 2.508343e-01 2.566676e-01 2.487494e-02
2.566676e-01 2.625009e-01 2.683343e-01 2.619723e-02
2.683343e-01 2.741676e-01 2.800009e-01 2.748527e-02
2.800009e-01 2.858343e-01 2.916676e-01 2.873666e-02
2.916676e-01 2.975009e-01 3.033342e-01 2.994934e-02
3.033342e-01 3.091676e-01 3.150009e-01 3.112156e-02
3.150009e-01 3.208342e-01 3.266676e-01 3.225192e-02
3.266676e-01 3.325009e-01 3.383342e-01 3.333925e-02
3.383342e-01 3.441676e-01 3.500009e-01 3.438265e-02
3.500009e-01 3.558342e-01 3.616676e-01 3.538144e-02
3.616676e-01 3.675009e-01 3.733342e-01 3.633514e-02
3.733342e-01 3.791676e-01 3.850009e-01 3.724348e-02
3.850009e-01 3.908342e-01 3.966676e-01 3.810632e-02
3.966676e-01 4.025009e-01 4.083342e-01 3.892370e-02
4.083342e-01 4.141675e-01 4.200009e-01 3.969579e-02
4.200009e-01 4.258342e-01 4.316675e-01 4.042287e-02
4.316675e-01 4.375009e-01 4.433342e-01 4.110535e-02
4.433342e-01 4.491675e-01 4.550009e-01 4.174372e-02
4.550009e-01 4.608342e-01 4.666675e-01 4.233856e-02
4.666675e-01 4.725009e-01 4.783342e-01 4.289053e-02
4.783342e-01 4.841675e-01 4.900009e-01 4.340037e-02
4.900009e-01 4.958342e-01 5.016675e-01 4.386885e-02
5.016675e-01 5.075009e-01 5.133342e-01 4.429682e-02
5.133342e-01 5.191675e-01 5.250008e-01 4.468515e-02
5.250008e-01 5.308342e-01 5.366675e-01 4.503476e-02
5.366675e-01 5.425008e-01 5.483342e-01 4.534662e-02
5.483342e-01 5.541675e-01 5.600008e-01 4.562168e-02
5.600008e-01 5.658342e-01 5.716675e-01 4.586097e-02
5.716675e-01 5.775008e-01 5.833342e-01 4.606547e-02
5.833342e-01 5.891675e-01 5.950008e-01 4.623624e-02
5.950008e-01 6.008342e-01 6.066675e-01 4.637429e-02
6.066675e-01 6.125008e-01 6.183342e-01 4.648068e-02
6.183342e-01 6.241675e-01 6.300008e-01 4.655645e-02
6.300008e-01 6.358342e-01 6.416675e-01 4.660263e-02
6.416675e-01 6.475008e-01 6.533341e-01 4.662027e-02
6.533341e-01 6.591675e-01 6.650008e-01 4.661041e-02
6.650008e-01 6.708341e-01 6.766675e-01 4.657406e-02
6.766675e-01 6.825008e-01 6.883341e-01 4.651224e-02
6.883341e-01 6.941675e-01 7.000008e-01 4.642596e-02
7.000008e-01 7.058341e-01 7.116675e-01 4.631621e-02
7.116675e-01 7.175008e-01 7.233341e-01 4.618396e-02
7.233341e-01 7.291675e-01 7.350008e-01 4.603019e-02
7.350008e-01 7.408341e-01 7.466675e-01 4.585582e-02
7.466675e-01 7.525008e-01 7.583341e-01 4.566180e-02
7.583341e-01 7.641674e-01 7.700008e-01 4.544902e-02
7.700008e-01 7.758341e-01 7.816674e-01 4.521839e-02
7.816674e-01 7.875008e-01 7.933341e-01 4.497077e-02
7.933341e-01 7.991674e-01 8.050008e-01 4.470702e-02
8.050008e-01 8.108341e-01 8.166674e-01 4.442796e-02
8.166674e-01 8.225008e-01 8.283341e-01 4.413441e-02
8.283341e-01 8.341674e-01 8.400008e-01 4.382716e-02
8.400008e-01 8.458341e-01 8.516674e-01 4.350698e-02
8.516674e-01 8.575008e-01 8.633341e-01 4.317462e-02
8.633341e-01 8.691674e-01 8.750007e-01 4.283081e-02
8.750007e-01 8.808341e-01 8.866674e-01 4.247625e-02
8.866674e-01 8.925007e-01 8.983341e-01 4.211163e-02
8.983341e-01 9.041674e-01 9.100007e-01 4.173761e-02
9.100007e-01 9.158341e-01 9.216674e-01 4.135484e-02
9.216674e-01 9.275007e-01 9.333341e-01 4.096395e-02
9.333341e-01 9.391674e-01 9.450007e-01 4.056554e-02
9.450007e-01 9.508341e-01 9.566674e-01 4.016019e-02
9.566674e-01 9.625007e-01 9.683341e-01 3.974847e-02
9.683341e-01 9.741674e-01 9.800007e-01 3.933093e-02
9.800007e-01 9.858341e-01 9.916674e-01 3.890808e-02
9.916674e-01 9.975007e-01 1.003334e+00 3.848044e-02
1.003334e+00 1.009167e+00 1.015001e+00 3.804849e-02
1.015001e+00 1.020834e+00 1.026667e+00 3.761272e-02
1.026667e+00 1.032501e+00 1.038334e+00 3.717356e-02
1.038334e+00 1.044167e+00 1.050001e+00 3.673145e-02
1.050001e+00 1.055834e+00 1.061667e+00 3.628682e-02
1.061667e+00 1.067501e+00 1.073334e+00 3.584006e-02
1.073334e+00 1.079167e+00 1.085001e+00 3.539156e-02
1.085001e+00 1.090834e+00 1.096667e+00 3.494169e-02
1.096667e+00 1.102501e+00 1.108334e+00 3.449081e-02
1.108334e+00 1.114167e+00 1.120001e+00 3.403924e-02
1.120001e+00 1.125834e+00 1.131667e+00 3.358732e-02
1.131667e+00 1.137501e+00 1.143334e+00 3.313536e-02
1.143334e+00 1.149167e+00 1.155001e+00 3.268365e-02
1.155001e+00 1.160834e+00 1.166667e+00 3.223248e-02
1.166667e+00 1.172501e+00 1.178334e+00 3.178210e-02
1.178334e+00 1.184167e+00 1.190001e+00 3.133279e-02
1.190001e+00 1.195834e+00 1.201667e+00 3.088477e-02
1.201667e+00 1.207501e+00 1.213334e+00 3.043830e-02
1.213334e+00 1.219167e+00 1.225001e+00 2.999357e-02
1.225001e+00 1.230834e+00 1.236667e+00 2.955081e-02
1.236667e+00 1.242501e+00 1.248334e+00 2.911021e-02
1.248334e+00 1.254167e+00 1.260001e+00 2.867196e-02
1.260001e+00 1.265834e+00 1.271667e+00 2.823622e-02
1.271667e+00 1.277501e+00 1.283334e+00 2.780318e-02
1.283334e+00 1.289167e+00 1.295001e+00 2.737299e-02
1.295001e+00 1.300834e+00 1.306667e+00 2.694579e-02
1.306667e+00 1.312501e+00 1.318334e+00 2.652173e-02
1.318334e+00 1.324167e+00 1.330001e+00 2.610093e-02
1.330001e+00 1.335834e+00 1.341667e+00 2.568352e-02
1.341667e+00 1.347501e+00 1.353334e+00 2.526960e-02
1.353334e+00 1.359167e+00 1.365001e+00 2.485929e-02
1.365001e+00 1.370834e+00 1.376667e+00 2.445269e-02
1.376667e+00 1.382501e+00 1.388334e+00 2.404988e-02
1.388334e+00 1.394167e+00 1.400001e+00 2.365094e-02
1.400001e+00 1.405834e+00 1.411667e+00 2.325597e-02
1.411667e+00 1.417501e+00 1.423334e+00 2.286502e-02
1.423334e+00 1.429167e+00 1.435001e+00 2.247817e-02
1.435001e+00 1.440834e+00 1.446667e+00 2.209546e-02
1.446667e+00 1.452501e+00 1.458334e+00 2.171697e-02
1.458334e+00 1.464167e+00 1.470001e+00 2.134272e-02
1.470001e+00 1.475834e+00 1.481667e+00 2.097277e-02
1.481667e+00 1.487501e+00 1.493334e+00 2.060716e-02
1.493334e+00 1.499167e+00 1.505001e+00 2.024591e-02
1.505001e+00 1.510834e+00 1.516667e+00 1.988906e-02
1.516667e+00 1.522501e+00 1.528334e+00 1.953662e-02
1.528334e+00 1.534167e+00 1.540001e+00 1.918863e-02
1.540001e+00 1.545834e+00 1.551667e+00 1.884509e-02
1.551667e+00 1.557501e+00 1.563334e+00 1.850601e-02
1.563334e+00 1.569167e+00 1.575001e+00 1.817141e-02
1.575001e+00 1.580834e+00 1.586667e+00 1.784129e-02
1.586667e+00 1.592501e+00 1.598334e+00 1.751565e-02
1.598334e+00 1.604167e+00 1.610001e+00 1.719449e-02
1.610001e+00 1.615834e+00 1.621667e+00 1.687781e-02
1.621667e+00 1.627501e+00 1.633334e+00 1.656559e-02
1.633334e+00 1.639167e+00 1.645001e+00 1.625782e-02
1.645001e+00 1.650834e+00 1.656667e+00 1.595451e-02
1.656667e+00 1.662501e+00 1.668334e+00 1.565562e-02
1.668334e+00 1.674167e+00 1.680001e+00 1.536114e-02
1.680001e+00 1.685834e+00 1.691667e+00 1.507106e-02
1.691667e+00 1.697501e+00 1.703334e+00 1.478534e-02
1.703334e+00 1.709167e+00 1.715001e+00 1.450397e-02
1.715001e+00 1.720834e+00 1.726667e+00 1.422692e-02
1.726667e+00 1.732501e+00 1.738334e+00 1.395417e-02
1.738334e+00 1.744167e+00 1.750000e+00 1.368568e-02
1.750000e+00 1.755834e+00 1.761667e+00 1.342143e-02
1.761667e+00 1.767500e+00 1.773334e+00 1.316137e-02
1.773334e+00 1.779167e+00 1.785000e+00 1.290549e-02
1.785000e+00 1.790834e+00 1.796667e+00 1.265374e-02
1.796667e+00 1.802500e+00 1.808334e+00 1.240610e-02
1.808334e+00 1.814167e+00 1.820000e+00 1.216251e-02
1.820000e+00 1.825834e+00 1.831667e+00 1.192296e-02
1.831667e+00 1.837500e+00 1.843334e+00 1.168738e-02
1.843334e+00 1.849167e+00 1.855000e+00 1.145576e-02
1.855000e+00 1.860834e+00 1.866667e+00 1.122805e-02
1.866667e+00 1.872500e+00 1.878334e+00 1.100420e-02
1.878334e+00 1.884167e+00 1.890000e+00 1.078418e-02
1.890000e+00 1.895834e+00 1.901667e+00 1.056794e-02
1.901667e+00 1.907500e+00 1.913334e+00 1.035545e-02
1.913334e+00 1.919167e+00 1.925000e+00 1.014665e-02
1.925000e+00 1.930834e+00 1.936667e+00 9.941507e-03
1.936667e+00 1.942500e+00 1.948334e+00 9.739976e-03
1.948334e+00 1.954167e+00 1.960000e+00 9.542012e-03
1.960000e+00 1.965834e+00 1.971667e+00 9.347572e-03
1.971667e+00 1.977500e+00 1.983334e+00 9.156610e-03
1.983334e+00 1.989167e+00 1.995000e+00 8.969082e-03
1.995000e+00 2.000834e+00 2.006667e+00 8.784943e-03
2.006667e+00 2.012500e+00 2.018334e+00 8.604149e-03
2.018334e+00 2.024167e+00 2.030000e+00 8.426653e-03
2.030000e+00 2.035834e+00 2.041667e+00 8.252412e-03
2.041667e+00 2.047500e+00 2.053334e+00 8.081380e-03
2.053334e+00 2.059167e+00 2.065000e+00 7.913512e-03
2.065000e+00 2.070834e+00 2.076667e+00 7.748763e-03
2.076667e+00 2.082500e+00 2.088334e+00 7.587089e-03
2.088334e+00 2.094167e+00 2.100000e+00 7.428445e-03
2.100000e+00 2.105834e+00 2.111667e+00 7.272787e-03
2.111667e+00 2.117500e+00 2.123334e+00 7.120069e-03
2.123334e+00 2.129167e+00 2.135000e+00 6.970249e-03
2.135000e+00 2.140834e+00 2.146667e+00 6.823281e-03
2.146667e+00 2.152500e+00 2.158334e+00 6.679123e-03
2.158334e+00 2.164167e+00 2.170000e+00 6.537731e-03
2.170000e+00 2.175834e+00 2.181667e+00 6.399061e-03
2.181667e+00 2.187500e+00 2.193334e+00 6.263072e-03
2.193334e+00 2.199167e+00 2.205000e+00 6.129720e-03
2.205000e+00 2.210834e+00 2.216667e+00 5.998963e-03
2.216667e+00 2.222500e+00 2.228334e+00 5.870760e-03
2.228334e+00 2.234167e+00 2.240000e+00 5.745068e-03
2.240000e+00 2.245834e+00 2.251667e+00 5.621847e-03
2.251667e+00 2.257500e+00 2.263334e+00 5.501056e-03
2.263334e+00 2.269167e+00 2.275000e+00 5.382654e-03
2.275000e+00 2.280834e+00 2.286667e+00 5.266602e-03
2.286667e+00 2.292500e+00 2.298334e+00 5.152859e-03
2.298334e+00 2.304167e+00 2.310000e+00 5.041387e-03
2.310000e+00 2.315834e+00 2.321667e+00 4.932146e-03
2.321667e+00 2.327500e+00 2.333334e+00 4.825099e-03
2.333334e+00 2.339167e+00 2.345000e+00 4.720207e-03
2.345000e+00 2.350834e+00 2.356667e+00 4.617433e-03
2.356667e+00 2.362500e+00 2.368334e+00 4.516740e-03
2.368334e+00 2.374167e+00 2.380000e+00 4.418091e-03
2.380000e+00 2.385834e+00 2.391667e+00 4.321450e-03
2.391667e+00 2.397500e+00 2.403334e+00 4.226781e-03
2.403334e+00 2.409167e+00 2.415000e+00 4.134048e-03
2.415000e+00 2.420834e+00 2.426667e+00 4.043218e-03
2.426667e+00 2.432500e+00 2.438334e+00 3.954255e-03
2.438334e+00 2.444167e+00 2.450000e+00 3.867126e-03
2.450000e+00 2.455834e+00 2.461667e+00 3.781796e-03
2.461667e+00 2.467500e+00 2.473334e+00 3.698234e-03
2.473334e+00 2.479167e+00 2.485000e+00 3.616406e-03
2.485000e+00 2.490834e+00 2.496667e+00 3.536281e-03
2.496667e+00 2.502500e+00 2.508334e+00 3.457826e-03
2.508334e+00 2.514167e+00 2.520000e+00 3.381010e-03
2.520000e+00 2.525834e+00 2.531667e+00 3.305804e-03
2.531667e+00 2.537500e+00 2.543334e+00 3.232175e-03
2.543334e+00 2.549167e+00 2.555000e+00 3.160095e-03
2.555000e+00 2.560834e+00 2.566667e+00 3.089534e-03
2.566667e+00 2.572500e+00 2.578334e+00 3.020463e-03
2.578334e+00 2.584167e+00 2.590000e+00 2.952854e-03
2.590000e+00 2.595834e+00 2.601667e+00 2.886678e-03
2.601667e+00 2.607500e+00 2.613334e+00 2.821908e-03
2.613334e+00 2.619167e+00 2.625000e+00 2.758516e-03
2.625000e+00 2.630834e+00 2.636667e+00 2.696476e-03
2.636667e+00 2.642500e+00 2.648334e+00 2.635762e-03
2.648334e+00 2.654167e+00 2.660000e+00 2.576347e-03
2.660000e+00 2.665834e+00 2.671667e+00 2.518206e-03
2.671667e+00 2.677500e+00 2.683334e+00 2.461314e-03
2.683334e+00 2.689167e+00 2.695000e+00 2.405646e-03
2.695000e+00 2.700834e+00 2.706667e+00 2.351179e-03
2.706667e+00 2.712500e+00 2.718334e+00 2.297887e-03
2.718334e+00 2.724167e+00 2.730000e+00 2.245748e-03
2.730000e+00 2.735834e+00 2.741667e+00 2.194739e-03
2.741667e+00 2.747500e+00 2.753334e+00 2.144836e-03
2.753334e+00 2.759167e+00 2.765000e+00 2.096019e-03
2.765000e+00 2.770834e+00 2.776667e+00 2.048264e-03
2.776667e+00 2.782500e+00 2.788334e+00 2.001550e-03
2.788334e+00 2.794167e+00 2.800000e+00 1.955857e-03
2.800000e+00 2.805834e+00 2.811667e+00 1.911163e-03
2.811667e+00 2.817500e+00 2.823334e+00 1.867448e-03
2.823334e+00 2.829167e+00 2.835000e+00 1.824693e-03
2.835000e+00 2.840834e+00 2.846667e+00 1.782876e-03
2.846667e+00 2.852500e+00 2.858334e+00 1.741980e-03
2.858334e+00 2.864167e+00 2.870000e+00 1.701985e-03
2.870000e+00 2.875834e+00 2.881667e+00 1.662872e-03
2.881667e+00 2.887500e+00 2.893334e+00 1.624624e-03
2.893334e+00 2.899167e+00 2.905000e+00 1.587222e-03
2.905000e+00 2.910834e+00 2.916667e+00 1.550649e-03
2.916667e+00 2.922500e+00 2.928333e+00 1.514887e-03
2.928333e+00 2.934167e+00 2.940000e+00 1.479919e-03
2.940000e+00 2.945833e+00 2.951667e+00 1.445730e-03
2.951667e+00 2.957500e+00 2.963333e+00 1.412302e-03
2.963333e+00 2.969167e+00 2.975000e+00 1.379620e-03
2.975000e+00 2.980833e+00 2.986667e+00 1.347667e-03
2.986667e+00 2.992500e+00 2.998333e+00 1.316429e-03
2.998333e+00 3.004167e+00 3.010000e+00 1.285891e-03
3.010000e+00 3.015833e+00 3.021667e+00 1.256037e-03
3.021667e+00 3.027500e+00 3.033333e+00 1.226852e-03
3.033333e+00 3.039167e+00 3.045000e+00 1.198324e-03
3.045000e+00 3.050833e+00 3.056667e+00 1.170437e-03
3.056667e+00 3.062500e+00 3.068333e+00 1.143178e-03
3.068333e+00 3.074167e+00 3.080000e+00 1.116534e-03
3.080000e+00 3.085833e+00 3.091667e+00 1.090491e-03
3.091667e+00 3.097500e+00 3.103333e+00 1.065037e-03
3.103333e+00 3.109167e+00 3.115000e+00 1.040158e-03
3.115000e+00 3.120833e+00 3.126667e+00 1.015843e-03
3.126667e+00 3.132500e+00 3.138333e+00 9.920788e-04
3.138333e+00 3.144167e+00 3.150000e+00 9.688542e-04
3.150000e+00 3.155833e+00 3.161667e+00 9.461572e-04
3.161667e+00 3.167500e+00 3.173333e+00 9.239763e-04
3.173333e+00 3.179167e+00 3.185000e+00 9.023004e-04
3.185000e+00 3.190833e+00 3.196667e+00 8.811185e-04
3.196667e+00 3.202500e+00 3.208333e+00 8.604198e-04
3.208333e+00 3.214167e+00 3.220000e+00 8.401937e-04
3.220000e+00 3.225833e+00 3.231667e+00 8.204299e-04
3.231667e+00 3.237500e+00 3.243333e+00 8.011183e-04
3.243333e+00 3.249167e+00 3.255000e+00 7.822490e-04
3.255000e+00 3.260833e+00 3.266667e+00 7.638121e-04
3.266667e+00 3.272500e+00 3.278333e+00 7.457983e-04
3.278333e+00 3.284167e+00 3.290000e+00 7.281982e-04
3.290000e+00 3.295833e+00 3.301667e+00 7.110026e-04
3.301667e+00 3.307500e+00 3.313333e+00 6.942026e-04
3.313333e+00 3.319167e+00 3.325000e+00 6.777895e-04
3.325000e+00 3.330833e+00 3.336667e+00 6.617547e-04
3.336667e+00 3.342500e+00 3.348333e+00 6.460898e-04
3.348333e+00 3.354167e+00 3.360000e+00 6.307866e-04
3.360000e+00 3.365833e+00 3.371667e+00 6.158370e-04
3.371667e+00 3.377500e+00 3.383333e+00 6.012332e-04
3.383333e+00 3.389167e+00 3.395000e+00 5.869674e-04
3.395000e+00 3.400833e+00 3.406667e+00 5.730321e-04
3.406667e+00 3.412500e+00 3.418333e+00 5.594198e-04
3.418333e+00 3.424167e+00 3.430000e+00 5.461235e-04
3.430000e+00 3.435833e+00 3.441667e+00 5.331359e-04
3.441667e+00 3.447500e+00 3.453333e+00 5.204502e-04
3.453333e+00 3.459167e+00 3.465000e+00 5.080595e-04
3.465000e+00 3.470833e+00 3.476667e+00 4.959573e-04
3.476667e+00 3.482500e+00 3.488333e+00 4.841370e-04
3.488333e+00 3.494167e+00 3.500000e+00 4.725922e-04
