1.000000e-06 5.834332e-03 1.166766e-02 3.311634e-05
1.166766e-02 1.750099e-02 2.333433e-02 2.833558e-04
2.333433e-02 2.916766e-02 3.500099e-02 7.498662e-04
3.500099e-02 4.083432e-02 4.666765e-02 1.401711e-03
4.666765e-02 5.250099e-02 5.833432e-02 2.211479e-03
5.833432e-02 6.416765e-02 7.000098e-02 3.154708e-03
7.000098e-02 7.583431e-02 8.166764e-02 4.209498e-03
8.166764e-02 8.750097e-02 9.333431e-02 5.356212e-03
9.333431e-02 9.916764e-02 1.050010e-01 6.577241e-03
1.050010e-01 1.108343e-01 1.166676e-01 7.856796e-03
1.166676e-01 1.225010e-01 1.283343e-01 9.180734e-03
1.283343e-01 1.341676e-01 1.400010e-01 1.053640e-02
1.400010e-01 1.458343e-01 1.516676e-01 1.191250e-02
1.516676e-01 1.575010e-01 1.633343e-01 1.329895e-02
1.633343e-01 1.691676e-01 1.750009e-01 1.468681e-02
1.750009e-01 1.808343e-01 1.866676e-01 1.606814e-02
1.866676e-01 1.925009e-01 1.983343e-01 1.743594e-02
1.983343e-01 2.041676e-01 2.100009e-01 1.878405e-02
2.100009e-01 2.158343e-01 2.216676e-01 2.010707e-02
2.216676e-01 2.275009e-01 2.333343e-01 2.140033e-02
2.333343e-01 2.391676e-01 2.450009e-01 2.265976e-02
2.450009e-01 2.508343e-01 2.566676e-01 2.388190e-02
2.566676e-01 2.625009e-01 2.683343e-01 2.506380e-02
2.683343e-01 2.741676e-01 2.800009e-01 2.620300e-02
2.800009e-01 2.858343e-01 2.916676e-01 2.729748e-02
2.916676e-01 2.975009e-01 3.033342e-01 2.834559e-02
3.033342e-01 3.091676e-01 3.150009e-01 2.934606e-02
3.150009e-01 3.208342e-01 3.266676e-01 3.029793e-02
3.266676e-01 3.325009e-01 3.383342e-01 3.120054e-02
3.383342e-01 3.441676e-01 3.500009e-01 3.205347e-02
3.500009e-01 3.558342e-01 3.616676e-01 3.285655e-02
3.616676e-01 3.675009e-01 3.733342e-01 3.360983e-02
3.733342e-01 3.791676e-01 3.850009e-01 3.431353e-02
3.850009e-01 3.908342e-01 3.966676e-01 3.496804e-02
3.966676e-01 4.025009e-01 4.083342e-01 3.557389e-02
4.083342e-01 4.141675e-01 4.200009e-01 3.613176e-02
4.200009e-01 4.258342e-01 4.316675e-01 3.664244e-02
4.316675e-01 4.375009e-01 4.433342e-01 3.710680e-02
4.433342e-01 4.491675e-01 4.550009e-01 3.752581e-02
4.550009e-01 4.608342e-01 4.666675e-01 3.790053e-02
4.666675e-01 4.725009e-01 4.783342e-01 3.823205e-02
4.783342e-01 4.841675e-01 4.900009e-01 3.852153e-02
4.900009e-01 4.958342e-01 5.016675e-01 3.877019e-02
5.016675e-01 5.075009e-01 5.133342e-01 3.897925e-02
5.133342e-01 5.191675e-01 5.250008e-01 3.914999e-02
5.250008e-01 5.308342e-01 5.366675e-01 3.928369e-02
5.366675e-01 5.425008e-01 5.483342e-01 3.938166e-02
5.483342e-01 5.541675e-01 5.600008e-01 3.944520e-02
5.600008e-01 5.658342e-01 5.716675e-01 3.947563e-02
5.716675e-01 5.775008e-01 5.833342e-01 3.947426e-02
5.833342e-01 5.891675e-01 5.950008e-01 3.944240e-02
5.950008e-01 6.008342e-01 6.066675e-01 3.938134e-02
6.066675e-01 6.125008e-01 6.183342e-01 3.929238e-02
6.183342e-01 6.241675e-01 6.300008e-01 3.917679e-02
6.300008e-01 6.358342e-01 6.416675e-01 3.903581e-02
6.416675e-01 6.475008e-01 6.533341e-01 3.887069e-02
6.533341e-01 6.591675e-01 6.650008e-01 3.868264e-02
6.650008e-01 6.708341e-01 6.766675e-01 3.847285e-02
6.766675e-01 6.825008e-01 6.883341e-01 3.824247e-02
6.883341e-01 6.941675e-01 7.000008e-01 3.799266e-02
7.000008e-01 7.058341e-01 7.116675e-01 3.772451e-02
7.116675e-01 7.175008e-01 7.233341e-01 3.743911e-02
7.233341e-01 7.291675e-01 7.350008e-01 3.713752e-02
7.350008e-01 7.408341e-01 7.466675e-01 3.682075e-02
7.466675e-01 7.525008e-01 7.583341e-01 3.648980e-02
7.583341e-01 7.641674e-01 7.700008e-01 3.614565e-02
7.700008e-01 7.758341e-01 7.816674e-01 3.578921e-02
7.816674e-01 7.875008e-01 7.933341e-01 3.542139e-02
7.933341e-01 7.991674e-01 8.050008e-01 3.504307e-02
8.050008e-01 8.108341e-01 8.166674e-01 3.465509e-02
8.166674e-01 8.225008e-01 8.283341e-01 3.425827e-02
8.283341e-01 8.341674e-01 8.400008e-01 3.385338e-02
8.400008e-01 8.458341e-01 8.516674e-01 3.344118e-02
8.516674e-01 8.575008e-01 8.633341e-01 3.302239e-02
8.633341e-01 8.691674e-01 8.750007e-01 3.259772e-02
8.750007e-01 8.808341e-01 8.866674e-01 3.216782e-02
8.866674e-01 8.925007e-01 8.983341e-01 3.173335e-02
8.983341e-01 9.041674e-01 9.100007e-01 3.129491e-02
9.100007e-01 9.158341e-01 9.216674e-01 3.085309e-02
9.216674e-01 9.275007e-01 9.333341e-01 3.040846e-02
9.333341e-01 9.391674e-01 9.450007e-01 2.996154e-02
9.450007e-01 9.508341e-01 9.566674e-01 2.951286e-02
9.566674e-01 9.625007e-01 9.683341e-01 2.906289e-02
9.683341e-01 9.741674e-01 9.800007e-01 2.861210e-02
9.800007e-01 9.858341e-01 9.916674e-01 2.816093e-02
9.916674e-01 9.975007e-01 1.003334e+00 2.770980e-02
1.003334e+00 1.009167e+00 1.015001e+00 2.725911e-02
1.015001e+00 1.020834e+00 1.026667e+00 2.680924e-02
1.026667e+00 1.032501e+00 1.038334e+00 2.636053e-02
1.038334e+00 1.044167e+00 1.050001e+00 2.591332e-02
1.050001e+00 1.055834e+00 1.061667e+00 2.546794e-02
1.061667e+00 1.067501e+00 1.073334e+00 2.502468e-02
1.073334e+00 1.079167e+00 1.085001e+00 2.458383e-02
1.085001e+00 1.090834e+00 1.096667e+00 2.414564e-02
1.096667e+00 1.102501e+00 1.108334e+00 2.371037e-02
1.108334e+00 1.114167e+00 1.120001e+00 2.327824e-02
1.120001e+00 1.125834e+00 1.131667e+00 2.284947e-02
1.131667e+00 1.137501e+00 1.143334e+00 2.242428e-02
1.143334e+00 1.149167e+00 1.155001e+00 2.200283e-02
1.155001e+00 1.160834e+00 1.166667e+00 2.158531e-02
1.166667e+00 1.172501e+00 1.178334e+00 2.117188e-02
1.178334e+00 1.184167e+00 1.190001e+00 2.076269e-02
1.190001e+00 1.195834e+00 1.201667e+00 2.035787e-02
1.201667e+00 1.207501e+00 1.213334e+00 1.995755e-02
1.213334e+00 1.219167e+00 1.225001e+00 1.956183e-02
1.225001e+00 1.230834e+00 1.236667e+00 1.917084e-02
1.236667e+00 1.242501e+00 1.248334e+00 1.878465e-02
1.248334e+00 1.254167e+00 1.260001e+00 1.840336e-02
1.260001e+00 1.265834e+00 1.271667e+00 1.802703e-02
1.271667e+00 1.277501e+00 1.283334e+00 1.765574e-02
1.283334e+00 1.289167e+00 1.295001e+00 1.728954e-02
1.295001e+00 1.300834e+00 1.306667e+00 1.692847e-02
1.306667e+00 1.312501e+00 1.318334e+00 1.657259e-02
1.318334e+00 1.324167e+00 1.330001e+00 1.622192e-02
1.330001e+00 1.335834e+00 1.341667e+00 1.587650e-02
1.341667e+00 1.347501e+00 1.353334e+00 1.553634e-02
1.353334e+00 1.359167e+00 1.365001e+00 1.520147e-02
1.365001e+00 1.370834e+00 1.376667e+00 1.487188e-02
1.376667e+00 1.382501e+00 1.388334e+00 1.454759e-02
1.388334e+00 1.394167e+00 1.400001e+00 1.422859e-02
1.400001e+00 1.405834e+00 1.411667e+00 1.391487e-02
1.411667e+00 1.417501e+00 1.423334e+00 1.360643e-02
1.423334e+00 1.429167e+00 1.435001e+00 1.330326e-02
1.435001e+00 1.440834e+00 1.446667e+00 1.300532e-02
1.446667e+00 1.452501e+00 1.458334e+00 1.271260e-02
1.458334e+00 1.464167e+00 1.470001e+00 1.242507e-02
1.470001e+00 1.475834e+00 1.481667e+00 1.214269e-02
1.481667e+00 1.487501e+00 1.493334e+00 1.186545e-02
1.493334e+00 1.499167e+00 1.505001e+00 1.159330e-02
1.505001e+00 1.510834e+00 1.516667e+00 1.132620e-02
1.516667e+00 1.522501e+00 1.528334e+00 1.106410e-02
1.528334e+00 1.534167e+00 1.540001e+00 1.080698e-02
1.540001e+00 1.545834e+00 1.551667e+00 1.055477e-02
1.551667e+00 1.557501e+00 1.563334e+00 1.030744e-02
1.563334e+00 1.569167e+00 1.575001e+00 1.006492e-02
1.575001e+00 1.580834e+00 1.586667e+00 9.827174e-03
1.586667e+00 1.592501e+00 1.598334e+00 9.594144e-03
1.598334e+00 1.604167e+00 1.610001e+00 9.365775e-03
1.610001e+00 1.615834e+00 1.621667e+00 9.142010e-03
1.621667e+00 1.627501e+00 1.633334e+00 8.922793e-03
1.633334e+00 1.639167e+00 1.645001e+00 8.708066e-03
1.645001e+00 1.650834e+00 1.656667e+00 8.497768e-03
1.656667e+00 1.662501e+00 1.668334e+00 8.291840e-03
1.668334e+00 1.674167e+00 1.680001e+00 8.090222e-03
1.680001e+00 1.685834e+00 1.691667e+00 7.892852e-03
1.691667e+00 1.697501e+00 1.703334e+00 7.699668e-03
1.703334e+00 1.709167e+00 1.715001e+00 7.510608e-03
1.715001e+00 1.720834e+00 1.726667e+00 7.325610e-03
1.726667e+00 1.732501e+00 1.738334e+00 7.144611e-03
1.738334e+00 1.744167e+00 1.750000e+00 6.967547e-03
1.750000e+00 1.755834e+00 1.761667e+00 6.794356e-03
1.761667e+00 1.767500e+00 1.773334e+00 6.624975e-03
1.773334e+00 1.779167e+00 1.785000e+00 6.459340e-03
1.785000e+00 1.790834e+00 1.796667e+00 6.297389e-03
1.796667e+00 1.802500e+00 1.808334e+00 6.139058e-03
1.808334e+00 1.814167e+00 1.820000e+00 5.984286e-03
1.820000e+00 1.825834e+00 1.831667e+00 5.833009e-03
1.831667e+00 1.837500e+00 1.843334e+00 5.685167e-03
1.843334e+00 1.849167e+00 1.855000e+00 5.540696e-03
1.855000e+00 1.860834e+00 1.866667e+00 5.399535e-03
1.866667e+00 1.872500e+00 1.878334e+00 5.261625e-03
1.878334e+00 1.884167e+00 1.890000e+00 5.126903e-03
1.890000e+00 1.895834e+00 1.901667e+00 4.995311e-03
1.901667e+00 1.907500e+00 1.913334e+00 4.866788e-03
1.913334e+00 1.919167e+00 1.925000e+00 4.741277e-03
1.925000e+00 1.930834e+00 1.936667e+00 4.618717e-03
1.936667e+00 1.942500e+00 1.948334e+00 4.499053e-03
1.948334e+00 1.954167e+00 1.960000e+00 4.382225e-03
1.960000e+00 1.965834e+00 1.971667e+00 4.268179e-03
1.971667e+00 1.977500e+00 1.983334e+00 4.156858e-03
1.983334e+00 1.989167e+00 1.995000e+00 4.048207e-03
1.995000e+00 2.000834e+00 2.006667e+00 3.942171e-03
2.006667e+00 2.012500e+00 2.018334e+00 3.838697e-03
2.018334e+00 2.024167e+00 2.030000e+00 3.737732e-03
2.030000e+00 2.035834e+00 2.041667e+00 3.639223e-03
2.041667e+00 2.047500e+00 2.053334e+00 3.543118e-03
2.053334e+00 2.059167e+00 2.065000e+00 3.449367e-03
2.065000e+00 2.070834e+00 2.076667e+00 3.357920e-03
2.076667e+00 2.082500e+00 2.088334e+00 3.268726e-03
2.088334e+00 2.094167e+00 2.100000e+00 3.181738e-03
2.100000e+00 2.105834e+00 2.111667e+00 3.096908e-03
2.111667e+00 2.117500e+00 2.123334e+00 3.014187e-03
2.123334e+00 2.129167e+00 2.135000e+00 2.933531e-03
2.135000e+00 2.140834e+00 2.146667e+00 2.854893e-03
2.146667e+00 2.152500e+00 2.158334e+00 2.778229e-03
2.158334e+00 2.164167e+00 2.170000e+00 2.703494e-03
2.170000e+00 2.175834e+00 2.181667e+00 2.630645e-03
2.181667e+00 2.187500e+00 2.193334e+00 2.559640e-03
2.193334e+00 2.199167e+00 2.205000e+00 2.490436e-03
2.205000e+00 2.210834e+00 2.216667e+00 2.422993e-03
2.216667e+00 2.222500e+00 2.228334e+00 2.357270e-03
2.228334e+00 2.234167e+00 2.240000e+00 2.293227e-03
2.240000e+00 2.245834e+00 2.251667e+00 2.230827e-03
2.251667e+00 2.257500e+00 2.263334e+00 2.170029e-03
2.263334e+00 2.269167e+00 2.275000e+00 2.110798e-03
2.275000e+00 2.280834e+00 2.286667e+00 2.053096e-03
2.286667e+00 2.292500e+00 2.298334e+00 1.996888e-03
2.298334e+00 2.304167e+00 2.310000e+00 1.942137e-03
2.310000e+00 2.315834e+00 2.321667e+00 1.888810e-03
2.321667e+00 2.327500e+00 2.333334e+00 1.836873e-03
2.333334e+00 2.339167e+00 2.345000e+00 1.786292e-03
2.345000e+00 2.350834e+00 2.356667e+00 1.737035e-03
2.356667e+00 2.362500e+00 2.368334e+00 1.689070e-03
2.368334e+00 2.374167e+00 2.380000e+00 1.642365e-03
2.380000e+00 2.385834e+00 2.391667e+00 1.596890e-03
2.391667e+00 2.397500e+00 2.403334e+00 1.552616e-03
2.403334e+00 2.409167e+00 2.415000e+00 1.509512e-03
2.415000e+00 2.420834e+00 2.426667e+00 1.467550e-03
2.426667e+00 2.432500e+00 2.438334e+00 1.426702e-03
2.438334e+00 2.444167e+00 2.450000e+00 1.386941e-03
2.450000e+00 2.455834e+00 2.461667e+00 1.348239e-03
2.461667e+00 2.467500e+00 2.473334e+00 1.310571e-03
2.473334e+00 2.479167e+00 2.485000e+00 1.273910e-03
2.485000e+00 2.490834e+00 2.496667e+00 1.238231e-03
2.496667e+00 2.502500e+00 2.508334e+00 1.203510e-03
2.508334e+00 2.514167e+00 2.520000e+00 1.169723e-03
2.520000e+00 2.525834e+00 2.531667e+00 1.136846e-03
2.531667e+00 2.537500e+00 2.543334e+00 1.104856e-03
2.543334e+00 2.549167e+00 2.555000e+00 1.073731e-03
2.555000e+00 2.560834e+00 2.566667e+00 1.043448e-03
2.566667e+00 2.572500e+00 2.578334e+00 1.013986e-03
2.578334e+00 2.584167e+00 2.590000e+00 9.853250e-04
2.590000e+00 2.595834e+00 2.601667e+00 9.574435e-04
2.601667e+00 2.607500e+00 2.613334e+00 9.303216e-04
2.613334e+00 2.619167e+00 2.625000e+00 9.039400e-04
2.625000e+00 2.630834e+00 2.636667e+00 8.782794e-04
2.636667e+00 2.642500e+00 2.648334e+00 8.533212e-04
2.648334e+00 2.654167e+00 2.660000e+00 8.290472e-04
2.660000e+00 2.665834e+00 2.671667e+00 8.054397e-04
2.671667e+00 2.677500e+00 2.683334e+00 7.824813e-04
2.683334e+00 2.689167e+00 2.695000e+00 7.601550e-04
2.695000e+00 2.700834e+00 2.706667e+00 7.384443e-04
2.706667e+00 2.712500e+00 2.718334e+00 7.173331e-04
2.718334e+00 2.724167e+00 2.730000e+00 6.968056e-04
2.730000e+00 2.735834e+00 2.741667e+00 6.768465e-04
2.741667e+00 2.747500e+00 2.753334e+00 6.574407e-04
2.753334e+00 2.759167e+00 2.765000e+00 6.385737e-04
2.765000e+00 2.770834e+00 2.776667e+00 6.202312e-04
2.776667e+00 2.782500e+00 2.788334e+00 6.023992e-04
2.788334e+00 2.794167e+00 2.800000e+00 5.850643e-04
2.800000e+00 2.805834e+00 2.811667e+00 5.682130e-04
2.811667e+00 2.817500e+00 2.823334e+00 5.518326e-04
2.823334e+00 2.829167e+00 2.835000e+00 5.359104e-04
2.835000e+00 2.840834e+00 2.846667e+00 5.204342e-04
2.846667e+00 2.852500e+00 2.858334e+00 5.053920e-04
2.858334e+00 2.864167e+00 2.870000e+00 4.907722e-04
2.870000e+00 2.875834e+00 2.881667e+00 4.765633e-04
2.881667e+00 2.887500e+00 2.893334e+00 4.627542e-04
2.893334e+00 2.899167e+00 2.905000e+00 4.493343e-04
2.905000e+00 2.910834e+00 2.916667e+00 4.362928e-04
2.916667e+00 2.922500e+00 2.928333e+00 4.236197e-04
2.928333e+00 2.934167e+00 2.940000e+00 4.113048e-04
2.940000e+00 2.945833e+00 2.951667e+00 3.993384e-04
2.951667e+00 2.957500e+00 2.963333e+00 3.877110e-04
2.963333e+00 2.969167e+00 2.975000e+00 3.764135e-04
2.975000e+00 2.980833e+00 2.986667e+00 3.654367e-04
2.986667e+00 2.992500e+00 2.998333e+00 3.547718e-04
2.998333e+00 3.004167e+00 3.010000e+00 3.444104e-04
3.010000e+00 3.015833e+00 3.021667e+00 3.343441e-04
3.021667e+00 3.027500e+00 3.033333e+00 3.245648e-04
3.033333e+00 3.039167e+00 3.045000e+00 3.150646e-04
3.045000e+00 3.050833e+00 3.056667e+00 3.058357e-04
3.056667e+00 3.062500e+00 3.068333e+00 2.968708e-04
3.068333e+00 3.074167e+00 3.080000e+00 2.881624e-04
3.080000e+00 3.085833e+00 3.091667e+00 2.797036e-04
3.091667e+00 3.097500e+00 3.103333e+00 2.714873e-04
3.103333e+00 3.109167e+00 3.115000e+00 2.635068e-04
3.115000e+00 3.120833e+00 3.126667e+00 2.557556e-04
3.126667e+00 3.132500e+00 3.138333e+00 2.482274e-04
3.138333e+00 3.144167e+00 3.150000e+00 2.409158e-04
3.150000e+00 3.155833e+00 3.161667e+00 2.338148e-04
3.161667e+00 3.167500e+00 3.173333e+00 2.269186e-04
3.173333e+00 3.179167e+00 3.185000e+00 2.202215e-04
3.185000e+00 3.190833e+00 3.196667e+00 2.137178e-04
3.196667e+00 3.202500e+00 3.208333e+00 2.074021e-04
3.208333e+00 3.214167e+00 3.220000e+00 2.012691e-04
3.220000e+00 3.225833e+00 3.231667e+00 1.953138e-04
3.231667e+00 3.237500e+00 3.243333e+00 1.895310e-04
3.243333e+00 3.249167e+00 3.255000e+00 1.839160e-04
3.255000e+00 3.260833e+00 3.266667e+00 1.784640e-04
3.266667e+00 3.272500e+00 3.278333e+00 1.731704e-04
3.278333e+00 3.284167e+00 3.290000e+00 1.680308e-04
3.290000e+00 3.295833e+00 3.301667e+00 1.630407e-04
3.301667e+00 3.307500e+00 3.313333e+00 1.581960e-04
3.313333e+00 3.319167e+00 3.325000e+00 1.534924e-04
3.325000e+00 3.330833e+00 3.336667e+00 1.489261e-04
3.336667e+00 3.342500e+00 3.348333e+00 1.444930e-04
3.348333e+00 3.354167e+00 3.360000e+00 1.401895e-04
3.360000e+00 3.365833e+00 3.371667e+00 1.360117e-04
3.371667e+00 3.377500e+00 3.383333e+00 1.319562e-04
3.383333e+00 3.389167e+00 3.395000e+00 1.280195e-04
3.395000e+00 3.400833e+00 3.406667e+00 1.241981e-04
3.406667e+00 3.412500e+00 3.418333e+00 1.204887e-04
3.418333e+00 3.424167e+00 3.430000e+00 1.168882e-04
3.430000e+00 3.435833e+00 3.441667e+00 1.133934e-04
3.441667e+00 3.447500e+00 3.453333e+00 1.100012e-04
3.453333e+00 3.459167e+00 3.465000e+00 1.067089e-04
3.465000e+00 3.470833e+00 3.476667e+00 1.035134e-04
3.476667e+00 3.482500e+00 3.488333e+00 1.004119e-04
3.488333e+00 3.494167e+00 3.500000e+00 9.740189e-05
