1.000000e-06 5.834332e-03 1.166766e-02 3.302132e-05
1.166766e-02 1.750099e-02 2.333433e-02 2.823110e-04
2.333433e-02 2.916766e-02 3.500099e-02 7.477907e-04
3.500099e-02 4.083432e-02 4.666765e-02 1.400375e-03
4.666765e-02 5.250099e-02 5.833432e-02 2.214712e-03
5.833432e-02 6.416765e-02 7.000098e-02 3.168357e-03
7.000098e-02 7.583431e-02 8.166764e-02 4.241283e-03
8.166764e-02 8.750097e-02 9.333431e-02 5.415534e-03
9.333431e-02 9.916764e-02 1.050010e-01 6.674968e-03
1.050010e-01 1.108343e-01 1.166676e-01 8.005046e-03
1.166676e-01 1.225010e-01 1.283343e-01 9.392656e-03
1.283343e-01 1.341676e-01 1.400010e-01 1.082598e-02
1.400010e-01 1.458343e-01 1.516676e-01 1.229434e-02
1.516676e-01 1.575010e-01 1.633343e-01 1.378812e-02
1.633343e-01 1.691676e-01 1.750009e-01 1.529866e-02
1.750009e-01 1.808343e-01 1.866676e-01 1.681816e-02
1.866676e-01 1.925009e-01 1.983343e-01 1.833962e-02
1.983343e-01 2.041676e-01 2.100009e-01 1.985673e-02
2.100009e-01 2.158343e-01 2.216676e-01 2.136388e-02
2.216676e-01 2.275009e-01 2.333343e-01 2.285604e-02
2.333343e-01 2.391676e-01 2.450009e-01 2.432874e-02
2.450009e-01 2.508343e-01 2.566676e-01 2.577800e-02
2.566676e-01 2.625009e-01 2.683343e-01 2.720033e-02
2.683343e-01 2.741676e-01 2.800009e-01 2.859263e-02
2.800009e-01 2.858343e-01 2.916676e-01 2.995222e-02
2.916676e-01 2.975009e-01 3.033342e-01 3.127676e-02
3.033342e-01 3.091676e-01 3.150009e-01 3.256423e-02
3.150009e-01 3.208342e-01 3.266676e-01 3.381293e-02
3.266676e-01 3.325009e-01 3.383342e-01 3.502141e-02
3.383342e-01 3.441676e-01 3.500009e-01 3.618848e-02
3.500009e-01 3.558342e-01 3.616676e-01 3.731318e-02
3.616676e-01 3.675009e-01 3.733342e-01 3.839474e-02
3.733342e-01 3.791676e-01 3.850009e-01 3.943262e-02
3.850009e-01 3.908342e-01 3.966676e-01 4.042640e-02
3.966676e-01 4.025009e-01 4.083342e-01 4.137586e-02
4.083342e-01 4.141675e-01 4.200009e-01 4.228090e-02
4.200009e-01 4.258342e-01 4.316675e-01 4.314156e-02
4.316675e-01 4.375009e-01 4.433342e-01 4.395799e-02
4.433342e-01 4.491675e-01 4.550009e-01 4.473045e-02
4.550009e-01 4.608342e-01 4.666675e-01 4.545929e-02
4.666675e-01 4.725009e-01 4.783342e-01 4.614495e-02
4.783342e-01 4.841675e-01 4.900009e-01 4.678794e-02
4.900009e-01 4.958342e-01 5.016675e-01 4.738886e-02
5.016675e-01 5.075009e-01 5.133342e-01 4.794833e-02
5.133342e-01 5.191675e-01 5.250008e-01 4.846706e-02
5.250008e-01 5.308342e-01 5.366675e-01 4.894580e-02
5.366675e-01 5.425008e-01 5.483342e-01 4.938532e-02
5.483342e-01 5.541675e-01 5.600008e-01 4.978645e-02
5.600008e-01 5.658342e-01 5.716675e-01 5.015003e-02
5.716675e-01 5.775008e-01 5.833342e-01 5.047694e-02
5.833342e-01 5.891675e-01 5.950008e-01 5.076808e-02
5.950008e-01 6.008342e-01 6.066675e-01 5.102436e-02
6.066675e-01 6.125008e-01 6.183342e-01 5.124671e-02
6.183342e-01 6.241675e-01 6.300008e-01 5.143607e-02
6.300008e-01 6.358342e-01 6.416675e-01 5.159338e-02
6.416675e-01 6.475008e-01 6.533341e-01 5.171959e-02
6.533341e-01 6.591675e-01 6.650008e-01 5.181565e-02
6.650008e-01 6.708341e-01 6.766675e-01 5.188252e-02
6.766675e-01 6.825008e-01 6.883341e-01 5.192113e-02
6.883341e-01 6.941675e-01 7.000008e-01 5.193245e-02
7.000008e-01 7.058341e-01 7.116675e-01 5.191739e-02
7.116675e-01 7.175008e-01 7.233341e-01 5.187690e-02
7.233341e-01 7.291675e-01 7.350008e-01 5.181189e-02
7.350008e-01 7.408341e-01 7.466675e-01 5.172328e-02
7.466675e-01 7.525008e-01 7.583341e-01 5.161196e-02
7.583341e-01 7.641674e-01 7.700008e-01 5.147882e-02
7.700008e-01 7.758341e-01 7.816674e-01 5.132473e-02
7.816674e-01 7.875008e-01 7.933341e-01 5.115056e-02
7.933341e-01 7.991674e-01 8.050008e-01 5.095714e-02
8.050008e-01 8.108341e-01 8.166674e-01 5.074530e-02
8.166674e-01 8.225008e-01 8.283341e-01 5.051585e-02
8.283341e-01 8.341674e-01 8.400008e-01 5.026960e-02
8.400008e-01 8.458341e-01 8.516674e-01 5.000732e-02
8.516674e-01 8.575008e-01 8.633341e-01 4.972977e-02
8.633341e-01 8.691674e-01 8.750007e-01 4.943769e-02
8.750007e-01 8.808341e-01 8.866674e-01 4.913182e-02
8.866674e-01 8.925007e-01 8.983341e-01 4.881285e-02
8.983341e-01 9.041674e-01 9.100007e-01 4.848149e-02
9.100007e-01 9.158341e-01 9.216674e-01 4.813841e-02
9.216674e-01 9.275007e-01 9.333341e-01 4.778426e-02
9.333341e-01 9.391674e-01 9.450007e-01 4.741967e-02
9.450007e-01 9.508341e-01 9.566674e-01 4.704528e-02
9.566674e-01 9.625007e-01 9.683341e-01 4.666167e-02
9.683341e-01 9.741674e-01 9.800007e-01 4.626945e-02
9.800007e-01 9.858341e-01 9.916674e-01 4.586917e-02
9.916674e-01 9.975007e-01 1.003334e+00 4.546138e-02
1.003334e+00 1.009167e+00 1.015001e+00 4.504662e-02
1.015001e+00 1.020834e+00 1.026667e+00 4.462541e-02
1.026667e+00 1.032501e+00 1.038334e+00 4.419824e-02
1.038334e+00 1.044167e+00 1.050001e+00 4.376561e-02
1.050001e+00 1.055834e+00 1.061667e+00 4.332796e-02
1.061667e+00 1.067501e+00 1.073334e+00 4.288577e-02
1.073334e+00 1.079167e+00 1.085001e+00 4.243946e-02
1.085001e+00 1.090834e+00 1.096667e+00 4.198946e-02
1.096667e+00 1.102501e+00 1.108334e+00 4.153617e-02
1.108334e+00 1.114167e+00 1.120001e+00 4.107999e-02
1.120001e+00 1.125834e+00 1.131667e+00 4.062129e-02
1.131667e+00 1.137501e+00 1.143334e+00 4.016043e-02
1.143334e+00 1.149167e+00 1.155001e+00 3.969777e-02
1.155001e+00 1.160834e+00 1.166667e+00 3.923364e-02
1.166667e+00 1.172501e+00 1.178334e+00 3.876836e-02
1.178334e+00 1.184167e+00 1.190001e+00 3.830224e-02
1.190001e+00 1.195834e+00 1.201667e+00 3.783559e-02
1.201667e+00 1.207501e+00 1.213334e+00 3.736868e-02
1.213334e+00 1.219167e+00 1.225001e+00 3.690179e-02
1.225001e+00 1.230834e+00 1.236667e+00 3.643518e-02
1.236667e+00 1.242501e+00 1.248334e+00 3.596911e-02
1.248334e+00 1.254167e+00 1.260001e+00 3.550380e-02
1.260001e+00 1.265834e+00 1.271667e+00 3.503949e-02
1.271667e+00 1.277501e+00 1.283334e+00 3.457641e-02
1.283334e+00 1.289167e+00 1.295001e+00 3.411475e-02
1.295001e+00 1.300834e+00 1.306667e+00 3.365471e-02
1.306667e+00 1.312501e+00 1.318334e+00 3.319649e-02
1.318334e+00 1.324167e+00 1.330001e+00 3.274026e-02
1.330001e+00 1.335834e+00 1.341667e+00 3.228620e-02
1.341667e+00 1.347501e+00 1.353334e+00 3.183446e-02
1.353334e+00 1.359167e+00 1.365001e+00 3.138520e-02
1.365001e+00 1.370834e+00 1.376667e+00 3.093857e-02
1.376667e+00 1.382501e+00 1.388334e+00 3.049470e-02
1.388334e+00 1.394167e+00 1.400001e+00 3.005373e-02
1.400001e+00 1.405834e+00 1.411667e+00 2.961577e-02
1.411667e+00 1.417501e+00 1.423334e+00 2.918094e-02
1.423334e+00 1.429167e+00 1.435001e+00 2.874934e-02
1.435001e+00 1.440834e+00 1.446667e+00 2.832109e-02
1.446667e+00 1.452501e+00 1.458334e+00 2.789628e-02
1.458334e+00 1.464167e+00 1.470001e+00 2.747498e-02
1.470001e+00 1.475834e+00 1.481667e+00 2.705730e-02
1.481667e+00 1.487501e+00 1.493334e+00 2.664330e-02
1.493334e+00 1.499167e+00 1.505001e+00 2.623305e-02
1.505001e+00 1.510834e+00 1.516667e+00 2.582663e-02
1.516667e+00 1.522501e+00 1.528334e+00 2.542409e-02
1.528334e+00 1.534167e+00 1.540001e+00 2.502548e-02
1.540001e+00 1.545834e+00 1.551667e+00 2.463087e-02
1.551667e+00 1.557501e+00 1.563334e+00 2.424029e-02
1.563334e+00 1.569167e+00 1.575001e+00 2.385379e-02
1.575001e+00 1.580834e+00 1.586667e+00 2.347140e-02
1.586667e+00 1.592501e+00 1.598334e+00 2.309316e-02
1.598334e+00 1.604167e+00 1.610001e+00 2.271910e-02
1.610001e+00 1.615834e+00 1.621667e+00 2.234924e-02
1.621667e+00 1.627501e+00 1.633334e+00 2.198361e-02
1.633334e+00 1.639167e+00 1.645001e+00 2.162222e-02
1.645001e+00 1.650834e+00 1.656667e+00 2.126509e-02
1.656667e+00 1.662501e+00 1.668334e+00 2.091223e-02
1.668334e+00 1.674167e+00 1.680001e+00 2.056365e-02
1.680001e+00 1.685834e+00 1.691667e+00 2.021935e-02
1.691667e+00 1.697501e+00 1.703334e+00 1.987934e-02
1.703334e+00 1.709167e+00 1.715001e+00 1.954363e-02
1.715001e+00 1.720834e+00 1.726667e+00 1.921219e-02
1.726667e+00 1.732501e+00 1.738334e+00 1.888504e-02
1.738334e+00 1.744167e+00 1.750000e+00 1.856217e-02
1.750000e+00 1.755834e+00 1.761667e+00 1.824356e-02
1.761667e+00 1.767500e+00 1.773334e+00 1.792921e-02
1.773334e+00 1.779167e+00 1.785000e+00 1.761910e-02
1.785000e+00 1.790834e+00 1.796667e+00 1.731321e-02
1.796667e+00 1.802500e+00 1.808334e+00 1.701154e-02
1.808334e+00 1.814167e+00 1.820000e+00 1.671405e-02
1.820000e+00 1.825834e+00 1.831667e+00 1.642074e-02
1.831667e+00 1.837500e+00 1.843334e+00 1.613157e-02
1.843334e+00 1.849167e+00 1.855000e+00 1.584653e-02
1.855000e+00 1.860834e+00 1.866667e+00 1.556559e-02
1.866667e+00 1.872500e+00 1.878334e+00 1.528872e-02
1.878334e+00 1.884167e+00 1.890000e+00 1.501590e-02
1.890000e+00 1.895834e+00 1.901667e+00 1.474710e-02
1.901667e+00 1.907500e+00 1.913334e+00 1.448228e-02
1.913334e+00 1.919167e+00 1.925000e+00 1.422143e-02
1.925000e+00 1.930834e+00 1.936667e+00 1.396450e-02
1.936667e+00 1.942500e+00 1.948334e+00 1.371147e-02
1.948334e+00 1.954167e+00 1.960000e+00 1.346230e-02
1.960000e+00 1.965834e+00 1.971667e+00 1.321696e-02
1.971667e+00 1.977500e+00 1.983334e+00 1.297541e-02
1.983334e+00 1.989167e+00 1.995000e+00 1.273761e-02
1.995000e+00 2.000834e+00 2.006667e+00 1.250355e-02
2.006667e+00 2.012500e+00 2.018334e+00 1.227316e-02
2.018334e+00 2.024167e+00 2.030000e+00 1.204643e-02
2.030000e+00 2.035834e+00 2.041667e+00 1.182330e-02
2.041667e+00 2.047500e+00 2.053334e+00 1.160375e-02
2.053334e+00 2.059167e+00 2.065000e+00 1.138774e-02
2.065000e+00 2.070834e+00 2.076667e+00 1.117522e-02
2.076667e+00 2.082500e+00 2.088334e+00 1.096616e-02
2.088334e+00 2.094167e+00 2.100000e+00 1.076052e-02
2.100000e+00 2.105834e+00 2.111667e+00 1.055826e-02
2.111667e+00 2.117500e+00 2.123334e+00 1.035934e-02
2.123334e+00 2.129167e+00 2.135000e+00 1.016372e-02
2.135000e+00 2.140834e+00 2.146667e+00 9.971361e-03
2.146667e+00 2.152500e+00 2.158334e+00 9.782225e-03
2.158334e+00 2.164167e+00 2.170000e+00 9.596270e-03
2.170000e+00 2.175834e+00 2.181667e+00 9.413457e-03
2.181667e+00 2.187500e+00 2.193334e+00 9.233746e-03
2.193334e+00 2.199167e+00 2.205000e+00 9.057097e-03
2.205000e+00 2.210834e+00 2.216667e+00 8.883470e-03
2.216667e+00 2.222500e+00 2.228334e+00 8.712826e-03
2.228334e+00 2.234167e+00 2.240000e+00 8.545124e-03
2.240000e+00 2.245834e+00 2.251667e+00 8.380326e-03
2.251667e+00 2.257500e+00 2.263334e+00 8.218391e-03
2.263334e+00 2.269167e+00 2.275000e+00 8.059281e-03
2.275000e+00 2.280834e+00 2.286667e+00 7.902956e-03
2.286667e+00 2.292500e+00 2.298334e+00 7.749378e-03
2.298334e+00 2.304167e+00 2.310000e+00 7.598507e-03
2.310000e+00 2.315834e+00 2.321667e+00 7.450305e-03
2.321667e+00 2.327500e+00 2.333334e+00 7.304734e-03
2.333334e+00 2.339167e+00 2.345000e+00 7.161755e-03
2.345000e+00 2.350834e+00 2.356667e+00 7.021331e-03
2.356667e+00 2.362500e+00 2.368334e+00 6.883424e-03
2.368334e+00 2.374167e+00 2.380000e+00 6.747997e-03
2.380000e+00 2.385834e+00 2.391667e+00 6.615013e-03
2.391667e+00 2.397500e+00 2.403334e+00 6.484434e-03
2.403334e+00 2.409167e+00 2.415000e+00 6.356225e-03
2.415000e+00 2.420834e+00 2.426667e+00 6.230349e-03
2.426667e+00 2.432500e+00 2.438334e+00 6.106771e-03
2.438334e+00 2.444167e+00 2.450000e+00 5.985455e-03
2.450000e+00 2.455834e+00 2.461667e+00 5.866365e-03
2.461667e+00 2.467500e+00 2.473334e+00 5.749467e-03
2.473334e+00 2.479167e+00 2.485000e+00 5.634726e-03
2.485000e+00 2.490834e+00 2.496667e+00 5.522109e-03
2.496667e+00 2.502500e+00 2.508334e+00 5.411580e-03
2.508334e+00 2.514167e+00 2.520000e+00 5.303107e-03
2.520000e+00 2.525834e+00 2.531667e+00 5.196657e-03
2.531667e+00 2.537500e+00 2.543334e+00 5.092197e-03
2.543334e+00 2.549167e+00 2.555000e+00 4.989694e-03
2.555000e+00 2.560834e+00 2.566667e+00 4.889116e-03
2.566667e+00 2.572500e+00 2.578334e+00 4.790432e-03
2.578334e+00 2.584167e+00 2.590000e+00 4.693610e-03
2.590000e+00 2.595834e+00 2.601667e+00 4.598620e-03
2.601667e+00 2.607500e+00 2.613334e+00 4.505430e-03
2.613334e+00 2.619167e+00 2.625000e+00 4.414011e-03
2.625000e+00 2.630834e+00 2.636667e+00 4.324333e-03
2.636667e+00 2.642500e+00 2.648334e+00 4.236366e-03
2.648334e+00 2.654167e+00 2.660000e+00 4.150080e-03
2.660000e+00 2.665834e+00 2.671667e+00 4.065449e-03
2.671667e+00 2.677500e+00 2.683334e+00 3.982442e-03
2.683334e+00 2.689167e+00 2.695000e+00 3.901033e-03
2.695000e+00 2.700834e+00 2.706667e+00 3.821193e-03
2.706667e+00 2.712500e+00 2.718334e+00 3.742896e-03
2.718334e+00 2.724167e+00 2.730000e+00 3.666114e-03
2.730000e+00 2.735834e+00 2.741667e+00 3.590821e-03
2.741667e+00 2.747500e+00 2.753334e+00 3.516991e-03
2.753334e+00 2.759167e+00 2.765000e+00 3.444598e-03
2.765000e+00 2.770834e+00 2.776667e+00 3.373617e-03
2.776667e+00 2.782500e+00 2.788334e+00 3.304022e-03
2.788334e+00 2.794167e+00 2.800000e+00 3.235790e-03
2.800000e+00 2.805834e+00 2.811667e+00 3.168895e-03
2.811667e+00 2.817500e+00 2.823334e+00 3.103314e-03
2.823334e+00 2.829167e+00 2.835000e+00 3.039023e-03
2.835000e+00 2.840834e+00 2.846667e+00 2.975999e-03
2.846667e+00 2.852500e+00 2.858334e+00 2.914219e-03
2.858334e+00 2.864167e+00 2.870000e+00 2.853661e-03
2.870000e+00 2.875834e+00 2.881667e+00 2.794302e-03
2.881667e+00 2.887500e+00 2.893334e+00 2.736120e-03
2.893334e+00 2.899167e+00 2.905000e+00 2.679094e-03
2.905000e+00 2.910834e+00 2.916667e+00 2.623203e-03
2.916667e+00 2.922500e+00 2.928333e+00 2.568426e-03
2.928333e+00 2.934167e+00 2.940000e+00 2.514742e-03
2.940000e+00 2.945833e+00 2.951667e+00 2.462131e-03
2.951667e+00 2.957500e+00 2.963333e+00 2.410573e-03
2.963333e+00 2.969167e+00 2.975000e+00 2.360048e-03
2.975000e+00 2.980833e+00 2.986667e+00 2.310538e-03
2.986667e+00 2.992500e+00 2.998333e+00 2.262024e-03
2.998333e+00 3.004167e+00 3.010000e+00 2.214486e-03
3.010000e+00 3.015833e+00 3.021667e+00 2.167906e-03
3.021667e+00 3.027500e+00 3.033333e+00 2.122267e-03
3.033333e+00 3.039167e+00 3.045000e+00 2.077550e-03
3.045000e+00 3.050833e+00 3.056667e+00 2.033738e-03
3.056667e+00 3.062500e+00 3.068333e+00 1.990815e-03
3.068333e+00 3.074167e+00 3.080000e+00 1.948762e-03
3.080000e+00 3.085833e+00 3.091667e+00 1.907565e-03
3.091667e+00 3.097500e+00 3.103333e+00 1.867205e-03
3.103333e+00 3.109167e+00 3.115000e+00 1.827667e-03
3.115000e+00 3.120833e+00 3.126667e+00 1.788936e-03
3.126667e+00 3.132500e+00 3.138333e+00 1.750996e-03
3.138333e+00 3.144167e+00 3.150000e+00 1.713832e-03
3.150000e+00 3.155833e+00 3.161667e+00 1.677429e-03
3.161667e+00 3.167500e+00 3.173333e+00 1.641771e-03
3.173333e+00 3.179167e+00 3.185000e+00 1.606846e-03
3.185000e+00 3.190833e+00 3.196667e+00 1.572637e-03
3.196667e+00 3.202500e+00 3.208333e+00 1.539133e-03
3.208333e+00 3.214167e+00 3.220000e+00 1.506318e-03
3.220000e+00 3.225833e+00 3.231667e+00 1.474179e-03
3.231667e+00 3.237500e+00 3.243333e+00 1.442704e-03
3.243333e+00 3.249167e+00 3.255000e+00 1.411879e-03
3.255000e+00 3.260833e+00 3.266667e+00 1.381691e-03
3.266667e+00 3.272500e+00 3.278333e+00 1.352128e-03
3.278333e+00 3.284167e+00 3.290000e+00 1.323178e-03
3.290000e+00 3.295833e+00 3.301667e+00 1.294829e-03
3.301667e+00 3.307500e+00 3.313333e+00 1.267068e-03
3.313333e+00 3.319167e+00 3.325000e+00 1.239884e-03
3.325000e+00 3.330833e+00 3.336667e+00 1.213266e-03
3.336667e+00 3.342500e+00 3.348333e+00 1.187202e-03
3.348333e+00 3.354167e+00 3.360000e+00 1.161681e-03
3.360000e+00 3.365833e+00 3.371667e+00 1.136693e-03
3.371667e+00 3.377500e+00 3.383333e+00 1.112227e-03
3.383333e+00 3.389167e+00 3.395000e+00 1.088273e-03
3.395000e+00 3.400833e+00 3.406667e+00 1.064820e-03
3.406667e+00 3.412500e+00 3.418333e+00 1.041858e-03
3.418333e+00 3.424167e+00 3.430000e+00 1.019378e-03
3.430000e+00 3.435833e+00 3.441667e+00 9.973690e-04
3.441667e+00 3.447500e+00 3.453333e+00 9.758227e-04
3.453333e+00 3.459167e+00 3.465000e+00 9.547292e-04
3.465000e+00 3.470833e+00 3.476667e+00 9.340796e-04
3.476667e+00 3.482500e+00 3.488333e+00 9.138649e-04
3.488333e+00 3.494167e+00 3.500000e+00 8.940762e-04
