1.000000e-06 5.834332e-03 1.166766e-02 3.303730e-05
1.166766e-02 1.750099e-02 2.333433e-02 2.821801e-04
2.333433e-02 2.916766e-02 3.500099e-02 7.462579e-04
3.500099e-02 4.083432e-02 4.666765e-02 1.394839e-03
4.666765e-02 5.250099e-02 5.833432e-02 2.201287e-03
5.833432e-02 6.416765e-02 7.000098e-02 3.142001e-03
7.000098e-02 7.583431e-02 8.166764e-02 4.195947e-03
8.166764e-02 8.750097e-02 9.333431e-02 5.344315e-03
9.333431e-02 9.916764e-02 1.050010e-01 6.570254e-03
1.050010e-01 1.108343e-01 1.166676e-01 7.858657e-03
1.166676e-01 1.225010e-01 1.283343e-01 9.195974e-03
1.283343e-01 1.341676e-01 1.400010e-01 1.057006e-02
1.400010e-01 1.458343e-01 1.516676e-01 1.197004e-02
1.516676e-01 1.575010e-01 1.633343e-01 1.338617e-02
1.633343e-01 1.691676e-01 1.750009e-01 1.480977e-02
1.750009e-01 1.808343e-01 1.866676e-01 1.623308e-02
1.866676e-01 1.925009e-01 1.983343e-01 1.764922e-02
1.983343e-01 2.041676e-01 2.100009e-01 1.905208e-02
2.100009e-01 2.158343e-01 2.216676e-01 2.043626e-02
2.216676e-01 2.275009e-01 2.333343e-01 2.179702e-02
2.333343e-01 2.391676e-01 2.450009e-01 2.313021e-02
2.450009e-01 2.508343e-01 2.566676e-01 2.443220e-02
2.566676e-01 2.625009e-01 2.683343e-01 2.569988e-02
2.683343e-01 2.741676e-01 2.800009e-01 2.693057e-02
2.800009e-01 2.858343e-01 2.916676e-01 2.812199e-02
2.916676e-01 2.975009e-01 3.033342e-01 2.927224e-02
3.033342e-01 3.091676e-01 3.150009e-01 3.037977e-02
3.150009e-01 3.208342e-01 3.266676e-01 3.144331e-02
3.266676e-01 3.325009e-01 3.383342e-01 3.246187e-02
3.383342e-01 3.441676e-01 3.500009e-01 3.343474e-02
3.500009e-01 3.558342e-01 3.616676e-01 3.436140e-02
3.616676e-01 3.675009e-01 3.733342e-01 3.524156e-02
3.733342e-01 3.791676e-01 3.850009e-01 3.607510e-02
3.850009e-01 3.908342e-01 3.966676e-01 3.686207e-02
3.966676e-01 4.025009e-01 4.083342e-01 3.760267e-02
4.083342e-01 4.141675e-01 4.200009e-01 3.829725e-02
4.200009e-01 4.258342e-01 4.316675e-01 3.894624e-02
4.316675e-01 4.375009e-01 4.433342e-01 3.955021e-02
4.433342e-01 4.491675e-01 4.550009e-01 4.010981e-02
4.550009e-01 4.608342e-01 4.666675e-01 4.062577e-02
4.666675e-01 4.725009e-01 4.783342e-01 4.109889e-02
4.783342e-01 4.841675e-01 4.900009e-01 4.153005e-02
4.900009e-01 4.958342e-01 5.016675e-01 4.192017e-02
5.016675e-01 5.075009e-01 5.133342e-01 4.227020e-02
5.133342e-01 5.191675e-01 5.250008e-01 4.258116e-02
5.250008e-01 5.308342e-01 5.366675e-01 4.285408e-02
5.366675e-01 5.425008e-01 5.483342e-01 4.309003e-02
5.483342e-01 5.541675e-01 5.600008e-01 4.329008e-02
5.600008e-01 5.658342e-01 5.716675e-01 4.345535e-02
5.716675e-01 5.775008e-01 5.833342e-01 4.358693e-02
5.833342e-01 5.891675e-01 5.950008e-01 4.368594e-02
5.950008e-01 6.008342e-01 6.066675e-01 4.375351e-02
6.066675e-01 6.125008e-01 6.183342e-01 4.379075e-02
6.183342e-01 6.241675e-01 6.300008e-01 4.379877e-02
6.300008e-01 6.358342e-01 6.416675e-01 4.377869e-02
6.416675e-01 6.475008e-01 6.533341e-01 4.373161e-02
6.533341e-01 6.591675e-01 6.650008e-01 4.365862e-02
6.650008e-01 6.708341e-01 6.766675e-01 4.356078e-02
6.766675e-01 6.825008e-01 6.883341e-01 4.343918e-02
6.883341e-01 6.941675e-01 7.000008e-01 4.329485e-02
7.000008e-01 7.058341e-01 7.116675e-01 4.312881e-02
7.116675e-01 7.175008e-01 7.233341e-01 4.294209e-02
7.233341e-01 7.291675e-01 7.350008e-01 4.273567e-02
7.350008e-01 7.408341e-01 7.466675e-01 4.251052e-02
7.466675e-01 7.525008e-01 7.583341e-01 4.226759e-02
7.583341e-01 7.641674e-01 7.700008e-01 4.200781e-02
7.700008e-01 7.758341e-01 7.816674e-01 4.173207e-02
7.816674e-01 7.875008e-01 7.933341e-01 4.144127e-02
7.933341e-01 7.991674e-01 8.050008e-01 4.113626e-02
8.050008e-01 8.108341e-01 8.166674e-01 4.081788e-02
8.166674e-01 8.225008e-01 8.283341e-01 4.048693e-02
8.283341e-01 8.341674e-01 8.400008e-01 4.014421e-02
8.400008e-01 8.458341e-01 8.516674e-01 3.979048e-02
8.516674e-01 8.575008e-01 8.633341e-01 3.942648e-02
8.633341e-01 8.691674e-01 8.750007e-01 3.905294e-02
8.750007e-01 8.808341e-01 8.866674e-01 3.867053e-02
8.866674e-01 8.925007e-01 8.983341e-01 3.827995e-02
8.983341e-01 9.041674e-01 9.100007e-01 3.788182e-02
9.100007e-01 9.158341e-01 9.216674e-01 3.747679e-02
9.216674e-01 9.275007e-01 9.333341e-01 3.706546e-02
9.333341e-01 9.391674e-01 9.450007e-01 3.664841e-02
9.450007e-01 9.508341e-01 9.566674e-01 3.622619e-02
9.566674e-01 9.625007e-01 9.683341e-01 3.579936e-02
9.683341e-01 9.741674e-01 9.800007e-01 3.536842e-02
9.800007e-01 9.858341e-01 9.916674e-01 3.493388e-02
9.916674e-01 9.975007e-01 1.003334e+00 3.449621e-02
1.003334e+00 1.009167e+00 1.015001e+00 3.405588e-02
1.015001e+00 1.020834e+00 1.026667e+00 3.361333e-02
1.026667e+00 1.032501e+00 1.038334e+00 3.316898e-02
1.038334e+00 1.044167e+00 1.050001e+00 3.272322e-02
1.050001e+00 1.055834e+00 1.061667e+00 3.227645e-02
1.061667e+00 1.067501e+00 1.073334e+00 3.182904e-02
1.073334e+00 1.079167e+00 1.085001e+00 3.138133e-02
1.085001e+00 1.090834e+00 1.096667e+00 3.093367e-02
1.096667e+00 1.102501e+00 1.108334e+00 3.048637e-02
1.108334e+00 1.114167e+00 1.120001e+00 3.003974e-02
1.120001e+00 1.125834e+00 1.131667e+00 2.959406e-02
1.131667e+00 1.137501e+00 1.143334e+00 2.914961e-02
1.143334e+00 1.149167e+00 1.155001e+00 2.870665e-02
1.155001e+00 1.160834e+00 1.166667e+00 2.826543e-02
1.166667e+00 1.172501e+00 1.178334e+00 2.782619e-02
1.178334e+00 1.184167e+00 1.190001e+00 2.738913e-02
1.190001e+00 1.195834e+00 1.201667e+00 2.695448e-02
1.201667e+00 1.207501e+00 1.213334e+00 2.652242e-02
1.213334e+00 1.219167e+00 1.225001e+00 2.609315e-02
1.225001e+00 1.230834e+00 1.236667e+00 2.566683e-02
1.236667e+00 1.242501e+00 1.248334e+00 2.524364e-02
1.248334e+00 1.254167e+00 1.260001e+00 2.482371e-02
1.260001e+00 1.265834e+00 1.271667e+00 2.440721e-02
1.271667e+00 1.277501e+00 1.283334e+00 2.399425e-02
1.283334e+00 1.289167e+00 1.295001e+00 2.358497e-02
1.295001e+00 1.300834e+00 1.306667e+00 2.317947e-02
1.306667e+00 1.312501e+00 1.318334e+00 2.277787e-02
1.318334e+00 1.324167e+00 1.330001e+00 2.238026e-02
1.330001e+00 1.335834e+00 1.341667e+00 2.198674e-02
1.341667e+00 1.347501e+00 1.353334e+00 2.159738e-02
1.353334e+00 1.359167e+00 1.365001e+00 2.121226e-02
1.365001e+00 1.370834e+00 1.376667e+00 2.083146e-02
1.376667e+00 1.382501e+00 1.388334e+00 2.045502e-02
1.388334e+00 1.394167e+00 1.400001e+00 2.008301e-02
1.400001e+00 1.405834e+00 1.411667e+00 1.971548e-02
1.411667e+00 1.417501e+00 1.423334e+00 1.935247e-02
1.423334e+00 1.429167e+00 1.435001e+00 1.899401e-02
1.435001e+00 1.440834e+00 1.446667e+00 1.864015e-02
1.446667e+00 1.452501e+00 1.458334e+00 1.829090e-02
1.458334e+00 1.464167e+00 1.470001e+00 1.794629e-02
1.470001e+00 1.475834e+00 1.481667e+00 1.760633e-02
1.481667e+00 1.487501e+00 1.493334e+00 1.727105e-02
1.493334e+00 1.499167e+00 1.505001e+00 1.694044e-02
1.505001e+00 1.510834e+00 1.516667e+00 1.661452e-02
1.516667e+00 1.522501e+00 1.528334e+00 1.629328e-02
1.528334e+00 1.534167e+00 1.540001e+00 1.597673e-02
1.540001e+00 1.545834e+00 1.551667e+00 1.566485e-02
1.551667e+00 1.557501e+00 1.563334e+00 1.535764e-02
1.563334e+00 1.569167e+00 1.575001e+00 1.505508e-02
1.575001e+00 1.580834e+00 1.586667e+00 1.475717e-02
1.586667e+00 1.592501e+00 1.598334e+00 1.446387e-02
1.598334e+00 1.604167e+00 1.610001e+00 1.417518e-02
1.610001e+00 1.615834e+00 1.621667e+00 1.389107e-02
1.621667e+00 1.627501e+00 1.633334e+00 1.361151e-02
1.633334e+00 1.639167e+00 1.645001e+00 1.333647e-02
1.645001e+00 1.650834e+00 1.656667e+00 1.306593e-02
1.656667e+00 1.662501e+00 1.668334e+00 1.279986e-02
1.668334e+00 1.674167e+00 1.680001e+00 1.253821e-02
1.680001e+00 1.685834e+00 1.691667e+00 1.228097e-02
1.691667e+00 1.697501e+00 1.703334e+00 1.202808e-02
1.703334e+00 1.709167e+00 1.715001e+00 1.177952e-02
1.715001e+00 1.720834e+00 1.726667e+00 1.153524e-02
1.726667e+00 1.732501e+00 1.738334e+00 1.129520e-02
1.738334e+00 1.744167e+00 1.750000e+00 1.105936e-02
1.750000e+00 1.755834e+00 1.761667e+00 1.082768e-02
1.761667e+00 1.767500e+00 1.773334e+00 1.060012e-02
1.773334e+00 1.779167e+00 1.785000e+00 1.037663e-02
1.785000e+00 1.790834e+00 1.796667e+00 1.015716e-02
1.796667e+00 1.802500e+00 1.808334e+00 9.941674e-03
1.808334e+00 1.814167e+00 1.820000e+00 9.730119e-03
1.820000e+00 1.825834e+00 1.831667e+00 9.522450e-03
1.831667e+00 1.837500e+00 1.843334e+00 9.318619e-03
1.843334e+00 1.849167e+00 1.855000e+00 9.118578e-03
1.855000e+00 1.860834e+00 1.866667e+00 8.922278e-03
1.866667e+00 1.872500e+00 1.878334e+00 8.729670e-03
1.878334e+00 1.884167e+00 1.890000e+00 8.540706e-03
1.890000e+00 1.895834e+00 1.901667e+00 8.355336e-03
1.901667e+00 1.907500e+00 1.913334e+00 8.173511e-03
1.913334e+00 1.919167e+00 1.925000e+00 7.995180e-03
1.925000e+00 1.930834e+00 1.936667e+00 7.820295e-03
1.936667e+00 1.942500e+00 1.948334e+00 7.648805e-03
1.948334e+00 1.954167e+00 1.960000e+00 7.480662e-03
1.960000e+00 1.965834e+00 1.971667e+00 7.315815e-03
1.971667e+00 1.977500e+00 1.983334e+00 7.154214e-03
1.983334e+00 1.989167e+00 1.995000e+00 6.995811e-03
1.995000e+00 2.000834e+00 2.006667e+00 6.840556e-03
2.006667e+00 2.012500e+00 2.018334e+00 6.688400e-03
2.018334e+00 2.024167e+00 2.030000e+00 6.539295e-03
2.030000e+00 2.035834e+00 2.041667e+00 6.393191e-03
2.041667e+00 2.047500e+00 2.053334e+00 6.250040e-03
2.053334e+00 2.059167e+00 2.065000e+00 6.109794e-03
2.065000e+00 2.070834e+00 2.076667e+00 5.972405e-03
2.076667e+00 2.082500e+00 2.088334e+00 5.837826e-03
2.088334e+00 2.094167e+00 2.100000e+00 5.706011e-03
2.100000e+00 2.105834e+00 2.111667e+00 5.576911e-03
2.111667e+00 2.117500e+00 2.123334e+00 5.450481e-03
2.123334e+00 2.129167e+00 2.135000e+00 5.326675e-03
2.135000e+00 2.140834e+00 2.146667e+00 5.205448e-03
2.146667e+00 2.152500e+00 2.158334e+00 5.086754e-03
2.158334e+00 2.164167e+00 2.170000e+00 4.970549e-03
2.170000e+00 2.175834e+00 2.181667e+00 4.856788e-03
2.181667e+00 2.187500e+00 2.193334e+00 4.745429e-03
2.193334e+00 2.199167e+00 2.205000e+00 4.636427e-03
2.205000e+00 2.210834e+00 2.216667e+00 4.529740e-03
2.216667e+00 2.222500e+00 2.228334e+00 4.425326e-03
2.228334e+00 2.234167e+00 2.240000e+00 4.323143e-03
2.240000e+00 2.245834e+00 2.251667e+00 4.223150e-03
2.251667e+00 2.257500e+00 2.263334e+00 4.125306e-03
2.263334e+00 2.269167e+00 2.275000e+00 4.029571e-03
2.275000e+00 2.280834e+00 2.286667e+00 3.935905e-03
2.286667e+00 2.292500e+00 2.298334e+00 3.844270e-03
2.298334e+00 2.304167e+00 2.310000e+00 3.754625e-03
2.310000e+00 2.315834e+00 2.321667e+00 3.666935e-03
2.321667e+00 2.327500e+00 2.333334e+00 3.581160e-03
2.333334e+00 2.339167e+00 2.345000e+00 3.497263e-03
2.345000e+00 2.350834e+00 2.356667e+00 3.415209e-03
2.356667e+00 2.362500e+00 2.368334e+00 3.334962e-03
2.368334e+00 2.374167e+00 2.380000e+00 3.256485e-03
2.380000e+00 2.385834e+00 2.391667e+00 3.179744e-03
2.391667e+00 2.397500e+00 2.403334e+00 3.104704e-03
2.403334e+00 2.409167e+00 2.415000e+00 3.031333e-03
2.415000e+00 2.420834e+00 2.426667e+00 2.959595e-03
2.426667e+00 2.432500e+00 2.438334e+00 2.889460e-03
2.438334e+00 2.444167e+00 2.450000e+00 2.820893e-03
2.450000e+00 2.455834e+00 2.461667e+00 2.753864e-03
2.461667e+00 2.467500e+00 2.473334e+00 2.688341e-03
2.473334e+00 2.479167e+00 2.485000e+00 2.624294e-03
2.485000e+00 2.490834e+00 2.496667e+00 2.561692e-03
2.496667e+00 2.502500e+00 2.508334e+00 2.500506e-03
2.508334e+00 2.514167e+00 2.520000e+00 2.440706e-03
2.520000e+00 2.525834e+00 2.531667e+00 2.382264e-03
2.531667e+00 2.537500e+00 2.543334e+00 2.325151e-03
2.543334e+00 2.549167e+00 2.555000e+00 2.269340e-03
2.555000e+00 2.560834e+00 2.566667e+00 2.214803e-03
2.566667e+00 2.572500e+00 2.578334e+00 2.161514e-03
2.578334e+00 2.584167e+00 2.590000e+00 2.109447e-03
2.590000e+00 2.595834e+00 2.601667e+00 2.058575e-03
2.601667e+00 2.607500e+00 2.613334e+00 2.008873e-03
2.613334e+00 2.619167e+00 2.625000e+00 1.960317e-03
2.625000e+00 2.630834e+00 2.636667e+00 1.912881e-03
2.636667e+00 2.642500e+00 2.648334e+00 1.866543e-03
2.648334e+00 2.654167e+00 2.660000e+00 1.821278e-03
2.660000e+00 2.665834e+00 2.671667e+00 1.777063e-03
2.671667e+00 2.677500e+00 2.683334e+00 1.733876e-03
2.683334e+00 2.689167e+00 2.695000e+00 1.691694e-03
2.695000e+00 2.700834e+00 2.706667e+00 1.650495e-03
2.706667e+00 2.712500e+00 2.718334e+00 1.610259e-03
2.718334e+00 2.724167e+00 2.730000e+00 1.570963e-03
2.730000e+00 2.735834e+00 2.741667e+00 1.532589e-03
2.741667e+00 2.747500e+00 2.753334e+00 1.495114e-03
2.753334e+00 2.759167e+00 2.765000e+00 1.458520e-03
2.765000e+00 2.770834e+00 2.776667e+00 1.422787e-03
2.776667e+00 2.782500e+00 2.788334e+00 1.387896e-03
2.788334e+00 2.794167e+00 2.800000e+00 1.353828e-03
2.800000e+00 2.805834e+00 2.811667e+00 1.320566e-03
2.811667e+00 2.817500e+00 2.823334e+00 1.288091e-03
2.823334e+00 2.829167e+00 2.835000e+00 1.256385e-03
2.835000e+00 2.840834e+00 2.846667e+00 1.225432e-03
2.846667e+00 2.852500e+00 2.858334e+00 1.195214e-03
2.858334e+00 2.864167e+00 2.870000e+00 1.165715e-03
2.870000e+00 2.875834e+00 2.881667e+00 1.136919e-03
2.881667e+00 2.887500e+00 2.893334e+00 1.108810e-03
2.893334e+00 2.899167e+00 2.905000e+00 1.081373e-03
2.905000e+00 2.910834e+00 2.916667e+00 1.054591e-03
2.916667e+00 2.922500e+00 2.928333e+00 1.028451e-03
2.928333e+00 2.934167e+00 2.940000e+00 1.002938e-03
2.940000e+00 2.945833e+00 2.951667e+00 9.780372e-04
2.951667e+00 2.957500e+00 2.963333e+00 9.537349e-04
2.963333e+00 2.969167e+00 2.975000e+00 9.300173e-04
2.975000e+00 2.980833e+00 2.986667e+00 9.068712e-04
2.986667e+00 2.992500e+00 2.998333e+00 8.842834e-04
2.998333e+00 3.004167e+00 3.010000e+00 8.622410e-04
3.010000e+00 3.015833e+00 3.021667e+00 8.407314e-04
3.021667e+00 3.027500e+00 3.033333e+00 8.197424e-04
3.033333e+00 3.039167e+00 3.045000e+00 7.992620e-04
3.045000e+00 3.050833e+00 3.056667e+00 7.792782e-04
3.056667e+00 3.062500e+00 3.068333e+00 7.597798e-04
3.068333e+00 3.074167e+00 3.080000e+00 7.407552e-04
3.080000e+00 3.085833e+00 3.091667e+00 7.221936e-04
3.091667e+00 3.097500e+00 3.103333e+00 7.040841e-04
3.103333e+00 3.109167e+00 3.115000e+00 6.864162e-04
3.115000e+00 3.120833e+00 3.126667e+00 6.691795e-04
3.126667e+00 3.132500e+00 3.138333e+00 6.523639e-04
3.138333e+00 3.144167e+00 3.150000e+00 6.359596e-04
3.150000e+00 3.155833e+00 3.161667e+00 6.199568e-04
3.161667e+00 3.167500e+00 3.173333e+00 6.043463e-04
3.173333e+00 3.179167e+00 3.185000e+00 5.891186e-04
3.185000e+00 3.190833e+00 3.196667e+00 5.742648e-04
3.196667e+00 3.202500e+00 3.208333e+00 5.597760e-04
3.208333e+00 3.214167e+00 3.220000e+00 5.456435e-04
3.220000e+00 3.225833e+00 3.231667e+00 5.318591e-04
3.231667e+00 3.237500e+00 3.243333e+00 5.184143e-04
3.243333e+00 3.249167e+00 3.255000e+00 5.053011e-04
3.255000e+00 3.260833e+00 3.266667e+00 4.925116e-04
3.266667e+00 3.272500e+00 3.278333e+00 4.800382e-04
3.278333e+00 3.284167e+00 3.290000e+00 4.678732e-04
3.290000e+00 3.295833e+00 3.301667e+00 4.560093e-04
3.301667e+00 3.307500e+00 3.313333e+00 4.444393e-04
3.313333e+00 3.319167e+00 3.325000e+00 4.331561e-04
3.325000e+00 3.330833e+00 3.336667e+00 4.221530e-04
3.336667e+00 3.342500e+00 3.348333e+00 4.114230e-04
3.348333e+00 3.354167e+00 3.360000e+00 4.009598e-04
3.360000e+00 3.365833e+00 3.371667e+00 3.907568e-04
3.371667e+00 3.377500e+00 3.383333e+00 3.808078e-04
3.383333e+00 3.389167e+00 3.395000e+00 3.711067e-04
3.395000e+00 3.400833e+00 3.406667e+00 3.616475e-04
3.406667e+00 3.412500e+00 3.418333e+00 3.524243e-04
3.418333e+00 3.424167e+00 3.430000e+00 3.434314e-04
3.430000e+00 3.435833e+00 3.441667e+00 3.346632e-04
3.441667e+00 3.447500e+00 3.453333e+00 3.261143e-04
3.453333e+00 3.459167e+00 3.465000e+00 3.177794e-04
3.465000e+00 3.470833e+00 3.476667e+00 3.096533e-04
3.476667e+00 3.482500e+00 3.488333e+00 3.017308e-04
3.488333e+00 3.494167e+00 3.500000e+00 2.940070e-04
