1.000000e-06 5.834332e-03 1.166766e-02 3.312411e-05
1.166766e-02 1.750099e-02 2.333433e-02 2.834830e-04
2.333433e-02 2.916766e-02 3.500099e-02 7.502904e-04
3.500099e-02 4.083432e-02 4.666765e-02 1.402594e-03
4.666765e-02 5.250099e-02 5.833432e-02 2.212938e-03
5.833432e-02 6.416765e-02 7.000098e-02 3.156797e-03
7.000098e-02 7.583431e-02 8.166764e-02 4.212206e-03
8.166764e-02 8.750097e-02 9.333431e-02 5.359464e-03
9.333431e-02 9.916764e-02 1.050010e-01 6.580897e-03
1.050010e-01 1.108343e-01 1.166676e-01 7.860658e-03
1.166676e-01 1.225010e-01 1.283343e-01 9.184549e-03
1.283343e-01 1.341676e-01 1.400010e-01 1.053987e-02
1.400010e-01 1.458343e-01 1.516676e-01 1.191528e-02
1.516676e-01 1.575010e-01 1.633343e-01 1.330067e-02
1.633343e-01 1.691676e-01 1.750009e-01 1.468707e-02
1.750009e-01 1.808343e-01 1.866676e-01 1.606651e-02
1.866676e-01 1.925009e-01 1.983343e-01 1.743197e-02
1.983343e-01 2.041676e-01 2.100009e-01 1.877729e-02
2.100009e-01 2.158343e-01 2.216676e-01 2.009706e-02
2.216676e-01 2.275009e-01 2.333343e-01 2.138660e-02
2.333343e-01 2.391676e-01 2.450009e-01 2.264185e-02
2.450009e-01 2.508343e-01 2.566676e-01 2.385936e-02
2.566676e-01 2.625009e-01 2.683343e-01 2.503618e-02
2.683343e-01 2.741676e-01 2.800009e-01 2.616986e-02
2.800009e-01 2.858343e-01 2.916676e-01 2.725840e-02
2.916676e-01 2.975009e-01 3.033342e-01 2.830017e-02
3.033342e-01 3.091676e-01 3.150009e-01 2.929391e-02
3.150009e-01 3.208342e-01 3.266676e-01 3.023868e-02
3.266676e-01 3.325009e-01 3.383342e-01 3.113384e-02
3.383342e-01 3.441676e-01 3.500009e-01 3.197901e-02
3.500009e-01 3.558342e-01 3.616676e-01 3.277404e-02
3.616676e-01 3.675009e-01 3.733342e-01 3.351898e-02
3.733342e-01 3.791676e-01 3.850009e-01 3.421410e-02
3.850009e-01 3.908342e-01 3.966676e-01 3.485980e-02
3.966676e-01 4.025009e-01 4.083342e-01 3.545665e-02
4.083342e-01 4.141675e-01 4.200009e-01 3.600534e-02
4.200009e-01 4.258342e-01 4.316675e-01 3.650669e-02
4.316675e-01 4.375009e-01 4.433342e-01 3.696160e-02
4.433342e-01 4.491675e-01 4.550009e-01 3.737107e-02
4.550009e-01 4.608342e-01 4.666675e-01 3.773615e-02
4.666675e-01 4.725009e-01 4.783342e-01 3.805800e-02
4.783342e-01 4.841675e-01 4.900009e-01 3.833778e-02
4.900009e-01 4.958342e-01 5.016675e-01 3.857672e-02
5.016675e-01 5.075009e-01 5.133342e-01 3.877608e-02
5.133342e-01 5.191675e-01 5.250008e-01 3.893716e-02
5.250008e-01 5.308342e-01 5.366675e-01 3.906124e-02
5.366675e-01 5.425008e-01 5.483342e-01 3.914967e-02
5.483342e-01 5.541675e-01 5.600008e-01 3.920376e-02
5.600008e-01 5.658342e-01 5.716675e-01 3.922484e-02
5.716675e-01 5.775008e-01 5.833342e-01 3.921425e-02
5.833342e-01 5.891675e-01 5.950008e-01 3.917331e-02
5.950008e-01 6.008342e-01 6.066675e-01 3.910332e-02
6.066675e-01 6.125008e-01 6.183342e-01 3.900560e-02
6.183342e-01 6.241675e-01 6.300008e-01 3.888142e-02
6.300008e-01 6.358342e-01 6.416675e-01 3.873205e-02
6.416675e-01 6.475008e-01 6.533341e-01 3.855873e-02
6.533341e-01 6.591675e-01 6.650008e-01 3.836269e-02
6.650008e-01 6.708341e-01 6.766675e-01 3.814513e-02
6.766675e-01 6.825008e-01 6.883341e-01 3.790721e-02
6.883341e-01 6.941675e-01 7.000008e-01 3.765009e-02
7.000008e-01 7.058341e-01 7.116675e-01 3.737487e-02
7.116675e-01 7.175008e-01 7.233341e-01 3.708265e-02
7.233341e-01 7.291675e-01 7.350008e-01 3.677449e-02
7.350008e-01 7.408341e-01 7.466675e-01 3.645141e-02
7.466675e-01 7.525008e-01 7.583341e-01 3.611441e-02
7.583341e-01 7.641674e-01 7.700008e-01 3.576446e-02
7.700008e-01 7.758341e-01 7.816674e-01 3.540250e-02
7.816674e-01 7.875008e-01 7.933341e-01 3.502942e-02
7.933341e-01 7.991674e-01 8.050008e-01 3.464611e-02
8.050008e-01 8.108341e-01 8.166674e-01 3.425341e-02
8.166674e-01 8.225008e-01 8.283341e-01 3.385213e-02
8.283341e-01 8.341674e-01 8.400008e-01 3.344305e-02
8.400008e-01 8.458341e-01 8.516674e-01 3.302693e-02
8.516674e-01 8.575008e-01 8.633341e-01 3.260448e-02
8.633341e-01 8.691674e-01 8.750007e-01 3.217642e-02
8.750007e-01 8.808341e-01 8.866674e-01 3.174340e-02
8.866674e-01 8.925007e-01 8.983341e-01 3.130606e-02
8.983341e-01 9.041674e-01 9.100007e-01 3.086501e-02
9.100007e-01 9.158341e-01 9.216674e-01 3.042083e-02
9.216674e-01 9.275007e-01 9.333341e-01 2.997409e-02
9.333341e-01 9.391674e-01 9.450007e-01 2.952531e-02
9.450007e-01 9.508341e-01 9.566674e-01 2.907501e-02
9.566674e-01 9.625007e-01 9.683341e-01 2.862366e-02
9.683341e-01 9.741674e-01 9.800007e-01 2.817173e-02
9.800007e-01 9.858341e-01 9.916674e-01 2.771965e-02
9.916674e-01 9.975007e-01 1.003334e+00 2.726784e-02
1.003334e+00 1.009167e+00 1.015001e+00 2.681668e-02
1.015001e+00 1.020834e+00 1.026667e+00 2.636655e-02
1.026667e+00 1.032501e+00 1.038334e+00 2.591780e-02
1.038334e+00 1.044167e+00 1.050001e+00 2.547076e-02
1.050001e+00 1.055834e+00 1.061667e+00 2.502574e-02
1.061667e+00 1.067501e+00 1.073334e+00 2.458304e-02
1.073334e+00 1.079167e+00 1.085001e+00 2.414293e-02
1.085001e+00 1.090834e+00 1.096667e+00 2.370568e-02
1.096667e+00 1.102501e+00 1.108334e+00 2.327151e-02
1.108334e+00 1.114167e+00 1.120001e+00 2.284067e-02
1.120001e+00 1.125834e+00 1.131667e+00 2.241335e-02
1.131667e+00 1.137501e+00 1.143334e+00 2.198977e-02
1.143334e+00 1.149167e+00 1.155001e+00 2.157009e-02
1.155001e+00 1.160834e+00 1.166667e+00 2.115449e-02
1.166667e+00 1.172501e+00 1.178334e+00 2.074312e-02
1.178334e+00 1.184167e+00 1.190001e+00 2.033612e-02
1.190001e+00 1.195834e+00 1.201667e+00 1.993364e-02
1.201667e+00 1.207501e+00 1.213334e+00 1.953578e-02
1.213334e+00 1.219167e+00 1.225001e+00 1.914266e-02
1.225001e+00 1.230834e+00 1.236667e+00 1.875437e-02
1.236667e+00 1.242501e+00 1.248334e+00 1.837100e-02
1.248334e+00 1.254167e+00 1.260001e+00 1.799263e-02
1.260001e+00 1.265834e+00 1.271667e+00 1.761933e-02
1.271667e+00 1.277501e+00 1.283334e+00 1.725116e-02
1.283334e+00 1.289167e+00 1.295001e+00 1.688817e-02
1.295001e+00 1.300834e+00 1.306667e+00 1.653041e-02
1.306667e+00 1.312501e+00 1.318334e+00 1.617791e-02
1.318334e+00 1.324167e+00 1.330001e+00 1.583071e-02
1.330001e+00 1.335834e+00 1.341667e+00 1.548883e-02
1.341667e+00 1.347501e+00 1.353334e+00 1.515228e-02
1.353334e+00 1.359167e+00 1.365001e+00 1.482107e-02
1.365001e+00 1.370834e+00 1.376667e+00 1.449521e-02
1.376667e+00 1.382501e+00 1.388334e+00 1.417471e-02
1.388334e+00 1.394167e+00 1.400001e+00 1.385955e-02
1.400001e+00 1.405834e+00 1.411667e+00 1.354972e-02
1.411667e+00 1.417501e+00 1.423334e+00 1.324521e-02
1.423334e+00 1.429167e+00 1.435001e+00 1.294600e-02
1.435001e+00 1.440834e+00 1.446667e+00 1.265207e-02
1.446667e+00 1.452501e+00 1.458334e+00 1.236338e-02
1.458334e+00 1.464167e+00 1.470001e+00 1.207992e-02
1.470001e+00 1.475834e+00 1.481667e+00 1.180164e-02
1.481667e+00 1.487501e+00 1.493334e+00 1.152852e-02
1.493334e+00 1.499167e+00 1.505001e+00 1.126050e-02
1.505001e+00 1.510834e+00 1.516667e+00 1.099755e-02
1.516667e+00 1.522501e+00 1.528334e+00 1.073962e-02
1.528334e+00 1.534167e+00 1.540001e+00 1.048667e-02
1.540001e+00 1.545834e+00 1.551667e+00 1.023864e-02
1.551667e+00 1.557501e+00 1.563334e+00 9.995496e-03
1.563334e+00 1.569167e+00 1.575001e+00 9.757170e-03
1.575001e+00 1.580834e+00 1.586667e+00 9.523613e-03
1.586667e+00 1.592501e+00 1.598334e+00 9.294769e-03
1.598334e+00 1.604167e+00 1.610001e+00 9.070581e-03
1.610001e+00 1.615834e+00 1.621667e+00 8.850990e-03
1.621667e+00 1.627501e+00 1.633334e+00 8.635938e-03
1.633334e+00 1.639167e+00 1.645001e+00 8.425363e-03
1.645001e+00 1.650834e+00 1.656667e+00 8.219205e-03
1.656667e+00 1.662501e+00 1.668334e+00 8.017401e-03
1.668334e+00 1.674167e+00 1.680001e+00 7.819890e-03
1.680001e+00 1.685834e+00 1.691667e+00 7.626608e-03
1.691667e+00 1.697501e+00 1.703334e+00 7.437491e-03
1.703334e+00 1.709167e+00 1.715001e+00 7.252477e-03
1.715001e+00 1.720834e+00 1.726667e+00 7.071500e-03
1.726667e+00 1.732501e+00 1.738334e+00 6.894498e-03
1.738334e+00 1.744167e+00 1.750000e+00 6.721404e-03
1.750000e+00 1.755834e+00 1.761667e+00 6.552156e-03
1.761667e+00 1.767500e+00 1.773334e+00 6.386689e-03
1.773334e+00 1.779167e+00 1.785000e+00 6.224938e-03
1.785000e+00 1.790834e+00 1.796667e+00 6.066839e-03
1.796667e+00 1.802500e+00 1.808334e+00 5.912330e-03
1.808334e+00 1.814167e+00 1.820000e+00 5.761345e-03
1.820000e+00 1.825834e+00 1.831667e+00 5.613822e-03
1.831667e+00 1.837500e+00 1.843334e+00 5.469699e-03
1.843334e+00 1.849167e+00 1.855000e+00 5.328911e-03
1.855000e+00 1.860834e+00 1.866667e+00 5.191398e-03
1.866667e+00 1.872500e+00 1.878334e+00 5.057098e-03
1.878334e+00 1.884167e+00 1.890000e+00 4.925950e-03
1.890000e+00 1.895834e+00 1.901667e+00 4.797892e-03
1.901667e+00 1.907500e+00 1.913334e+00 4.672866e-03
1.913334e+00 1.919167e+00 1.925000e+00 4.550812e-03
1.925000e+00 1.930834e+00 1.936667e+00 4.431670e-03
1.936667e+00 1.942500e+00 1.948334e+00 4.315383e-03
1.948334e+00 1.954167e+00 1.960000e+00 4.201894e-03
1.960000e+00 1.965834e+00 1.971667e+00 4.091145e-03
1.971667e+00 1.977500e+00 1.983334e+00 3.983081e-03
1.983334e+00 1.989167e+00 1.995000e+00 3.877645e-03
1.995000e+00 2.000834e+00 2.006667e+00 3.774784e-03
2.006667e+00 2.012500e+00 2.018334e+00 3.674443e-03
2.018334e+00 2.024167e+00 2.030000e+00 3.576569e-03
2.030000e+00 2.035834e+00 2.041667e+00 3.481110e-03
2.041667e+00 2.047500e+00 2.053334e+00 3.388014e-03
2.053334e+00 2.059167e+00 2.065000e+00 3.297229e-03
2.065000e+00 2.070834e+00 2.076667e+00 3.208707e-03
2.076667e+00 2.082500e+00 2.088334e+00 3.122397e-03
2.088334e+00 2.094167e+00 2.100000e+00 3.038252e-03
2.100000e+00 2.105834e+00 2.111667e+00 2.956222e-03
2.111667e+00 2.117500e+00 2.123334e+00 2.876261e-03
2.123334e+00 2.129167e+00 2.135000e+00 2.798323e-03
2.135000e+00 2.140834e+00 2.146667e+00 2.722362e-03
2.146667e+00 2.152500e+00 2.158334e+00 2.648334e-03
2.158334e+00 2.164167e+00 2.170000e+00 2.576195e-03
2.170000e+00 2.175834e+00 2.181667e+00 2.505901e-03
2.181667e+00 2.187500e+00 2.193334e+00 2.437410e-03
2.193334e+00 2.199167e+00 2.205000e+00 2.370681e-03
2.205000e+00 2.210834e+00 2.216667e+00 2.305673e-03
2.216667e+00 2.222500e+00 2.228334e+00 2.242345e-03
2.228334e+00 2.234167e+00 2.240000e+00 2.180658e-03
2.240000e+00 2.245834e+00 2.251667e+00 2.120575e-03
2.251667e+00 2.257500e+00 2.263334e+00 2.062056e-03
2.263334e+00 2.269167e+00 2.275000e+00 2.005065e-03
2.275000e+00 2.280834e+00 2.286667e+00 1.949565e-03
2.286667e+00 2.292500e+00 2.298334e+00 1.895521e-03
2.298334e+00 2.304167e+00 2.310000e+00 1.842898e-03
2.310000e+00 2.315834e+00 2.321667e+00 1.791661e-03
2.321667e+00 2.327500e+00 2.333334e+00 1.741778e-03
2.333334e+00 2.339167e+00 2.345000e+00 1.693214e-03
2.345000e+00 2.350834e+00 2.356667e+00 1.645939e-03
2.356667e+00 2.362500e+00 2.368334e+00 1.599920e-03
2.368334e+00 2.374167e+00 2.380000e+00 1.555126e-03
2.380000e+00 2.385834e+00 2.391667e+00 1.511528e-03
2.391667e+00 2.397500e+00 2.403334e+00 1.469096e-03
2.403334e+00 2.409167e+00 2.415000e+00 1.427801e-03
2.415000e+00 2.420834e+00 2.426667e+00 1.387614e-03
2.426667e+00 2.432500e+00 2.438334e+00 1.348508e-03
2.438334e+00 2.444167e+00 2.450000e+00 1.310457e-03
2.450000e+00 2.455834e+00 2.461667e+00 1.273432e-03
2.461667e+00 2.467500e+00 2.473334e+00 1.237409e-03
2.473334e+00 2.479167e+00 2.485000e+00 1.202363e-03
2.485000e+00 2.490834e+00 2.496667e+00 1.168267e-03
2.496667e+00 2.502500e+00 2.508334e+00 1.135099e-03
2.508334e+00 2.514167e+00 2.520000e+00 1.102835e-03
2.520000e+00 2.525834e+00 2.531667e+00 1.071451e-03
2.531667e+00 2.537500e+00 2.543334e+00 1.040925e-03
2.543334e+00 2.549167e+00 2.555000e+00 1.011235e-03
2.555000e+00 2.560834e+00 2.566667e+00 9.823589e-04
2.566667e+00 2.572500e+00 2.578334e+00 9.542764e-04
2.578334e+00 2.584167e+00 2.590000e+00 9.269665e-04
2.590000e+00 2.595834e+00 2.601667e+00 9.004094e-04
2.601667e+00 2.607500e+00 2.613334e+00 8.745853e-04
2.613334e+00 2.619167e+00 2.625000e+00 8.494751e-04
2.625000e+00 2.630834e+00 2.636667e+00 8.250602e-04
2.636667e+00 2.642500e+00 2.648334e+00 8.013222e-04
2.648334e+00 2.654167e+00 2.660000e+00 7.782435e-04
2.660000e+00 2.665834e+00 2.671667e+00 7.558066e-04
2.671667e+00 2.677500e+00 2.683334e+00 7.339946e-04
2.683334e+00 2.689167e+00 2.695000e+00 7.127910e-04
2.695000e+00 2.700834e+00 2.706667e+00 6.921796e-04
2.706667e+00 2.712500e+00 2.718334e+00 6.721447e-04
2.718334e+00 2.724167e+00 2.730000e+00 6.526709e-04
2.730000e+00 2.735834e+00 2.741667e+00 6.337432e-04
2.741667e+00 2.747500e+00 2.753334e+00 6.153471e-04
2.753334e+00 2.759167e+00 2.765000e+00 5.974683e-04
2.765000e+00 2.770834e+00 2.776667e+00 5.800929e-04
2.776667e+00 2.782500e+00 2.788334e+00 5.632074e-04
2.788334e+00 2.794167e+00 2.800000e+00 5.467985e-04
2.800000e+00 2.805834e+00 2.811667e+00 5.308535e-04
2.811667e+00 2.817500e+00 2.823334e+00 5.153597e-04
2.823334e+00 2.829167e+00 2.835000e+00 5.003049e-04
2.835000e+00 2.840834e+00 2.846667e+00 4.856771e-04
2.846667e+00 2.852500e+00 2.858334e+00 4.714649e-04
2.858334e+00 2.864167e+00 2.870000e+00 4.576568e-04
2.870000e+00 2.875834e+00 2.881667e+00 4.442418e-04
2.881667e+00 2.887500e+00 2.893334e+00 4.312092e-04
2.893334e+00 2.899167e+00 2.905000e+00 4.185485e-04
2.905000e+00 2.910834e+00 2.916667e+00 4.062495e-04
2.916667e+00 2.922500e+00 2.928333e+00 3.943022e-04
2.928333e+00 2.934167e+00 2.940000e+00 3.826970e-04
2.940000e+00 2.945833e+00 2.951667e+00 3.714244e-04
2.951667e+00 2.957500e+00 2.963333e+00 3.604753e-04
2.963333e+00 2.969167e+00 2.975000e+00 3.498407e-04
2.975000e+00 2.980833e+00 2.986667e+00 3.395119e-04
2.986667e+00 2.992500e+00 2.998333e+00 3.294804e-04
2.998333e+00 3.004167e+00 3.010000e+00 3.197379e-04
3.010000e+00 3.015833e+00 3.021667e+00 3.102765e-04
3.021667e+00 3.027500e+00 3.033333e+00 3.010882e-04
3.033333e+00 3.039167e+00 3.045000e+00 2.921655e-04
3.045000e+00 3.050833e+00 3.056667e+00 2.835010e-04
3.056667e+00 3.062500e+00 3.068333e+00 2.750873e-04
3.068333e+00 3.074167e+00 3.080000e+00 2.669176e-04
3.080000e+00 3.085833e+00 3.091667e+00 2.589848e-04
3.091667e+00 3.097500e+00 3.103333e+00 2.512825e-04
3.103333e+00 3.109167e+00 3.115000e+00 2.438040e-04
3.115000e+00 3.120833e+00 3.126667e+00 2.365432e-04
3.126667e+00 3.132500e+00 3.138333e+00 2.294938e-04
3.138333e+00 3.144167e+00 3.150000e+00 2.226499e-04
3.150000e+00 3.155833e+00 3.161667e+00 2.160056e-04
3.161667e+00 3.167500e+00 3.173333e+00 2.095554e-04
3.173333e+00 3.179167e+00 3.185000e+00 2.032937e-04
3.185000e+00 3.190833e+00 3.196667e+00 1.972152e-04
3.196667e+00 3.202500e+00 3.208333e+00 1.913146e-04
3.208333e+00 3.214167e+00 3.220000e+00 1.855869e-04
3.220000e+00 3.225833e+00 3.231667e+00 1.800272e-04
3.231667e+00 3.237500e+00 3.243333e+00 1.746307e-04
3.243333e+00 3.249167e+00 3.255000e+00 1.693927e-04
3.255000e+00 3.260833e+00 3.266667e+00 1.643087e-04
3.266667e+00 3.272500e+00 3.278333e+00 1.593743e-04
3.278333e+00 3.284167e+00 3.290000e+00 1.545852e-04
3.290000e+00 3.295833e+00 3.301667e+00 1.499372e-04
3.301667e+00 3.307500e+00 3.313333e+00 1.454263e-04
3.313333e+00 3.319167e+00 3.325000e+00 1.410486e-04
3.325000e+00 3.330833e+00 3.336667e+00 1.368001e-04
3.336667e+00 3.342500e+00 3.348333e+00 1.326773e-04
3.348333e+00 3.354167e+00 3.360000e+00 1.286764e-04
3.360000e+00 3.365833e+00 3.371667e+00 1.247940e-04
3.371667e+00 3.377500e+00 3.383333e+00 1.210266e-04
3.383333e+00 3.389167e+00 3.395000e+00 1.173709e-04
3.395000e+00 3.400833e+00 3.406667e+00 1.138236e-04
3.406667e+00 3.412500e+00 3.418333e+00 1.103817e-04
3.418333e+00 3.424167e+00 3.430000e+00 1.070421e-04
3.430000e+00 3.435833e+00 3.441667e+00 1.038018e-04
3.441667e+00 3.447500e+00 3.453333e+00 1.006578e-04
3.453333e+00 3.459167e+00 3.465000e+00 9.760751e-05
3.465000e+00 3.470833e+00 3.476667e+00 9.464809e-05
3.476667e+00 3.482500e+00 3.488333e+00 9.177690e-05
3.488333e+00 3.494167e+00 3.500000e+00 8.899137e-05
