1.000000e-06 5.834332e-03 1.166766e-02 3.307020e-05
1.166766e-02 1.750099e-02 2.333433e-02 2.826342e-04
2.333433e-02 2.916766e-02 3.500099e-02 7.475481e-04
3.500099e-02 4.083432e-02 4.666765e-02 1.397062e-03
4.666765e-02 5.250099e-02 5.833432e-02 2.204122e-03
5.833432e-02 6.416765e-02 7.000098e-02 3.144691e-03
7.000098e-02 7.583431e-02 8.166764e-02 4.197309e-03
8.166764e-02 8.750097e-02 9.333431e-02 5.342771e-03
9.333431e-02 9.916764e-02 1.050010e-01 6.563873e-03
1.050010e-01 1.108343e-01 1.166676e-01 7.845194e-03
1.166676e-01 1.225010e-01 1.283343e-01 9.172918e-03
1.283343e-01 1.341676e-01 1.400010e-01 1.053468e-02
1.400010e-01 1.458343e-01 1.516676e-01 1.191941e-02
1.516676e-01 1.575010e-01 1.633343e-01 1.331726e-02
1.633343e-01 1.691676e-01 1.750009e-01 1.471941e-02
1.750009e-01 1.808343e-01 1.866676e-01 1.611806e-02
1.866676e-01 1.925009e-01 1.983343e-01 1.750629e-02
1.983343e-01 2.041676e-01 2.100009e-01 1.887798e-02
2.100009e-01 2.158343e-01 2.216676e-01 2.022778e-02
2.216676e-01 2.275009e-01 2.333343e-01 2.155097e-02
2.333343e-01 2.391676e-01 2.450009e-01 2.284347e-02
2.450009e-01 2.508343e-01 2.566676e-01 2.410176e-02
2.566676e-01 2.625009e-01 2.683343e-01 2.532281e-02
2.683343e-01 2.741676e-01 2.800009e-01 2.650407e-02
2.800009e-01 2.858343e-01 2.916676e-01 2.764340e-02
2.916676e-01 2.975009e-01 3.033342e-01 2.873903e-02
3.033342e-01 3.091676e-01 3.150009e-01 2.978955e-02
3.150009e-01 3.208342e-01 3.266676e-01 3.079386e-02
3.266676e-01 3.325009e-01 3.383342e-01 3.175115e-02
3.383342e-01 3.441676e-01 3.500009e-01 3.266083e-02
3.500009e-01 3.558342e-01 3.616676e-01 3.352258e-02
3.616676e-01 3.675009e-01 3.733342e-01 3.433627e-02
3.733342e-01 3.791676e-01 3.850009e-01 3.510195e-02
3.850009e-01 3.908342e-01 3.966676e-01 3.581985e-02
3.966676e-01 4.025009e-01 4.083342e-01 3.649033e-02
4.083342e-01 4.141675e-01 4.200009e-01 3.711389e-02
4.200009e-01 4.258342e-01 4.316675e-01 3.769115e-02
4.316675e-01 4.375009e-01 4.433342e-01 3.822283e-02
4.433342e-01 4.491675e-01 4.550009e-01 3.870974e-02
4.550009e-01 4.608342e-01 4.666675e-01 3.915275e-02
4.666675e-01 4.725009e-01 4.783342e-01 3.955283e-02
4.783342e-01 4.841675e-01 4.900009e-01 3.991098e-02
4.900009e-01 4.958342e-01 5.016675e-01 4.022826e-02
5.016675e-01 5.075009e-01 5.133342e-01 4.050577e-02
5.133342e-01 5.191675e-01 5.250008e-01 4.074465e-02
5.250008e-01 5.308342e-01 5.366675e-01 4.094605e-02
5.366675e-01 5.425008e-01 5.483342e-01 4.111114e-02
5.483342e-01 5.541675e-01 5.600008e-01 4.124114e-02
5.600008e-01 5.658342e-01 5.716675e-01 4.133722e-02
5.716675e-01 5.775008e-01 5.833342e-01 4.140062e-02
5.833342e-01 5.891675e-01 5.950008e-01 4.143252e-02
5.950008e-01 6.008342e-01 6.066675e-01 4.143414e-02
6.066675e-01 6.125008e-01 6.183342e-01 4.140669e-02
6.183342e-01 6.241675e-01 6.300008e-01 4.135134e-02
6.300008e-01 6.358342e-01 6.416675e-01 4.126929e-02
6.416675e-01 6.475008e-01 6.533341e-01 4.116169e-02
6.533341e-01 6.591675e-01 6.650008e-01 4.102969e-02
6.650008e-01 6.708341e-01 6.766675e-01 4.087442e-02
6.766675e-01 6.825008e-01 6.883341e-01 4.069701e-02
6.883341e-01 6.941675e-01 7.000008e-01 4.049852e-02
7.000008e-01 7.058341e-01 7.116675e-01 4.028005e-02
7.116675e-01 7.175008e-01 7.233341e-01 4.004262e-02
7.233341e-01 7.291675e-01 7.350008e-01 3.978726e-02
7.350008e-01 7.408341e-01 7.466675e-01 3.951496e-02
7.466675e-01 7.525008e-01 7.583341e-01 3.922670e-02
7.583341e-01 7.641674e-01 7.700008e-01 3.892342e-02
7.700008e-01 7.758341e-01 7.816674e-01 3.860605e-02
7.816674e-01 7.875008e-01 7.933341e-01 3.827546e-02
7.933341e-01 7.991674e-01 8.050008e-01 3.793253e-02
8.050008e-01 8.108341e-01 8.166674e-01 3.757809e-02
8.166674e-01 8.225008e-01 8.283341e-01 3.721296e-02
8.283341e-01 8.341674e-01 8.400008e-01 3.683793e-02
8.400008e-01 8.458341e-01 8.516674e-01 3.645375e-02
8.516674e-01 8.575008e-01 8.633341e-01 3.606115e-02
8.633341e-01 8.691674e-01 8.750007e-01 3.566085e-02
8.750007e-01 8.808341e-01 8.866674e-01 3.525353e-02
8.866674e-01 8.925007e-01 8.983341e-01 3.483984e-02
8.983341e-01 9.041674e-01 9.100007e-01 3.442041e-02
9.100007e-01 9.158341e-01 9.216674e-01 3.399586e-02
9.216674e-01 9.275007e-01 9.333341e-01 3.356676e-02
9.333341e-01 9.391674e-01 9.450007e-01 3.313368e-02
9.450007e-01 9.508341e-01 9.566674e-01 3.269715e-02
9.566674e-01 9.625007e-01 9.683341e-01 3.225768e-02
9.683341e-01 9.741674e-01 9.800007e-01 3.181577e-02
9.800007e-01 9.858341e-01 9.916674e-01 3.137190e-02
9.916674e-01 9.975007e-01 1.003334e+00 3.092650e-02
1.003334e+00 1.009167e+00 1.015001e+00 3.048001e-02
1.015001e+00 1.020834e+00 1.026667e+00 3.003283e-02
1.026667e+00 1.032501e+00 1.038334e+00 2.958537e-02
1.038334e+00 1.044167e+00 1.050001e+00 2.913798e-02
1.050001e+00 1.055834e+00 1.061667e+00 2.869101e-02
1.061667e+00 1.067501e+00 1.073334e+00 2.824482e-02
1.073334e+00 1.079167e+00 1.085001e+00 2.779970e-02
1.085001e+00 1.090834e+00 1.096667e+00 2.735597e-02
1.096667e+00 1.102501e+00 1.108334e+00 2.691390e-02
1.108334e+00 1.114167e+00 1.120001e+00 2.647377e-02
1.120001e+00 1.125834e+00 1.131667e+00 2.603583e-02
1.131667e+00 1.137501e+00 1.143334e+00 2.560032e-02
1.143334e+00 1.149167e+00 1.155001e+00 2.516746e-02
1.155001e+00 1.160834e+00 1.166667e+00 2.473746e-02
1.166667e+00 1.172501e+00 1.178334e+00 2.431052e-02
1.178334e+00 1.184167e+00 1.190001e+00 2.388684e-02
1.190001e+00 1.195834e+00 1.201667e+00 2.346657e-02
1.201667e+00 1.207501e+00 1.213334e+00 2.304989e-02
1.213334e+00 1.219167e+00 1.225001e+00 2.263693e-02
1.225001e+00 1.230834e+00 1.236667e+00 2.222785e-02
1.236667e+00 1.242501e+00 1.248334e+00 2.182277e-02
1.248334e+00 1.254167e+00 1.260001e+00 2.142181e-02
1.260001e+00 1.265834e+00 1.271667e+00 2.102507e-02
1.271667e+00 1.277501e+00 1.283334e+00 2.063266e-02
1.283334e+00 1.289167e+00 1.295001e+00 2.024467e-02
1.295001e+00 1.300834e+00 1.306667e+00 1.986118e-02
1.306667e+00 1.312501e+00 1.318334e+00 1.948226e-02
1.318334e+00 1.324167e+00 1.330001e+00 1.910799e-02
1.330001e+00 1.335834e+00 1.341667e+00 1.873841e-02
1.341667e+00 1.347501e+00 1.353334e+00 1.837359e-02
1.353334e+00 1.359167e+00 1.365001e+00 1.801357e-02
1.365001e+00 1.370834e+00 1.376667e+00 1.765839e-02
1.376667e+00 1.382501e+00 1.388334e+00 1.730807e-02
1.388334e+00 1.394167e+00 1.400001e+00 1.696265e-02
1.400001e+00 1.405834e+00 1.411667e+00 1.662215e-02
1.411667e+00 1.417501e+00 1.423334e+00 1.628658e-02
1.423334e+00 1.429167e+00 1.435001e+00 1.595596e-02
1.435001e+00 1.440834e+00 1.446667e+00 1.563029e-02
1.446667e+00 1.452501e+00 1.458334e+00 1.530957e-02
1.458334e+00 1.464167e+00 1.470001e+00 1.499380e-02
1.470001e+00 1.475834e+00 1.481667e+00 1.468298e-02
1.481667e+00 1.487501e+00 1.493334e+00 1.437709e-02
1.493334e+00 1.499167e+00 1.505001e+00 1.407612e-02
1.505001e+00 1.510834e+00 1.516667e+00 1.378005e-02
1.516667e+00 1.522501e+00 1.528334e+00 1.348886e-02
1.528334e+00 1.534167e+00 1.540001e+00 1.320253e-02
1.540001e+00 1.545834e+00 1.551667e+00 1.292103e-02
1.551667e+00 1.557501e+00 1.563334e+00 1.264433e-02
1.563334e+00 1.569167e+00 1.575001e+00 1.237240e-02
1.575001e+00 1.580834e+00 1.586667e+00 1.210521e-02
1.586667e+00 1.592501e+00 1.598334e+00 1.184272e-02
1.598334e+00 1.604167e+00 1.610001e+00 1.158489e-02
1.610001e+00 1.615834e+00 1.621667e+00 1.133168e-02
1.621667e+00 1.627501e+00 1.633334e+00 1.108305e-02
1.633334e+00 1.639167e+00 1.645001e+00 1.083895e-02
1.645001e+00 1.650834e+00 1.656667e+00 1.059935e-02
1.656667e+00 1.662501e+00 1.668334e+00 1.036419e-02
1.668334e+00 1.674167e+00 1.680001e+00 1.013343e-02
1.680001e+00 1.685834e+00 1.691667e+00 9.907019e-03
1.691667e+00 1.697501e+00 1.703334e+00 9.684905e-03
1.703334e+00 1.709167e+00 1.715001e+00 9.467040e-03
1.715001e+00 1.720834e+00 1.726667e+00 9.253371e-03
1.726667e+00 1.732501e+00 1.738334e+00 9.043846e-03
1.738334e+00 1.744167e+00 1.750000e+00 8.838412e-03
1.750000e+00 1.755834e+00 1.761667e+00 8.637016e-03
1.761667e+00 1.767500e+00 1.773334e+00 8.439604e-03
1.773334e+00 1.779167e+00 1.785000e+00 8.246121e-03
1.785000e+00 1.790834e+00 1.796667e+00 8.056513e-03
1.796667e+00 1.802500e+00 1.808334e+00 7.870724e-03
1.808334e+00 1.814167e+00 1.820000e+00 7.688699e-03
1.820000e+00 1.825834e+00 1.831667e+00 7.510383e-03
1.831667e+00 1.837500e+00 1.843334e+00 7.335720e-03
1.843334e+00 1.849167e+00 1.855000e+00 7.164655e-03
1.855000e+00 1.860834e+00 1.866667e+00 6.997131e-03
1.866667e+00 1.872500e+00 1.878334e+00 6.833094e-03
1.878334e+00 1.884167e+00 1.890000e+00 6.672487e-03
1.890000e+00 1.895834e+00 1.901667e+00 6.515256e-03
1.901667e+00 1.907500e+00 1.913334e+00 6.361345e-03
1.913334e+00 1.919167e+00 1.925000e+00 6.210700e-03
1.925000e+00 1.930834e+00 1.936667e+00 6.063265e-03
1.936667e+00 1.942500e+00 1.948334e+00 5.918987e-03
1.948334e+00 1.954167e+00 1.960000e+00 5.777811e-03
1.960000e+00 1.965834e+00 1.971667e+00 5.639684e-03
1.971667e+00 1.977500e+00 1.983334e+00 5.504551e-03
1.983334e+00 1.989167e+00 1.995000e+00 5.372362e-03
1.995000e+00 2.000834e+00 2.006667e+00 5.243062e-03
2.006667e+00 2.012500e+00 2.018334e+00 5.116599e-03
2.018334e+00 2.024167e+00 2.030000e+00 4.992923e-03
2.030000e+00 2.035834e+00 2.041667e+00 4.871982e-03
2.041667e+00 2.047500e+00 2.053334e+00 4.753726e-03
2.053334e+00 2.059167e+00 2.065000e+00 4.638104e-03
2.065000e+00 2.070834e+00 2.076667e+00 4.525067e-03
2.076667e+00 2.082500e+00 2.088334e+00 4.414566e-03
2.088334e+00 2.094167e+00 2.100000e+00 4.306553e-03
2.100000e+00 2.105834e+00 2.111667e+00 4.200979e-03
2.111667e+00 2.117500e+00 2.123334e+00 4.097798e-03
2.123334e+00 2.129167e+00 2.135000e+00 3.996962e-03
2.135000e+00 2.140834e+00 2.146667e+00 3.898427e-03
2.146667e+00 2.152500e+00 2.158334e+00 3.802146e-03
2.158334e+00 2.164167e+00 2.170000e+00 3.708074e-03
2.170000e+00 2.175834e+00 2.181667e+00 3.616167e-03
2.181667e+00 2.187500e+00 2.193334e+00 3.526382e-03
2.193334e+00 2.199167e+00 2.205000e+00 3.438676e-03
2.205000e+00 2.210834e+00 2.216667e+00 3.353006e-03
2.216667e+00 2.222500e+00 2.228334e+00 3.269331e-03
2.228334e+00 2.234167e+00 2.240000e+00 3.187609e-03
2.240000e+00 2.245834e+00 2.251667e+00 3.107801e-03
2.251667e+00 2.257500e+00 2.263334e+00 3.029865e-03
2.263334e+00 2.269167e+00 2.275000e+00 2.953764e-03
2.275000e+00 2.280834e+00 2.286667e+00 2.879458e-03
2.286667e+00 2.292500e+00 2.298334e+00 2.806910e-03
2.298334e+00 2.304167e+00 2.310000e+00 2.736082e-03
2.310000e+00 2.315834e+00 2.321667e+00 2.666937e-03
2.321667e+00 2.327500e+00 2.333334e+00 2.599441e-03
2.333334e+00 2.339167e+00 2.345000e+00 2.533556e-03
2.345000e+00 2.350834e+00 2.356667e+00 2.469248e-03
2.356667e+00 2.362500e+00 2.368334e+00 2.406483e-03
2.368334e+00 2.374167e+00 2.380000e+00 2.345228e-03
2.380000e+00 2.385834e+00 2.391667e+00 2.285448e-03
2.391667e+00 2.397500e+00 2.403334e+00 2.227113e-03
2.403334e+00 2.409167e+00 2.415000e+00 2.170190e-03
2.415000e+00 2.420834e+00 2.426667e+00 2.114647e-03
2.426667e+00 2.432500e+00 2.438334e+00 2.060454e-03
2.438334e+00 2.444167e+00 2.450000e+00 2.007582e-03
2.450000e+00 2.455834e+00 2.461667e+00 1.956000e-03
2.461667e+00 2.467500e+00 2.473334e+00 1.905679e-03
2.473334e+00 2.479167e+00 2.485000e+00 1.856591e-03
2.485000e+00 2.490834e+00 2.496667e+00 1.808708e-03
2.496667e+00 2.502500e+00 2.508334e+00 1.762003e-03
2.508334e+00 2.514167e+00 2.520000e+00 1.716449e-03
2.520000e+00 2.525834e+00 2.531667e+00 1.672019e-03
2.531667e+00 2.537500e+00 2.543334e+00 1.628688e-03
2.543334e+00 2.549167e+00 2.555000e+00 1.586431e-03
2.555000e+00 2.560834e+00 2.566667e+00 1.545223e-03
2.566667e+00 2.572500e+00 2.578334e+00 1.505039e-03
2.578334e+00 2.584167e+00 2.590000e+00 1.465856e-03
2.590000e+00 2.595834e+00 2.601667e+00 1.427651e-03
2.601667e+00 2.607500e+00 2.613334e+00 1.390401e-03
2.613334e+00 2.619167e+00 2.625000e+00 1.354083e-03
2.625000e+00 2.630834e+00 2.636667e+00 1.318675e-03
2.636667e+00 2.642500e+00 2.648334e+00 1.284157e-03
2.648334e+00 2.654167e+00 2.660000e+00 1.250507e-03
2.660000e+00 2.665834e+00 2.671667e+00 1.217704e-03
2.671667e+00 2.677500e+00 2.683334e+00 1.185729e-03
2.683334e+00 2.689167e+00 2.695000e+00 1.154563e-03
2.695000e+00 2.700834e+00 2.706667e+00 1.124184e-03
2.706667e+00 2.712500e+00 2.718334e+00 1.094576e-03
2.718334e+00 2.724167e+00 2.730000e+00 1.065719e-03
2.730000e+00 2.735834e+00 2.741667e+00 1.037596e-03
2.741667e+00 2.747500e+00 2.753334e+00 1.010189e-03
2.753334e+00 2.759167e+00 2.765000e+00 9.834798e-04
2.765000e+00 2.770834e+00 2.776667e+00 9.574527e-04
2.776667e+00 2.782500e+00 2.788334e+00 9.320907e-04
2.788334e+00 2.794167e+00 2.800000e+00 9.073779e-04
2.800000e+00 2.805834e+00 2.811667e+00 8.832984e-04
2.811667e+00 2.817500e+00 2.823334e+00 8.598368e-04
2.823334e+00 2.829167e+00 2.835000e+00 8.369781e-04
2.835000e+00 2.840834e+00 2.846667e+00 8.147075e-04
2.846667e+00 2.852500e+00 2.858334e+00 7.930105e-04
2.858334e+00 2.864167e+00 2.870000e+00 7.718732e-04
2.870000e+00 2.875834e+00 2.881667e+00 7.512817e-04
2.881667e+00 2.887500e+00 2.893334e+00 7.312227e-04
2.893334e+00 2.899167e+00 2.905000e+00 7.116829e-04
2.905000e+00 2.910834e+00 2.916667e+00 6.926495e-04
2.916667e+00 2.922500e+00 2.928333e+00 6.741101e-04
2.928333e+00 2.934167e+00 2.940000e+00 6.560522e-04
2.940000e+00 2.945833e+00 2.951667e+00 6.384640e-04
2.951667e+00 2.957500e+00 2.963333e+00 6.213338e-04
2.963333e+00 2.969167e+00 2.975000e+00 6.046501e-04
2.975000e+00 2.980833e+00 2.986667e+00 5.884018e-04
2.986667e+00 2.992500e+00 2.998333e+00 5.725779e-04
2.998333e+00 3.004167e+00 3.010000e+00 5.571679e-04
3.010000e+00 3.015833e+00 3.021667e+00 5.421614e-04
3.021667e+00 3.027500e+00 3.033333e+00 5.275481e-04
3.033333e+00 3.039167e+00 3.045000e+00 5.133182e-04
3.045000e+00 3.050833e+00 3.056667e+00 4.994621e-04
3.056667e+00 3.062500e+00 3.068333e+00 4.859702e-04
3.068333e+00 3.074167e+00 3.080000e+00 4.728334e-04
3.080000e+00 3.085833e+00 3.091667e+00 4.600426e-04
3.091667e+00 3.097500e+00 3.103333e+00 4.475891e-04
3.103333e+00 3.109167e+00 3.115000e+00 4.354643e-04
3.115000e+00 3.120833e+00 3.126667e+00 4.236598e-04
3.126667e+00 3.132500e+00 3.138333e+00 4.121675e-04
3.138333e+00 3.144167e+00 3.150000e+00 4.009794e-04
3.150000e+00 3.155833e+00 3.161667e+00 3.900878e-04
3.161667e+00 3.167500e+00 3.173333e+00 3.794849e-04
3.173333e+00 3.179167e+00 3.185000e+00 3.691635e-04
3.185000e+00 3.190833e+00 3.196667e+00 3.591163e-04
3.196667e+00 3.202500e+00 3.208333e+00 3.493363e-04
3.208333e+00 3.214167e+00 3.220000e+00 3.398166e-04
3.220000e+00 3.225833e+00 3.231667e+00 3.305504e-04
3.231667e+00 3.237500e+00 3.243333e+00 3.215313e-04
3.243333e+00 3.249167e+00 3.255000e+00 3.127528e-04
3.255000e+00 3.260833e+00 3.266667e+00 3.042088e-04
3.266667e+00 3.272500e+00 3.278333e+00 2.958932e-04
3.278333e+00 3.284167e+00 3.290000e+00 2.878000e-04
3.290000e+00 3.295833e+00 3.301667e+00 2.799234e-04
3.301667e+00 3.307500e+00 3.313333e+00 2.722580e-04
3.313333e+00 3.319167e+00 3.325000e+00 2.647980e-04
3.325000e+00 3.330833e+00 3.336667e+00 2.575383e-04
3.336667e+00 3.342500e+00 3.348333e+00 2.504736e-04
3.348333e+00 3.354167e+00 3.360000e+00 2.435987e-04
3.360000e+00 3.365833e+00 3.371667e+00 2.369088e-04
3.371667e+00 3.377500e+00 3.383333e+00 2.303990e-04
3.383333e+00 3.389167e+00 3.395000e+00 2.240645e-04
3.395000e+00 3.400833e+00 3.406667e+00 2.179009e-04
3.406667e+00 3.412500e+00 3.418333e+00 2.119035e-04
3.418333e+00 3.424167e+00 3.430000e+00 2.060681e-04
3.430000e+00 3.435833e+00 3.441667e+00 2.003903e-04
3.441667e+00 3.447500e+00 3.453333e+00 1.948660e-04
3.453333e+00 3.459167e+00 3.465000e+00 1.894913e-04
3.465000e+00 3.470833e+00 3.476667e+00 1.842620e-04
3.476667e+00 3.482500e+00 3.488333e+00 1.791745e-04
3.488333e+00 3.494167e+00 3.500000e+00 1.742249e-04
