1.000000e-06 5.834332e-03 1.166766e-02 3.301588e-05
1.166766e-02 1.750099e-02 2.333433e-02 2.821202e-04
2.333433e-02 2.916766e-02 3.500099e-02 7.468616e-04
3.500099e-02 4.083432e-02 4.666765e-02 1.397805e-03
4.666765e-02 5.250099e-02 5.833432e-02 2.209300e-03
5.833432e-02 6.416765e-02 7.000098e-02 3.158649e-03
7.000098e-02 7.583431e-02 8.166764e-02 4.225620e-03
8.166764e-02 8.750097e-02 9.333431e-02 5.392092e-03
9.333431e-02 9.916764e-02 1.050010e-01 6.641794e-03
1.050010e-01 1.108343e-01 1.166676e-01 7.960090e-03
1.166676e-01 1.225010e-01 1.283343e-01 9.333804e-03
1.283343e-01 1.341676e-01 1.400010e-01 1.075107e-02
1.400010e-01 1.458343e-01 1.516676e-01 1.220120e-02
1.516676e-01 1.575010e-01 1.633343e-01 1.367459e-02
1.633343e-01 1.691676e-01 1.750009e-01 1.516259e-02
1.750009e-01 1.808343e-01 1.866676e-01 1.665743e-02
1.866676e-01 1.925009e-01 1.983343e-01 1.815215e-02
1.983343e-01 2.041676e-01 2.100009e-01 1.964053e-02
2.100009e-01 2.158343e-01 2.216676e-01 2.111701e-02
2.216676e-01 2.275009e-01 2.333343e-01 2.257665e-02
2.333343e-01 2.391676e-01 2.450009e-01 2.401504e-02
2.450009e-01 2.508343e-01 2.566676e-01 2.542832e-02
2.566676e-01 2.625009e-01 2.683343e-01 2.681308e-02
2.683343e-01 2.741676e-01 2.800009e-01 2.816633e-02
2.800009e-01 2.858343e-01 2.916676e-01 2.948548e-02
2.916676e-01 2.975009e-01 3.033342e-01 3.076830e-02
3.033342e-01 3.091676e-01 3.150009e-01 3.201287e-02
3.150009e-01 3.208342e-01 3.266676e-01 3.321759e-02
3.266676e-01 3.325009e-01 3.383342e-01 3.438113e-02
3.383342e-01 3.441676e-01 3.500009e-01 3.550239e-02
3.500009e-01 3.558342e-01 3.616676e-01 3.658052e-02
3.616676e-01 3.675009e-01 3.733342e-01 3.761486e-02
3.733342e-01 3.791676e-01 3.850009e-01 3.860495e-02
3.850009e-01 3.908342e-01 3.966676e-01 3.955048e-02
3.966676e-01 4.025009e-01 4.083342e-01 4.045133e-02
4.083342e-01 4.141675e-01 4.200009e-01 4.130748e-02
4.200009e-01 4.258342e-01 4.316675e-01 4.211907e-02
4.316675e-01 4.375009e-01 4.433342e-01 4.288633e-02
4.433342e-01 4.491675e-01 4.550009e-01 4.360961e-02
4.550009e-01 4.608342e-01 4.666675e-01 4.428933e-02
4.666675e-01 4.725009e-01 4.783342e-01 4.492603e-02
4.783342e-01 4.841675e-01 4.900009e-01 4.552029e-02
4.900009e-01 4.958342e-01 5.016675e-01 4.607275e-02
5.016675e-01 5.075009e-01 5.133342e-01 4.658414e-02
5.133342e-01 5.191675e-01 5.250008e-01 4.705522e-02
5.250008e-01 5.308342e-01 5.366675e-01 4.748678e-02
5.366675e-01 5.425008e-01 5.483342e-01 4.787968e-02
5.483342e-01 5.541675e-01 5.600008e-01 4.823478e-02
5.600008e-01 5.658342e-01 5.716675e-01 4.855300e-02
5.716675e-01 5.775008e-01 5.833342e-01 4.883525e-02
5.833342e-01 5.891675e-01 5.950008e-01 4.908247e-02
5.950008e-01 6.008342e-01 6.066675e-01 4.929563e-02
6.066675e-01 6.125008e-01 6.183342e-01 4.947569e-02
6.183342e-01 6.241675e-01 6.300008e-01 4.962362e-02
6.300008e-01 6.358342e-01 6.416675e-01 4.974040e-02
6.416675e-01 6.475008e-01 6.533341e-01 4.982702e-02
6.533341e-01 6.591675e-01 6.650008e-01 4.988445e-02
6.650008e-01 6.708341e-01 6.766675e-01 4.991366e-02
6.766675e-01 6.825008e-01 6.883341e-01 4.991564e-02
6.883341e-01 6.941675e-01 7.000008e-01 4.989135e-02
7.000008e-01 7.058341e-01 7.116675e-01 4.984173e-02
7.116675e-01 7.175008e-01 7.233341e-01 4.976774e-02
7.233341e-01 7.291675e-01 7.350008e-01 4.967032e-02
7.350008e-01 7.408341e-01 7.466675e-01 4.955038e-02
7.466675e-01 7.525008e-01 7.583341e-01 4.940884e-02
7.583341e-01 7.641674e-01 7.700008e-01 4.924658e-02
7.700008e-01 7.758341e-01 7.816674e-01 4.906449e-02
7.816674e-01 7.875008e-01 7.933341e-01 4.886342e-02
7.933341e-01 7.991674e-01 8.050008e-01 4.864424e-02
8.050008e-01 8.108341e-01 8.166674e-01 4.840776e-02
8.166674e-01 8.225008e-01 8.283341e-01 4.815479e-02
8.283341e-01 8.341674e-01 8.400008e-01 4.788614e-02
8.400008e-01 8.458341e-01 8.516674e-01 4.760257e-02
8.516674e-01 8.575008e-01 8.633341e-01 4.730485e-02
8.633341e-01 8.691674e-01 8.750007e-01 4.699370e-02
8.750007e-01 8.808341e-01 8.866674e-01 4.666986e-02
8.866674e-01 8.925007e-01 8.983341e-01 4.633402e-02
8.983341e-01 9.041674e-01 9.100007e-01 4.598686e-02
9.100007e-01 9.158341e-01 9.216674e-01 4.562905e-02
9.216674e-01 9.275007e-01 9.333341e-01 4.526123e-02
9.333341e-01 9.391674e-01 9.450007e-01 4.488403e-02
9.450007e-01 9.508341e-01 9.566674e-01 4.449805e-02
9.566674e-01 9.625007e-01 9.683341e-01 4.410389e-02
9.683341e-01 9.741674e-01 9.800007e-01 4.370211e-02
9.800007e-01 9.858341e-01 9.916674e-01 4.329327e-02
9.916674e-01 9.975007e-01 1.003334e+00 4.287790e-02
1.003334e+00 1.009167e+00 1.015001e+00 4.245653e-02
1.015001e+00 1.020834e+00 1.026667e+00 4.202964e-02
1.026667e+00 1.032501e+00 1.038334e+00 4.159773e-02
1.038334e+00 1.044167e+00 1.050001e+00 4.116125e-02
1.050001e+00 1.055834e+00 1.061667e+00 4.072067e-02
1.061667e+00 1.067501e+00 1.073334e+00 4.027642e-02
1.073334e+00 1.079167e+00 1.085001e+00 3.982891e-02
1.085001e+00 1.090834e+00 1.096667e+00 3.937854e-02
1.096667e+00 1.102501e+00 1.108334e+00 3.892572e-02
1.108334e+00 1.114167e+00 1.120001e+00 3.847079e-02
1.120001e+00 1.125834e+00 1.131667e+00 3.801414e-02
1.131667e+00 1.137501e+00 1.143334e+00 3.755609e-02
1.143334e+00 1.149167e+00 1.155001e+00 3.709699e-02
1.155001e+00 1.160834e+00 1.166667e+00 3.663714e-02
1.166667e+00 1.172501e+00 1.178334e+00 3.617686e-02
1.178334e+00 1.184167e+00 1.190001e+00 3.571643e-02
1.190001e+00 1.195834e+00 1.201667e+00 3.525612e-02
1.201667e+00 1.207501e+00 1.213334e+00 3.479622e-02
1.213334e+00 1.219167e+00 1.225001e+00 3.433697e-02
1.225001e+00 1.230834e+00 1.236667e+00 3.387861e-02
1.236667e+00 1.242501e+00 1.248334e+00 3.342138e-02
1.248334e+00 1.254167e+00 1.260001e+00 3.296550e-02
1.260001e+00 1.265834e+00 1.271667e+00 3.251117e-02
1.271667e+00 1.277501e+00 1.283334e+00 3.205860e-02
1.283334e+00 1.289167e+00 1.295001e+00 3.160798e-02
1.295001e+00 1.300834e+00 1.306667e+00 3.115949e-02
1.306667e+00 1.312501e+00 1.318334e+00 3.071330e-02
1.318334e+00 1.324167e+00 1.330001e+00 3.026956e-02
1.330001e+00 1.335834e+00 1.341667e+00 2.982845e-02
1.341667e+00 1.347501e+00 1.353334e+00 2.939009e-02
1.353334e+00 1.359167e+00 1.365001e+00 2.895463e-02
1.365001e+00 1.370834e+00 1.376667e+00 2.852219e-02
1.376667e+00 1.382501e+00 1.388334e+00 2.809290e-02
1.388334e+00 1.394167e+00 1.400001e+00 2.766687e-02
1.400001e+00 1.405834e+00 1.411667e+00 2.724420e-02
1.411667e+00 1.417501e+00 1.423334e+00 2.682500e-02
1.423334e+00 1.429167e+00 1.435001e+00 2.640936e-02
1.435001e+00 1.440834e+00 1.446667e+00 2.599736e-02
1.446667e+00 1.452501e+00 1.458334e+00 2.558909e-02
1.458334e+00 1.464167e+00 1.470001e+00 2.518462e-02
1.470001e+00 1.475834e+00 1.481667e+00 2.478401e-02
1.481667e+00 1.487501e+00 1.493334e+00 2.438733e-02
1.493334e+00 1.499167e+00 1.505001e+00 2.399464e-02
1.505001e+00 1.510834e+00 1.516667e+00 2.360600e-02
1.516667e+00 1.522501e+00 1.528334e+00 2.322144e-02
1.528334e+00 1.534167e+00 1.540001e+00 2.284101e-02
1.540001e+00 1.545834e+00 1.551667e+00 2.246475e-02
1.551667e+00 1.557501e+00 1.563334e+00 2.209269e-02
1.563334e+00 1.569167e+00 1.575001e+00 2.172486e-02
1.575001e+00 1.580834e+00 1.586667e+00 2.136130e-02
1.586667e+00 1.592501e+00 1.598334e+00 2.100201e-02
1.598334e+00 1.604167e+00 1.610001e+00 2.064703e-02
1.610001e+00 1.615834e+00 1.621667e+00 2.029635e-02
1.621667e+00 1.627501e+00 1.633334e+00 1.995000e-02
1.633334e+00 1.639167e+00 1.645001e+00 1.960799e-02
1.645001e+00 1.650834e+00 1.656667e+00 1.927031e-02
1.656667e+00 1.662501e+00 1.668334e+00 1.893697e-02
1.668334e+00 1.674167e+00 1.680001e+00 1.860797e-02
1.680001e+00 1.685834e+00 1.691667e+00 1.828331e-02
1.691667e+00 1.697501e+00 1.703334e+00 1.796297e-02
1.703334e+00 1.709167e+00 1.715001e+00 1.764696e-02
1.715001e+00 1.720834e+00 1.726667e+00 1.733526e-02
1.726667e+00 1.732501e+00 1.738334e+00 1.702786e-02
1.738334e+00 1.744167e+00 1.750000e+00 1.672473e-02
1.750000e+00 1.755834e+00 1.761667e+00 1.642588e-02
1.761667e+00 1.767500e+00 1.773334e+00 1.613127e-02
1.773334e+00 1.779167e+00 1.785000e+00 1.584089e-02
1.785000e+00 1.790834e+00 1.796667e+00 1.555471e-02
1.796667e+00 1.802500e+00 1.808334e+00 1.527271e-02
1.808334e+00 1.814167e+00 1.820000e+00 1.499487e-02
1.820000e+00 1.825834e+00 1.831667e+00 1.472116e-02
1.831667e+00 1.837500e+00 1.843334e+00 1.445155e-02
1.843334e+00 1.849167e+00 1.855000e+00 1.418600e-02
1.855000e+00 1.860834e+00 1.866667e+00 1.392450e-02
1.866667e+00 1.872500e+00 1.878334e+00 1.366701e-02
1.878334e+00 1.884167e+00 1.890000e+00 1.341350e-02
1.890000e+00 1.895834e+00 1.901667e+00 1.316393e-02
1.901667e+00 1.907500e+00 1.913334e+00 1.291826e-02
1.913334e+00 1.919167e+00 1.925000e+00 1.267647e-02
1.925000e+00 1.930834e+00 1.936667e+00 1.243852e-02
1.936667e+00 1.942500e+00 1.948334e+00 1.220437e-02
1.948334e+00 1.954167e+00 1.960000e+00 1.197399e-02
1.960000e+00 1.965834e+00 1.971667e+00 1.174733e-02
1.971667e+00 1.977500e+00 1.983334e+00 1.152436e-02
1.983334e+00 1.989167e+00 1.995000e+00 1.130503e-02
1.995000e+00 2.000834e+00 2.006667e+00 1.108932e-02
2.006667e+00 2.012500e+00 2.018334e+00 1.087718e-02
2.018334e+00 2.024167e+00 2.030000e+00 1.066856e-02
2.030000e+00 2.035834e+00 2.041667e+00 1.046344e-02
2.041667e+00 2.047500e+00 2.053334e+00 1.026176e-02
2.053334e+00 2.059167e+00 2.065000e+00 1.006350e-02
2.065000e+00 2.070834e+00 2.076667e+00 9.868597e-03
2.076667e+00 2.082500e+00 2.088334e+00 9.677023e-03
2.088334e+00 2.094167e+00 2.100000e+00 9.488735e-03
2.100000e+00 2.105834e+00 2.111667e+00 9.303690e-03
2.111667e+00 2.117500e+00 2.123334e+00 9.121847e-03
2.123334e+00 2.129167e+00 2.135000e+00 8.943164e-03
2.135000e+00 2.140834e+00 2.146667e+00 8.767602e-03
2.146667e+00 2.152500e+00 2.158334e+00 8.595116e-03
2.158334e+00 2.164167e+00 2.170000e+00 8.425668e-03
2.170000e+00 2.175834e+00 2.181667e+00 8.259215e-03
2.181667e+00 2.187500e+00 2.193334e+00 8.095716e-03
2.193334e+00 2.199167e+00 2.205000e+00 7.935130e-03
2.205000e+00 2.210834e+00 2.216667e+00 7.777417e-03
2.216667e+00 2.222500e+00 2.228334e+00 7.622535e-03
2.228334e+00 2.234167e+00 2.240000e+00 7.470444e-03
2.240000e+00 2.245834e+00 2.251667e+00 7.321104e-03
2.251667e+00 2.257500e+00 2.263334e+00 7.174475e-03
2.263334e+00 2.269167e+00 2.275000e+00 7.030516e-03
2.275000e+00 2.280834e+00 2.286667e+00 6.889189e-03
2.286667e+00 2.292500e+00 2.298334e+00 6.750453e-03
2.298334e+00 2.304167e+00 2.310000e+00 6.614270e-03
2.310000e+00 2.315834e+00 2.321667e+00 6.480600e-03
2.321667e+00 2.327500e+00 2.333334e+00 6.349406e-03
2.333334e+00 2.339167e+00 2.345000e+00 6.220649e-03
2.345000e+00 2.350834e+00 2.356667e+00 6.094291e-03
2.356667e+00 2.362500e+00 2.368334e+00 5.970295e-03
2.368334e+00 2.374167e+00 2.380000e+00 5.848623e-03
2.380000e+00 2.385834e+00 2.391667e+00 5.729238e-03
2.391667e+00 2.397500e+00 2.403334e+00 5.612104e-03
2.403334e+00 2.409167e+00 2.415000e+00 5.497185e-03
2.415000e+00 2.420834e+00 2.426667e+00 5.384444e-03
2.426667e+00 2.432500e+00 2.438334e+00 5.273847e-03
2.438334e+00 2.444167e+00 2.450000e+00 5.165358e-03
2.450000e+00 2.455834e+00 2.461667e+00 5.058943e-03
2.461667e+00 2.467500e+00 2.473334e+00 4.954566e-03
2.473334e+00 2.479167e+00 2.485000e+00 4.852195e-03
2.485000e+00 2.490834e+00 2.496667e+00 4.751795e-03
2.496667e+00 2.502500e+00 2.508334e+00 4.653334e-03
2.508334e+00 2.514167e+00 2.520000e+00 4.556778e-03
2.520000e+00 2.525834e+00 2.531667e+00 4.462095e-03
2.531667e+00 2.537500e+00 2.543334e+00 4.369254e-03
2.543334e+00 2.549167e+00 2.555000e+00 4.278222e-03
2.555000e+00 2.560834e+00 2.566667e+00 4.188968e-03
2.566667e+00 2.572500e+00 2.578334e+00 4.101461e-03
2.578334e+00 2.584167e+00 2.590000e+00 4.015672e-03
2.590000e+00 2.595834e+00 2.601667e+00 3.931569e-03
2.601667e+00 2.607500e+00 2.613334e+00 3.849124e-03
2.613334e+00 2.619167e+00 2.625000e+00 3.768307e-03
2.625000e+00 2.630834e+00 2.636667e+00 3.689089e-03
2.636667e+00 2.642500e+00 2.648334e+00 3.611442e-03
2.648334e+00 2.654167e+00 2.660000e+00 3.535338e-03
2.660000e+00 2.665834e+00 2.671667e+00 3.460749e-03
2.671667e+00 2.677500e+00 2.683334e+00 3.387648e-03
2.683334e+00 2.689167e+00 2.695000e+00 3.316008e-03
2.695000e+00 2.700834e+00 2.706667e+00 3.245803e-03
2.706667e+00 2.712500e+00 2.718334e+00 3.177006e-03
2.718334e+00 2.724167e+00 2.730000e+00 3.109592e-03
2.730000e+00 2.735834e+00 2.741667e+00 3.043535e-03
2.741667e+00 2.747500e+00 2.753334e+00 2.978810e-03
2.753334e+00 2.759167e+00 2.765000e+00 2.915394e-03
2.765000e+00 2.770834e+00 2.776667e+00 2.853261e-03
2.776667e+00 2.782500e+00 2.788334e+00 2.792389e-03
2.788334e+00 2.794167e+00 2.800000e+00 2.732752e-03
2.800000e+00 2.805834e+00 2.811667e+00 2.674329e-03
2.811667e+00 2.817500e+00 2.823334e+00 2.617097e-03
2.823334e+00 2.829167e+00 2.835000e+00 2.561033e-03
2.835000e+00 2.840834e+00 2.846667e+00 2.506115e-03
2.846667e+00 2.852500e+00 2.858334e+00 2.452322e-03
2.858334e+00 2.864167e+00 2.870000e+00 2.399632e-03
2.870000e+00 2.875834e+00 2.881667e+00 2.348024e-03
2.881667e+00 2.887500e+00 2.893334e+00 2.297478e-03
2.893334e+00 2.899167e+00 2.905000e+00 2.247974e-03
2.905000e+00 2.910834e+00 2.916667e+00 2.199491e-03
2.916667e+00 2.922500e+00 2.928333e+00 2.152010e-03
2.928333e+00 2.934167e+00 2.940000e+00 2.105511e-03
2.940000e+00 2.945833e+00 2.951667e+00 2.059976e-03
2.951667e+00 2.957500e+00 2.963333e+00 2.015386e-03
2.963333e+00 2.969167e+00 2.975000e+00 1.971723e-03
2.975000e+00 2.980833e+00 2.986667e+00 1.928969e-03
2.986667e+00 2.992500e+00 2.998333e+00 1.887105e-03
2.998333e+00 3.004167e+00 3.010000e+00 1.846115e-03
3.010000e+00 3.015833e+00 3.021667e+00 1.805981e-03
3.021667e+00 3.027500e+00 3.033333e+00 1.766687e-03
3.033333e+00 3.039167e+00 3.045000e+00 1.728216e-03
3.045000e+00 3.050833e+00 3.056667e+00 1.690552e-03
3.056667e+00 3.062500e+00 3.068333e+00 1.653679e-03
3.068333e+00 3.074167e+00 3.080000e+00 1.617581e-03
3.080000e+00 3.085833e+00 3.091667e+00 1.582244e-03
3.091667e+00 3.097500e+00 3.103333e+00 1.547651e-03
3.103333e+00 3.109167e+00 3.115000e+00 1.513788e-03
3.115000e+00 3.120833e+00 3.126667e+00 1.480640e-03
3.126667e+00 3.132500e+00 3.138333e+00 1.448194e-03
3.138333e+00 3.144167e+00 3.150000e+00 1.416435e-03
3.150000e+00 3.155833e+00 3.161667e+00 1.385349e-03
3.161667e+00 3.167500e+00 3.173333e+00 1.354923e-03
3.173333e+00 3.179167e+00 3.185000e+00 1.325144e-03
3.185000e+00 3.190833e+00 3.196667e+00 1.295998e-03
3.196667e+00 3.202500e+00 3.208333e+00 1.267472e-03
3.208333e+00 3.214167e+00 3.220000e+00 1.239555e-03
3.220000e+00 3.225833e+00 3.231667e+00 1.212234e-03
3.231667e+00 3.237500e+00 3.243333e+00 1.185496e-03
3.243333e+00 3.249167e+00 3.255000e+00 1.159330e-03
3.255000e+00 3.260833e+00 3.266667e+00 1.133724e-03
3.266667e+00 3.272500e+00 3.278333e+00 1.108667e-03
3.278333e+00 3.284167e+00 3.290000e+00 1.084147e-03
3.290000e+00 3.295833e+00 3.301667e+00 1.060154e-03
3.301667e+00 3.307500e+00 3.313333e+00 1.036677e-03
3.313333e+00 3.319167e+00 3.325000e+00 1.013704e-03
3.325000e+00 3.330833e+00 3.336667e+00 9.912263e-04
3.336667e+00 3.342500e+00 3.348333e+00 9.692330e-04
3.348333e+00 3.354167e+00 3.360000e+00 9.477142e-04
3.360000e+00 3.365833e+00 3.371667e+00 9.266601e-04
3.371667e+00 3.377500e+00 3.383333e+00 9.060611e-04
3.383333e+00 3.389167e+00 3.395000e+00 8.859076e-04
3.395000e+00 3.400833e+00 3.406667e+00 8.661906e-04
3.406667e+00 3.412500e+00 3.418333e+00 8.469009e-04
3.418333e+00 3.424167e+00 3.430000e+00 8.280295e-04
3.430000e+00 3.435833e+00 3.441667e+00 8.095679e-04
3.441667e+00 3.447500e+00 3.453333e+00 7.915074e-04
3.453333e+00 3.459167e+00 3.465000e+00 7.738397e-04
3.465000e+00 3.470833e+00 3.476667e+00 7.565565e-04
3.476667e+00 3.482500e+00 3.488333e+00 7.396498e-04
3.488333e+00 3.494167e+00 3.500000e+00 7.231117e-04
