1.000000e-06 5.834332e-03 1.166766e-02 3.305112e-05
1.166766e-02 1.750099e-02 2.333433e-02 2.823607e-04
2.333433e-02 2.916766e-02 3.500099e-02 7.467385e-04
3.500099e-02 4.083432e-02 4.666765e-02 1.395587e-03
4.666765e-02 5.250099e-02 5.833432e-02 2.202066e-03
5.833432e-02 6.416765e-02 7.000098e-02 3.142367e-03
7.000098e-02 7.583431e-02 8.166764e-02 4.195257e-03
8.166764e-02 8.750097e-02 9.333431e-02 5.341744e-03
9.333431e-02 9.916764e-02 1.050010e-01 6.564816e-03
1.050010e-01 1.108343e-01 1.166676e-01 7.849225e-03
1.166676e-01 1.225010e-01 1.283343e-01 9.181302e-03
1.283343e-01 1.341676e-01 1.400010e-01 1.054880e-02
1.400010e-01 1.458343e-01 1.516676e-01 1.194077e-02
1.516676e-01 1.575010e-01 1.633343e-01 1.334742e-02
1.633343e-01 1.691676e-01 1.750009e-01 1.476001e-02
1.750009e-01 1.808343e-01 1.866676e-01 1.617078e-02
1.866676e-01 1.925009e-01 1.983343e-01 1.757281e-02
1.983343e-01 2.041676e-01 2.100009e-01 1.896002e-02
2.100009e-01 2.158343e-01 2.216676e-01 2.032702e-02
2.216676e-01 2.275009e-01 2.333343e-01 2.166909e-02
2.333343e-01 2.391676e-01 2.450009e-01 2.298211e-02
2.450009e-01 2.508343e-01 2.566676e-01 2.426252e-02
2.566676e-01 2.625009e-01 2.683343e-01 2.550724e-02
2.683343e-01 2.741676e-01 2.800009e-01 2.671366e-02
2.800009e-01 2.858343e-01 2.916676e-01 2.787956e-02
2.916676e-01 2.975009e-01 3.033342e-01 2.900312e-02
3.033342e-01 3.091676e-01 3.150009e-01 3.008284e-02
3.150009e-01 3.208342e-01 3.266676e-01 3.111754e-02
3.266676e-01 3.325009e-01 3.383342e-01 3.210631e-02
3.383342e-01 3.441676e-01 3.500009e-01 3.304851e-02
3.500009e-01 3.558342e-01 3.616676e-01 3.394370e-02
3.616676e-01 3.675009e-01 3.733342e-01 3.479168e-02
3.733342e-01 3.791676e-01 3.850009e-01 3.559240e-02
3.850009e-01 3.908342e-01 3.966676e-01 3.634600e-02
3.966676e-01 4.025009e-01 4.083342e-01 3.705275e-02
4.083342e-01 4.141675e-01 4.200009e-01 3.771308e-02
4.200009e-01 4.258342e-01 4.316675e-01 3.832751e-02
4.316675e-01 4.375009e-01 4.433342e-01 3.889667e-02
4.433342e-01 4.491675e-01 4.550009e-01 3.942128e-02
4.550009e-01 4.608342e-01 4.666675e-01 3.990216e-02
4.666675e-01 4.725009e-01 4.783342e-01 4.034017e-02
4.783342e-01 4.841675e-01 4.900009e-01 4.073625e-02
4.900009e-01 4.958342e-01 5.016675e-01 4.109138e-02
5.016675e-01 5.075009e-01 5.133342e-01 4.140660e-02
5.133342e-01 5.191675e-01 5.250008e-01 4.168297e-02
5.250008e-01 5.308342e-01 5.366675e-01 4.192157e-02
5.366675e-01 5.425008e-01 5.483342e-01 4.212353e-02
5.483342e-01 5.541675e-01 5.600008e-01 4.228999e-02
5.600008e-01 5.658342e-01 5.716675e-01 4.242208e-02
5.716675e-01 5.775008e-01 5.833342e-01 4.252097e-02
5.833342e-01 5.891675e-01 5.950008e-01 4.258781e-02
5.950008e-01 6.008342e-01 6.066675e-01 4.262377e-02
6.066675e-01 6.125008e-01 6.183342e-01 4.263000e-02
6.183342e-01 6.241675e-01 6.300008e-01 4.260765e-02
6.300008e-01 6.358342e-01 6.416675e-01 4.255786e-02
6.416675e-01 6.475008e-01 6.533341e-01 4.248176e-02
6.533341e-01 6.591675e-01 6.650008e-01 4.238048e-02
6.650008e-01 6.708341e-01 6.766675e-01 4.225511e-02
6.766675e-01 6.825008e-01 6.883341e-01 4.210673e-02
6.883341e-01 6.941675e-01 7.000008e-01 4.193642e-02
7.000008e-01 7.058341e-01 7.116675e-01 4.174522e-02
7.116675e-01 7.175008e-01 7.233341e-01 4.153416e-02
7.233341e-01 7.291675e-01 7.350008e-01 4.130424e-02
7.350008e-01 7.408341e-01 7.466675e-01 4.105644e-02
7.466675e-01 7.525008e-01 7.583341e-01 4.079173e-02
7.583341e-01 7.641674e-01 7.700008e-01 4.051103e-02
7.700008e-01 7.758341e-01 7.816674e-01 4.021527e-02
7.816674e-01 7.875008e-01 7.933341e-01 3.990531e-02
7.933341e-01 7.991674e-01 8.050008e-01 3.958204e-02
8.050008e-01 8.108341e-01 8.166674e-01 3.924628e-02
8.166674e-01 8.225008e-01 8.283341e-01 3.889884e-02
8.283341e-01 8.341674e-01 8.400008e-01 3.854052e-02
8.400008e-01 8.458341e-01 8.516674e-01 3.817207e-02
8.516674e-01 8.575008e-01 8.633341e-01 3.779423e-02
8.633341e-01 8.691674e-01 8.750007e-01 3.740772e-02
8.750007e-01 8.808341e-01 8.866674e-01 3.701323e-02
8.866674e-01 8.925007e-01 8.983341e-01 3.661141e-02
8.983341e-01 9.041674e-01 9.100007e-01 3.620291e-02
9.100007e-01 9.158341e-01 9.216674e-01 3.578835e-02
9.216674e-01 9.275007e-01 9.333341e-01 3.536833e-02
9.333341e-01 9.391674e-01 9.450007e-01 3.494341e-02
9.450007e-01 9.508341e-01 9.566674e-01 3.451414e-02
9.566674e-01 9.625007e-01 9.683341e-01 3.408105e-02
9.683341e-01 9.741674e-01 9.800007e-01 3.364465e-02
9.800007e-01 9.858341e-01 9.916674e-01 3.320543e-02
9.916674e-01 9.975007e-01 1.003334e+00 3.276385e-02
1.003334e+00 1.009167e+00 1.015001e+00 3.232035e-02
1.015001e+00 1.020834e+00 1.026667e+00 3.187536e-02
1.026667e+00 1.032501e+00 1.038334e+00 3.142928e-02
1.038334e+00 1.044167e+00 1.050001e+00 3.098251e-02
1.050001e+00 1.055834e+00 1.061667e+00 3.053542e-02
1.061667e+00 1.067501e+00 1.073334e+00 3.008836e-02
1.073334e+00 1.079167e+00 1.085001e+00 2.964166e-02
1.085001e+00 1.090834e+00 1.096667e+00 2.919564e-02
1.096667e+00 1.102501e+00 1.108334e+00 2.875061e-02
1.108334e+00 1.114167e+00 1.120001e+00 2.830685e-02
1.120001e+00 1.125834e+00 1.131667e+00 2.786463e-02
1.131667e+00 1.137501e+00 1.143334e+00 2.742423e-02
1.143334e+00 1.149167e+00 1.155001e+00 2.698587e-02
1.155001e+00 1.160834e+00 1.166667e+00 2.654978e-02
1.166667e+00 1.172501e+00 1.178334e+00 2.611620e-02
1.178334e+00 1.184167e+00 1.190001e+00 2.568531e-02
1.190001e+00 1.195834e+00 1.201667e+00 2.525731e-02
1.201667e+00 1.207501e+00 1.213334e+00 2.483239e-02
1.213334e+00 1.219167e+00 1.225001e+00 2.441071e-02
1.225001e+00 1.230834e+00 1.236667e+00 2.399242e-02
1.236667e+00 1.242501e+00 1.248334e+00 2.357768e-02
1.248334e+00 1.254167e+00 1.260001e+00 2.316662e-02
1.260001e+00 1.265834e+00 1.271667e+00 2.275937e-02
1.271667e+00 1.277501e+00 1.283334e+00 2.235604e-02
1.283334e+00 1.289167e+00 1.295001e+00 2.195675e-02
1.295001e+00 1.300834e+00 1.306667e+00 2.156159e-02
1.306667e+00 1.312501e+00 1.318334e+00 2.117066e-02
1.318334e+00 1.324167e+00 1.330001e+00 2.078404e-02
1.330001e+00 1.335834e+00 1.341667e+00 2.040180e-02
1.341667e+00 1.347501e+00 1.353334e+00 2.002401e-02
1.353334e+00 1.359167e+00 1.365001e+00 1.965074e-02
1.365001e+00 1.370834e+00 1.376667e+00 1.928204e-02
1.376667e+00 1.382501e+00 1.388334e+00 1.891795e-02
1.388334e+00 1.394167e+00 1.400001e+00 1.855852e-02
1.400001e+00 1.405834e+00 1.411667e+00 1.820378e-02
1.411667e+00 1.417501e+00 1.423334e+00 1.785377e-02
1.423334e+00 1.429167e+00 1.435001e+00 1.750851e-02
1.435001e+00 1.440834e+00 1.446667e+00 1.716802e-02
1.446667e+00 1.452501e+00 1.458334e+00 1.683231e-02
1.458334e+00 1.464167e+00 1.470001e+00 1.650140e-02
1.470001e+00 1.475834e+00 1.481667e+00 1.617528e-02
1.481667e+00 1.487501e+00 1.493334e+00 1.585398e-02
1.493334e+00 1.499167e+00 1.505001e+00 1.553747e-02
1.505001e+00 1.510834e+00 1.516667e+00 1.522576e-02
1.516667e+00 1.522501e+00 1.528334e+00 1.491883e-02
1.528334e+00 1.534167e+00 1.540001e+00 1.461668e-02
1.540001e+00 1.545834e+00 1.551667e+00 1.431928e-02
1.551667e+00 1.557501e+00 1.563334e+00 1.402663e-02
1.563334e+00 1.569167e+00 1.575001e+00 1.373869e-02
1.575001e+00 1.580834e+00 1.586667e+00 1.345544e-02
1.586667e+00 1.592501e+00 1.598334e+00 1.317686e-02
1.598334e+00 1.604167e+00 1.610001e+00 1.290292e-02
1.610001e+00 1.615834e+00 1.621667e+00 1.263359e-02
1.621667e+00 1.627501e+00 1.633334e+00 1.236882e-02
1.633334e+00 1.639167e+00 1.645001e+00 1.210860e-02
1.645001e+00 1.650834e+00 1.656667e+00 1.185288e-02
1.656667e+00 1.662501e+00 1.668334e+00 1.160161e-02
1.668334e+00 1.674167e+00 1.680001e+00 1.135477e-02
1.680001e+00 1.685834e+00 1.691667e+00 1.111231e-02
1.691667e+00 1.697501e+00 1.703334e+00 1.087419e-02
1.703334e+00 1.709167e+00 1.715001e+00 1.064036e-02
1.715001e+00 1.720834e+00 1.726667e+00 1.041079e-02
1.726667e+00 1.732501e+00 1.738334e+00 1.018541e-02
1.738334e+00 1.744167e+00 1.750000e+00 9.964185e-03
1.750000e+00 1.755834e+00 1.761667e+00 9.747070e-03
1.761667e+00 1.767500e+00 1.773334e+00 9.534014e-03
1.773334e+00 1.779167e+00 1.785000e+00 9.324966e-03
1.785000e+00 1.790834e+00 1.796667e+00 9.119878e-03
1.796667e+00 1.802500e+00 1.808334e+00 8.918698e-03
1.808334e+00 1.814167e+00 1.820000e+00 8.721377e-03
1.820000e+00 1.825834e+00 1.831667e+00 8.527862e-03
1.831667e+00 1.837500e+00 1.843334e+00 8.338102e-03
1.843334e+00 1.849167e+00 1.855000e+00 8.152046e-03
1.855000e+00 1.860834e+00 1.866667e+00 7.969640e-03
1.866667e+00 1.872500e+00 1.878334e+00 7.790834e-03
1.878334e+00 1.884167e+00 1.890000e+00 7.615574e-03
1.890000e+00 1.895834e+00 1.901667e+00 7.443809e-03
1.901667e+00 1.907500e+00 1.913334e+00 7.275486e-03
1.913334e+00 1.919167e+00 1.925000e+00 7.110553e-03
1.925000e+00 1.930834e+00 1.936667e+00 6.948958e-03
1.936667e+00 1.942500e+00 1.948334e+00 6.790648e-03
1.948334e+00 1.954167e+00 1.960000e+00 6.635571e-03
1.960000e+00 1.965834e+00 1.971667e+00 6.483677e-03
1.971667e+00 1.977500e+00 1.983334e+00 6.334914e-03
1.983334e+00 1.989167e+00 1.995000e+00 6.189229e-03
1.995000e+00 2.000834e+00 2.006667e+00 6.046573e-03
2.006667e+00 2.012500e+00 2.018334e+00 5.906895e-03
2.018334e+00 2.024167e+00 2.030000e+00 5.770144e-03
2.030000e+00 2.035834e+00 2.041667e+00 5.636270e-03
2.041667e+00 2.047500e+00 2.053334e+00 5.505224e-03
2.053334e+00 2.059167e+00 2.065000e+00 5.376957e-03
2.065000e+00 2.070834e+00 2.076667e+00 5.251421e-03
2.076667e+00 2.082500e+00 2.088334e+00 5.128565e-03
2.088334e+00 2.094167e+00 2.100000e+00 5.008344e-03
2.100000e+00 2.105834e+00 2.111667e+00 4.890709e-03
2.111667e+00 2.117500e+00 2.123334e+00 4.775614e-03
2.123334e+00 2.129167e+00 2.135000e+00 4.663012e-03
2.135000e+00 2.140834e+00 2.146667e+00 4.552858e-03
2.146667e+00 2.152500e+00 2.158334e+00 4.445106e-03
2.158334e+00 2.164167e+00 2.170000e+00 4.339710e-03
2.170000e+00 2.175834e+00 2.181667e+00 4.236628e-03
2.181667e+00 2.187500e+00 2.193334e+00 4.135815e-03
2.193334e+00 2.199167e+00 2.205000e+00 4.037227e-03
2.205000e+00 2.210834e+00 2.216667e+00 3.940823e-03
2.216667e+00 2.222500e+00 2.228334e+00 3.846560e-03
2.228334e+00 2.234167e+00 2.240000e+00 3.754397e-03
2.240000e+00 2.245834e+00 2.251667e+00 3.664292e-03
2.251667e+00 2.257500e+00 2.263334e+00 3.576206e-03
2.263334e+00 2.269167e+00 2.275000e+00 3.490098e-03
2.275000e+00 2.280834e+00 2.286667e+00 3.405929e-03
2.286667e+00 2.292500e+00 2.298334e+00 3.323661e-03
2.298334e+00 2.304167e+00 2.310000e+00 3.243255e-03
2.310000e+00 2.315834e+00 2.321667e+00 3.164674e-03
2.321667e+00 2.327500e+00 2.333334e+00 3.087881e-03
2.333334e+00 2.339167e+00 2.345000e+00 3.012840e-03
2.345000e+00 2.350834e+00 2.356667e+00 2.939515e-03
2.356667e+00 2.362500e+00 2.368334e+00 2.867870e-03
2.368334e+00 2.374167e+00 2.380000e+00 2.797871e-03
2.380000e+00 2.385834e+00 2.391667e+00 2.729483e-03
2.391667e+00 2.397500e+00 2.403334e+00 2.662674e-03
2.403334e+00 2.409167e+00 2.415000e+00 2.597411e-03
2.415000e+00 2.420834e+00 2.426667e+00 2.533660e-03
2.426667e+00 2.432500e+00 2.438334e+00 2.471390e-03
2.438334e+00 2.444167e+00 2.450000e+00 2.410570e-03
2.450000e+00 2.455834e+00 2.461667e+00 2.351169e-03
2.461667e+00 2.467500e+00 2.473334e+00 2.293156e-03
2.473334e+00 2.479167e+00 2.485000e+00 2.236503e-03
2.485000e+00 2.490834e+00 2.496667e+00 2.181179e-03
2.496667e+00 2.502500e+00 2.508334e+00 2.127156e-03
2.508334e+00 2.514167e+00 2.520000e+00 2.074407e-03
2.520000e+00 2.525834e+00 2.531667e+00 2.022903e-03
2.531667e+00 2.537500e+00 2.543334e+00 1.972617e-03
2.543334e+00 2.549167e+00 2.555000e+00 1.923523e-03
2.555000e+00 2.560834e+00 2.566667e+00 1.875594e-03
2.566667e+00 2.572500e+00 2.578334e+00 1.828806e-03
2.578334e+00 2.584167e+00 2.590000e+00 1.783132e-03
2.590000e+00 2.595834e+00 2.601667e+00 1.738549e-03
2.601667e+00 2.607500e+00 2.613334e+00 1.695031e-03
2.613334e+00 2.619167e+00 2.625000e+00 1.652556e-03
2.625000e+00 2.630834e+00 2.636667e+00 1.611100e-03
2.636667e+00 2.642500e+00 2.648334e+00 1.570640e-03
2.648334e+00 2.654167e+00 2.660000e+00 1.531155e-03
2.660000e+00 2.665834e+00 2.671667e+00 1.492621e-03
2.671667e+00 2.677500e+00 2.683334e+00 1.455017e-03
2.683334e+00 2.689167e+00 2.695000e+00 1.418324e-03
2.695000e+00 2.700834e+00 2.706667e+00 1.382519e-03
2.706667e+00 2.712500e+00 2.718334e+00 1.347582e-03
2.718334e+00 2.724167e+00 2.730000e+00 1.313495e-03
2.730000e+00 2.735834e+00 2.741667e+00 1.280237e-03
2.741667e+00 2.747500e+00 2.753334e+00 1.247790e-03
2.753334e+00 2.759167e+00 2.765000e+00 1.216134e-03
2.765000e+00 2.770834e+00 2.776667e+00 1.185252e-03
2.776667e+00 2.782500e+00 2.788334e+00 1.155126e-03
2.788334e+00 2.794167e+00 2.800000e+00 1.125738e-03
2.800000e+00 2.805834e+00 2.811667e+00 1.097072e-03
2.811667e+00 2.817500e+00 2.823334e+00 1.069110e-03
2.823334e+00 2.829167e+00 2.835000e+00 1.041836e-03
2.835000e+00 2.840834e+00 2.846667e+00 1.015234e-03
2.846667e+00 2.852500e+00 2.858334e+00 9.892888e-04
2.858334e+00 2.864167e+00 2.870000e+00 9.639843e-04
2.870000e+00 2.875834e+00 2.881667e+00 9.393057e-04
2.881667e+00 2.887500e+00 2.893334e+00 9.152384e-04
2.893334e+00 2.899167e+00 2.905000e+00 8.917679e-04
2.905000e+00 2.910834e+00 2.916667e+00 8.688802e-04
2.916667e+00 2.922500e+00 2.928333e+00 8.465614e-04
2.928333e+00 2.934167e+00 2.940000e+00 8.247982e-04
2.940000e+00 2.945833e+00 2.951667e+00 8.035772e-04
2.951667e+00 2.957500e+00 2.963333e+00 7.828856e-04
2.963333e+00 2.969167e+00 2.975000e+00 7.627108e-04
2.975000e+00 2.980833e+00 2.986667e+00 7.430405e-04
2.986667e+00 2.992500e+00 2.998333e+00 7.238626e-04
2.998333e+00 3.004167e+00 3.010000e+00 7.051653e-04
3.010000e+00 3.015833e+00 3.021667e+00 6.869371e-04
3.021667e+00 3.027500e+00 3.033333e+00 6.691667e-04
3.033333e+00 3.039167e+00 3.045000e+00 6.518431e-04
3.045000e+00 3.050833e+00 3.056667e+00 6.349556e-04
3.056667e+00 3.062500e+00 3.068333e+00 6.184935e-04
3.068333e+00 3.074167e+00 3.080000e+00 6.024466e-04
3.080000e+00 3.085833e+00 3.091667e+00 5.868049e-04
3.091667e+00 3.097500e+00 3.103333e+00 5.715585e-04
3.103333e+00 3.109167e+00 3.115000e+00 5.566978e-04
3.115000e+00 3.120833e+00 3.126667e+00 5.422134e-04
3.126667e+00 3.132500e+00 3.138333e+00 5.280962e-04
3.138333e+00 3.144167e+00 3.150000e+00 5.143372e-04
3.150000e+00 3.155833e+00 3.161667e+00 5.009276e-04
3.161667e+00 3.167500e+00 3.173333e+00 4.878589e-04
3.173333e+00 3.179167e+00 3.185000e+00 4.751227e-04
3.185000e+00 3.190833e+00 3.196667e+00 4.627110e-04
3.196667e+00 3.202500e+00 3.208333e+00 4.506156e-04
3.208333e+00 3.214167e+00 3.220000e+00 4.388289e-04
3.220000e+00 3.225833e+00 3.231667e+00 4.273431e-04
3.231667e+00 3.237500e+00 3.243333e+00 4.161509e-04
3.243333e+00 3.249167e+00 3.255000e+00 4.052451e-04
3.255000e+00 3.260833e+00 3.266667e+00 3.946185e-04
3.266667e+00 3.272500e+00 3.278333e+00 3.842643e-04
3.278333e+00 3.284167e+00 3.290000e+00 3.741756e-04
3.290000e+00 3.295833e+00 3.301667e+00 3.643459e-04
3.301667e+00 3.307500e+00 3.313333e+00 3.547688e-04
3.313333e+00 3.319167e+00 3.325000e+00 3.454379e-04
3.325000e+00 3.330833e+00 3.336667e+00 3.363471e-04
3.336667e+00 3.342500e+00 3.348333e+00 3.274904e-04
3.348333e+00 3.354167e+00 3.360000e+00 3.188621e-04
3.360000e+00 3.365833e+00 3.371667e+00 3.104563e-04
3.371667e+00 3.377500e+00 3.383333e+00 3.022675e-04
3.383333e+00 3.389167e+00 3.395000e+00 2.942902e-04
3.395000e+00 3.400833e+00 3.406667e+00 2.865192e-04
3.406667e+00 3.412500e+00 3.418333e+00 2.789493e-04
3.418333e+00 3.424167e+00 3.430000e+00 2.715754e-04
3.430000e+00 3.435833e+00 3.441667e+00 2.643926e-04
3.441667e+00 3.447500e+00 3.453333e+00 2.573960e-04
3.453333e+00 3.459167e+00 3.465000e+00 2.505810e-04
3.465000e+00 3.470833e+00 3.476667e+00 2.439430e-04
3.476667e+00 3.482500e+00 3.488333e+00 2.374775e-04
3.488333e+00 3.494167e+00 3.500000e+00 2.311801e-04
