1.000000e-06 5.834332e-03 1.166766e-02 3.307850e-05
1.166766e-02 1.750099e-02 2.333433e-02 2.827588e-04
2.333433e-02 2.916766e-02 3.500099e-02 7.479341e-04
3.500099e-02 4.083432e-02 4.666765e-02 1.397806e-03
4.666765e-02 5.250099e-02 5.833432e-02 2.205243e-03
5.833432e-02 6.416765e-02 7.000098e-02 3.146120e-03
7.000098e-02 7.583431e-02 8.166764e-02 4.198890e-03
8.166764e-02 8.750097e-02 9.333431e-02 5.344264e-03
9.333431e-02 9.916764e-02 1.050010e-01 6.564960e-03
1.050010e-01 1.108343e-01 1.166676e-01 7.845487e-03
1.166676e-01 1.225010e-01 1.283343e-01 9.171968e-03
1.283343e-01 1.341676e-01 1.400010e-01 1.053198e-02
1.400010e-01 1.458343e-01 1.516676e-01 1.191443e-02
1.516676e-01 1.575010e-01 1.633343e-01 1.330940e-02
1.633343e-01 1.691676e-01 1.750009e-01 1.470808e-02
1.750009e-01 1.808343e-01 1.866676e-01 1.610263e-02
1.866676e-01 1.925009e-01 1.983343e-01 1.748611e-02
1.983343e-01 2.041676e-01 2.100009e-01 1.885242e-02
2.100009e-01 2.158343e-01 2.216676e-01 2.019618e-02
2.216676e-01 2.275009e-01 2.333343e-01 2.151269e-02
2.333343e-01 2.391676e-01 2.450009e-01 2.279789e-02
2.450009e-01 2.508343e-01 2.566676e-01 2.404826e-02
2.566676e-01 2.625009e-01 2.683343e-01 2.526079e-02
2.683343e-01 2.741676e-01 2.800009e-01 2.643295e-02
2.800009e-01 2.858343e-01 2.916676e-01 2.756263e-02
2.916676e-01 2.975009e-01 3.033342e-01 2.864808e-02
3.033342e-01 3.091676e-01 3.150009e-01 2.968793e-02
3.150009e-01 3.208342e-01 3.266676e-01 3.068110e-02
3.266676e-01 3.325009e-01 3.383342e-01 3.162680e-02
3.383342e-01 3.441676e-01 3.500009e-01 3.252450e-02
3.500009e-01 3.558342e-01 3.616676e-01 3.337390e-02
3.616676e-01 3.675009e-01 3.733342e-01 3.417490e-02
3.733342e-01 3.791676e-01 3.850009e-01 3.492759e-02
3.850009e-01 3.908342e-01 3.966676e-01 3.563223e-02
3.966676e-01 4.025009e-01 4.083342e-01 3.628921e-02
4.083342e-01 4.141675e-01 4.200009e-01 3.689909e-02
4.200009e-01 4.258342e-01 4.316675e-01 3.746249e-02
4.316675e-01 4.375009e-01 4.433342e-01 3.798018e-02
4.433342e-01 4.491675e-01 4.550009e-01 3.845299e-02
4.550009e-01 4.608342e-01 4.666675e-01 3.888184e-02
4.666675e-01 4.725009e-01 4.783342e-01 3.926772e-02
4.783342e-01 4.841675e-01 4.900009e-01 3.961166e-02
4.900009e-01 4.958342e-01 5.016675e-01 3.991476e-02
5.016675e-01 5.075009e-01 5.133342e-01 4.017813e-02
5.133342e-01 5.191675e-01 5.250008e-01 4.040294e-02
5.250008e-01 5.308342e-01 5.366675e-01 4.059036e-02
5.366675e-01 5.425008e-01 5.483342e-01 4.074162e-02
5.483342e-01 5.541675e-01 5.600008e-01 4.085791e-02
5.600008e-01 5.658342e-01 5.716675e-01 4.094046e-02
5.716675e-01 5.775008e-01 5.833342e-01 4.099051e-02
5.833342e-01 5.891675e-01 5.950008e-01 4.100928e-02
5.950008e-01 6.008342e-01 6.066675e-01 4.099800e-02
6.066675e-01 6.125008e-01 6.183342e-01 4.095788e-02
6.183342e-01 6.241675e-01 6.300008e-01 4.089012e-02
6.300008e-01 6.358342e-01 6.416675e-01 4.079594e-02
6.416675e-01 6.475008e-01 6.533341e-01 4.067649e-02
6.533341e-01 6.591675e-01 6.650008e-01 4.053295e-02
6.650008e-01 6.708341e-01 6.766675e-01 4.036645e-02
6.766675e-01 6.825008e-01 6.883341e-01 4.017812e-02
6.883341e-01 6.941675e-01 7.000008e-01 3.996906e-02
7.000008e-01 7.058341e-01 7.116675e-01 3.974034e-02
7.116675e-01 7.175008e-01 7.233341e-01 3.949301e-02
7.233341e-01 7.291675e-01 7.350008e-01 3.922811e-02
7.350008e-01 7.408341e-01 7.466675e-01 3.894663e-02
7.466675e-01 7.525008e-01 7.583341e-01 3.864955e-02
7.583341e-01 7.641674e-01 7.700008e-01 3.833782e-02
7.700008e-01 7.758341e-01 7.816674e-01 3.801235e-02
7.816674e-01 7.875008e-01 7.933341e-01 3.767405e-02
7.933341e-01 7.991674e-01 8.050008e-01 3.732378e-02
8.050008e-01 8.108341e-01 8.166674e-01 3.696238e-02
8.166674e-01 8.225008e-01 8.283341e-01 3.659066e-02
8.283341e-01 8.341674e-01 8.400008e-01 3.620941e-02
8.400008e-01 8.458341e-01 8.516674e-01 3.581938e-02
8.516674e-01 8.575008e-01 8.633341e-01 3.542131e-02
8.633341e-01 8.691674e-01 8.750007e-01 3.501591e-02
8.750007e-01 8.808341e-01 8.866674e-01 3.460385e-02
8.866674e-01 8.925007e-01 8.983341e-01 3.418578e-02
8.983341e-01 9.041674e-01 9.100007e-01 3.376234e-02
9.100007e-01 9.158341e-01 9.216674e-01 3.333413e-02
9.216674e-01 9.275007e-01 9.333341e-01 3.290172e-02
9.333341e-01 9.391674e-01 9.450007e-01 3.246567e-02
9.450007e-01 9.508341e-01 9.566674e-01 3.202652e-02
9.566674e-01 9.625007e-01 9.683341e-01 3.158477e-02
9.683341e-01 9.741674e-01 9.800007e-01 3.114091e-02
9.800007e-01 9.858341e-01 9.916674e-01 3.069541e-02
9.916674e-01 9.975007e-01 1.003334e+00 3.024870e-02
1.003334e+00 1.009167e+00 1.015001e+00 2.980121e-02
1.015001e+00 1.020834e+00 1.026667e+00 2.935334e-02
1.026667e+00 1.032501e+00 1.038334e+00 2.890548e-02
1.038334e+00 1.044167e+00 1.050001e+00 2.845799e-02
1.050001e+00 1.055834e+00 1.061667e+00 2.801121e-02
1.061667e+00 1.067501e+00 1.073334e+00 2.756548e-02
1.073334e+00 1.079167e+00 1.085001e+00 2.712109e-02
1.085001e+00 1.090834e+00 1.096667e+00 2.667836e-02
1.096667e+00 1.102501e+00 1.108334e+00 2.623754e-02
1.108334e+00 1.114167e+00 1.120001e+00 2.579892e-02
1.120001e+00 1.125834e+00 1.131667e+00 2.536272e-02
1.131667e+00 1.137501e+00 1.143334e+00 2.492918e-02
1.143334e+00 1.149167e+00 1.155001e+00 2.449853e-02
1.155001e+00 1.160834e+00 1.166667e+00 2.407096e-02
1.166667e+00 1.172501e+00 1.178334e+00 2.364666e-02
1.178334e+00 1.184167e+00 1.190001e+00 2.322582e-02
1.190001e+00 1.195834e+00 1.201667e+00 2.280859e-02
1.201667e+00 1.207501e+00 1.213334e+00 2.239514e-02
1.213334e+00 1.219167e+00 1.225001e+00 2.198560e-02
1.225001e+00 1.230834e+00 1.236667e+00 2.158011e-02
1.236667e+00 1.242501e+00 1.248334e+00 2.117879e-02
1.248334e+00 1.254167e+00 1.260001e+00 2.078175e-02
1.260001e+00 1.265834e+00 1.271667e+00 2.038909e-02
1.271667e+00 1.277501e+00 1.283334e+00 2.000091e-02
1.283334e+00 1.289167e+00 1.295001e+00 1.961729e-02
1.295001e+00 1.300834e+00 1.306667e+00 1.923830e-02
1.306667e+00 1.312501e+00 1.318334e+00 1.886401e-02
1.318334e+00 1.324167e+00 1.330001e+00 1.849449e-02
1.330001e+00 1.335834e+00 1.341667e+00 1.812979e-02
1.341667e+00 1.347501e+00 1.353334e+00 1.776995e-02
1.353334e+00 1.359167e+00 1.365001e+00 1.741501e-02
1.365001e+00 1.370834e+00 1.376667e+00 1.706500e-02
1.376667e+00 1.382501e+00 1.388334e+00 1.671996e-02
1.388334e+00 1.394167e+00 1.400001e+00 1.637989e-02
1.400001e+00 1.405834e+00 1.411667e+00 1.604483e-02
1.411667e+00 1.417501e+00 1.423334e+00 1.571478e-02
1.423334e+00 1.429167e+00 1.435001e+00 1.538974e-02
1.435001e+00 1.440834e+00 1.446667e+00 1.506971e-02
1.446667e+00 1.452501e+00 1.458334e+00 1.475470e-02
1.458334e+00 1.464167e+00 1.470001e+00 1.444469e-02
1.470001e+00 1.475834e+00 1.481667e+00 1.413968e-02
1.481667e+00 1.487501e+00 1.493334e+00 1.383964e-02
1.493334e+00 1.499167e+00 1.505001e+00 1.354456e-02
1.505001e+00 1.510834e+00 1.516667e+00 1.325442e-02
1.516667e+00 1.522501e+00 1.528334e+00 1.296920e-02
1.528334e+00 1.534167e+00 1.540001e+00 1.268885e-02
1.540001e+00 1.545834e+00 1.551667e+00 1.241337e-02
1.551667e+00 1.557501e+00 1.563334e+00 1.214270e-02
1.563334e+00 1.569167e+00 1.575001e+00 1.187682e-02
1.575001e+00 1.580834e+00 1.586667e+00 1.161568e-02
1.586667e+00 1.592501e+00 1.598334e+00 1.135926e-02
1.598334e+00 1.604167e+00 1.610001e+00 1.110750e-02
1.610001e+00 1.615834e+00 1.621667e+00 1.086036e-02
1.621667e+00 1.627501e+00 1.633334e+00 1.061780e-02
1.633334e+00 1.639167e+00 1.645001e+00 1.037977e-02
1.645001e+00 1.650834e+00 1.656667e+00 1.014623e-02
1.656667e+00 1.662501e+00 1.668334e+00 9.917115e-03
1.668334e+00 1.674167e+00 1.680001e+00 9.692388e-03
1.680001e+00 1.685834e+00 1.691667e+00 9.471993e-03
1.691667e+00 1.697501e+00 1.703334e+00 9.255878e-03
1.703334e+00 1.709167e+00 1.715001e+00 9.043990e-03
1.715001e+00 1.720834e+00 1.726667e+00 8.836275e-03
1.726667e+00 1.732501e+00 1.738334e+00 8.632679e-03
1.738334e+00 1.744167e+00 1.750000e+00 8.433146e-03
1.750000e+00 1.755834e+00 1.761667e+00 8.237621e-03
1.761667e+00 1.767500e+00 1.773334e+00 8.046047e-03
1.773334e+00 1.779167e+00 1.785000e+00 7.858370e-03
1.785000e+00 1.790834e+00 1.796667e+00 7.674531e-03
1.796667e+00 1.802500e+00 1.808334e+00 7.494475e-03
1.808334e+00 1.814167e+00 1.820000e+00 7.318144e-03
1.820000e+00 1.825834e+00 1.831667e+00 7.145482e-03
1.831667e+00 1.837500e+00 1.843334e+00 6.976431e-03
1.843334e+00 1.849167e+00 1.855000e+00 6.810935e-03
1.855000e+00 1.860834e+00 1.866667e+00 6.648936e-03
1.866667e+00 1.872500e+00 1.878334e+00 6.490378e-03
1.878334e+00 1.884167e+00 1.890000e+00 6.335204e-03
1.890000e+00 1.895834e+00 1.901667e+00 6.183357e-03
1.901667e+00 1.907500e+00 1.913334e+00 6.034783e-03
1.913334e+00 1.919167e+00 1.925000e+00 5.889424e-03
1.925000e+00 1.930834e+00 1.936667e+00 5.747226e-03
1.936667e+00 1.942500e+00 1.948334e+00 5.608133e-03
1.948334e+00 1.954167e+00 1.960000e+00 5.472090e-03
1.960000e+00 1.965834e+00 1.971667e+00 5.339043e-03
1.971667e+00 1.977500e+00 1.983334e+00 5.208939e-03
1.983334e+00 1.989167e+00 1.995000e+00 5.081722e-03
1.995000e+00 2.000834e+00 2.006667e+00 4.957342e-03
2.006667e+00 2.012500e+00 2.018334e+00 4.835744e-03
2.018334e+00 2.024167e+00 2.030000e+00 4.716877e-03
2.030000e+00 2.035834e+00 2.041667e+00 4.600690e-03
2.041667e+00 2.047500e+00 2.053334e+00 4.487132e-03
2.053334e+00 2.059167e+00 2.065000e+00 4.376152e-03
2.065000e+00 2.070834e+00 2.076667e+00 4.267701e-03
2.076667e+00 2.082500e+00 2.088334e+00 4.161729e-03
2.088334e+00 2.094167e+00 2.100000e+00 4.058188e-03
2.100000e+00 2.105834e+00 2.111667e+00 3.957030e-03
2.111667e+00 2.117500e+00 2.123334e+00 3.858208e-03
2.123334e+00 2.129167e+00 2.135000e+00 3.761675e-03
2.135000e+00 2.140834e+00 2.146667e+00 3.667385e-03
2.146667e+00 2.152500e+00 2.158334e+00 3.575292e-03
2.158334e+00 2.164167e+00 2.170000e+00 3.485352e-03
2.170000e+00 2.175834e+00 2.181667e+00 3.397521e-03
2.181667e+00 2.187500e+00 2.193334e+00 3.311755e-03
2.193334e+00 2.199167e+00 2.205000e+00 3.228012e-03
2.205000e+00 2.210834e+00 2.216667e+00 3.146248e-03
2.216667e+00 2.222500e+00 2.228334e+00 3.066424e-03
2.228334e+00 2.234167e+00 2.240000e+00 2.988497e-03
2.240000e+00 2.245834e+00 2.251667e+00 2.912428e-03
2.251667e+00 2.257500e+00 2.263334e+00 2.838177e-03
2.263334e+00 2.269167e+00 2.275000e+00 2.765705e-03
2.275000e+00 2.280834e+00 2.286667e+00 2.694974e-03
2.286667e+00 2.292500e+00 2.298334e+00 2.625947e-03
2.298334e+00 2.304167e+00 2.310000e+00 2.558586e-03
2.310000e+00 2.315834e+00 2.321667e+00 2.492855e-03
2.321667e+00 2.327500e+00 2.333334e+00 2.428718e-03
2.333334e+00 2.339167e+00 2.345000e+00 2.366141e-03
2.345000e+00 2.350834e+00 2.356667e+00 2.305089e-03
2.356667e+00 2.362500e+00 2.368334e+00 2.245527e-03
2.368334e+00 2.374167e+00 2.380000e+00 2.187424e-03
2.380000e+00 2.385834e+00 2.391667e+00 2.130746e-03
2.391667e+00 2.397500e+00 2.403334e+00 2.075461e-03
2.403334e+00 2.409167e+00 2.415000e+00 2.021538e-03
2.415000e+00 2.420834e+00 2.426667e+00 1.968947e-03
2.426667e+00 2.432500e+00 2.438334e+00 1.917656e-03
2.438334e+00 2.444167e+00 2.450000e+00 1.867637e-03
2.450000e+00 2.455834e+00 2.461667e+00 1.818860e-03
2.461667e+00 2.467500e+00 2.473334e+00 1.771297e-03
2.473334e+00 2.479167e+00 2.485000e+00 1.724920e-03
2.485000e+00 2.490834e+00 2.496667e+00 1.679701e-03
2.496667e+00 2.502500e+00 2.508334e+00 1.635614e-03
2.508334e+00 2.514167e+00 2.520000e+00 1.592633e-03
2.520000e+00 2.525834e+00 2.531667e+00 1.550731e-03
2.531667e+00 2.537500e+00 2.543334e+00 1.509883e-03
2.543334e+00 2.549167e+00 2.555000e+00 1.470066e-03
2.555000e+00 2.560834e+00 2.566667e+00 1.431254e-03
2.566667e+00 2.572500e+00 2.578334e+00 1.393423e-03
2.578334e+00 2.584167e+00 2.590000e+00 1.356552e-03
2.590000e+00 2.595834e+00 2.601667e+00 1.320616e-03
2.601667e+00 2.607500e+00 2.613334e+00 1.285594e-03
2.613334e+00 2.619167e+00 2.625000e+00 1.251463e-03
2.625000e+00 2.630834e+00 2.636667e+00 1.218203e-03
2.636667e+00 2.642500e+00 2.648334e+00 1.185793e-03
2.648334e+00 2.654167e+00 2.660000e+00 1.154212e-03
2.660000e+00 2.665834e+00 2.671667e+00 1.123441e-03
2.671667e+00 2.677500e+00 2.683334e+00 1.093459e-03
2.683334e+00 2.689167e+00 2.695000e+00 1.064247e-03
2.695000e+00 2.700834e+00 2.706667e+00 1.035788e-03
2.706667e+00 2.712500e+00 2.718334e+00 1.008062e-03
2.718334e+00 2.724167e+00 2.730000e+00 9.810524e-04
2.730000e+00 2.735834e+00 2.741667e+00 9.547407e-04
2.741667e+00 2.747500e+00 2.753334e+00 9.291102e-04
2.753334e+00 2.759167e+00 2.765000e+00 9.041441e-04
2.765000e+00 2.770834e+00 2.776667e+00 8.798262e-04
2.776667e+00 2.782500e+00 2.788334e+00 8.561405e-04
2.788334e+00 2.794167e+00 2.800000e+00 8.330712e-04
2.800000e+00 2.805834e+00 2.811667e+00 8.106033e-04
2.811667e+00 2.817500e+00 2.823334e+00 7.887217e-04
2.823334e+00 2.829167e+00 2.835000e+00 7.674119e-04
2.835000e+00 2.840834e+00 2.846667e+00 7.466597e-04
2.846667e+00 2.852500e+00 2.858334e+00 7.264511e-04
2.858334e+00 2.864167e+00 2.870000e+00 7.067726e-04
2.870000e+00 2.875834e+00 2.881667e+00 6.876109e-04
2.881667e+00 2.887500e+00 2.893334e+00 6.689530e-04
2.893334e+00 2.899167e+00 2.905000e+00 6.507863e-04
2.905000e+00 2.910834e+00 2.916667e+00 6.330984e-04
2.916667e+00 2.922500e+00 2.928333e+00 6.158772e-04
2.928333e+00 2.934167e+00 2.940000e+00 5.991109e-04
2.940000e+00 2.945833e+00 2.951667e+00 5.827881e-04
2.951667e+00 2.957500e+00 2.963333e+00 5.668974e-04
2.963333e+00 2.969167e+00 2.975000e+00 5.514280e-04
2.975000e+00 2.980833e+00 2.986667e+00 5.363690e-04
2.986667e+00 2.992500e+00 2.998333e+00 5.217100e-04
2.998333e+00 3.004167e+00 3.010000e+00 5.074409e-04
3.010000e+00 3.015833e+00 3.021667e+00 4.935516e-04
3.021667e+00 3.027500e+00 3.033333e+00 4.800324e-04
3.033333e+00 3.039167e+00 3.045000e+00 4.668739e-04
3.045000e+00 3.050833e+00 3.056667e+00 4.540668e-04
3.056667e+00 3.062500e+00 3.068333e+00 4.416020e-04
3.068333e+00 3.074167e+00 3.080000e+00 4.294707e-04
3.080000e+00 3.085833e+00 3.091667e+00 4.176643e-04
3.091667e+00 3.097500e+00 3.103333e+00 4.061745e-04
3.103333e+00 3.109167e+00 3.115000e+00 3.949930e-04
3.115000e+00 3.120833e+00 3.126667e+00 3.841118e-04
3.126667e+00 3.132500e+00 3.138333e+00 3.735232e-04
3.138333e+00 3.144167e+00 3.150000e+00 3.632196e-04
3.150000e+00 3.155833e+00 3.161667e+00 3.531935e-04
3.161667e+00 3.167500e+00 3.173333e+00 3.434377e-04
3.173333e+00 3.179167e+00 3.185000e+00 3.339452e-04
3.185000e+00 3.190833e+00 3.196667e+00 3.247091e-04
3.196667e+00 3.202500e+00 3.208333e+00 3.157226e-04
3.208333e+00 3.214167e+00 3.220000e+00 3.069794e-04
3.220000e+00 3.225833e+00 3.231667e+00 2.984729e-04
3.231667e+00 3.237500e+00 3.243333e+00 2.901969e-04
3.243333e+00 3.249167e+00 3.255000e+00 2.821455e-04
3.255000e+00 3.260833e+00 3.266667e+00 2.743126e-04
3.266667e+00 3.272500e+00 3.278333e+00 2.666926e-04
3.278333e+00 3.284167e+00 3.290000e+00 2.592798e-04
3.290000e+00 3.295833e+00 3.301667e+00 2.520688e-04
3.301667e+00 3.307500e+00 3.313333e+00 2.450542e-04
3.313333e+00 3.319167e+00 3.325000e+00 2.382308e-04
3.325000e+00 3.330833e+00 3.336667e+00 2.315936e-04
3.336667e+00 3.342500e+00 3.348333e+00 2.251376e-04
3.348333e+00 3.354167e+00 3.360000e+00 2.188580e-04
3.360000e+00 3.365833e+00 3.371667e+00 2.127501e-04
3.371667e+00 3.377500e+00 3.383333e+00 2.068094e-04
3.383333e+00 3.389167e+00 3.395000e+00 2.010313e-04
3.395000e+00 3.400833e+00 3.406667e+00 1.954116e-04
3.406667e+00 3.412500e+00 3.418333e+00 1.899461e-04
3.418333e+00 3.424167e+00 3.430000e+00 1.846305e-04
3.430000e+00 3.435833e+00 3.441667e+00 1.794610e-04
3.441667e+00 3.447500e+00 3.453333e+00 1.744335e-04
3.453333e+00 3.459167e+00 3.465000e+00 1.695444e-04
3.465000e+00 3.470833e+00 3.476667e+00 1.647898e-04
3.476667e+00 3.482500e+00 3.488333e+00 1.601661e-04
3.488333e+00 3.494167e+00 3.500000e+00 1.556699e-04
