1.000000e-06 5.834332e-03 1.166766e-02 3.209089e-05
1.166766e-02 1.750099e-02 2.333433e-02 2.648550e-04
2.333433e-02 2.916766e-02 3.500099e-02 6.819908e-04
3.500099e-02 4.083432e-02 4.666765e-02 1.245819e-03
4.666765e-02 5.250099e-02 5.833432e-02 1.926243e-03
5.833432e-02 6.416765e-02 7.000098e-02 2.698481e-03
7.000098e-02 7.583431e-02 8.166764e-02 3.541814e-03
8.166764e-02 8.750097e-02 9.333431e-02 4.438759e-03
9.333431e-02 9.916764e-02 1.050010e-01 5.374486e-03
1.050010e-01 1.108343e-01 1.166676e-01 6.336373e-03
1.166676e-01 1.225010e-01 1.283343e-01 7.313664e-03
1.283343e-01 1.341676e-01 1.400010e-01 8.297193e-03
1.400010e-01 1.458343e-01 1.516676e-01 9.279153e-03
1.516676e-01 1.575010e-01 1.633343e-01 1.025291e-02
1.633343e-01 1.691676e-01 1.750009e-01 1.121286e-02
1.750009e-01 1.808343e-01 1.866676e-01 1.215426e-02
1.866676e-01 1.925009e-01 1.983343e-01 1.307316e-02
1.983343e-01 2.041676e-01 2.100009e-01 1.396626e-02
2.100009e-01 2.158343e-01 2.216676e-01 1.483086e-02
2.216676e-01 2.275009e-01 2.333343e-01 1.566478e-02
2.333343e-01 2.391676e-01 2.450009e-01 1.646627e-02
2.450009e-01 2.508343e-01 2.566676e-01 1.723399e-02
2.566676e-01 2.625009e-01 2.683343e-01 1.796693e-02
2.683343e-01 2.741676e-01 2.800009e-01 1.866438e-02
2.800009e-01 2.858343e-01 2.916676e-01 1.932590e-02
2.916676e-01 2.975009e-01 3.033342e-01 1.995128e-02
3.033342e-01 3.091676e-01 3.150009e-01 2.054050e-02
3.150009e-01 3.208342e-01 3.266676e-01 2.109370e-02
3.266676e-01 3.325009e-01 3.383342e-01 2.161121e-02
3.383342e-01 3.441676e-01 3.500009e-01 2.209343e-02
3.500009e-01 3.558342e-01 3.616676e-01 2.254092e-02
3.616676e-01 3.675009e-01 3.733342e-01 2.295430e-02
3.733342e-01 3.791676e-01 3.850009e-01 2.333429e-02
3.850009e-01 3.908342e-01 3.966676e-01 2.368165e-02
3.966676e-01 4.025009e-01 4.083342e-01 2.399721e-02
4.083342e-01 4.141675e-01 4.200009e-01 2.428185e-02
4.200009e-01 4.258342e-01 4.316675e-01 2.453647e-02
4.316675e-01 4.375009e-01 4.433342e-01 2.476201e-02
4.433342e-01 4.491675e-01 4.550009e-01 2.495941e-02
4.550009e-01 4.608342e-01 4.666675e-01 2.512966e-02
4.666675e-01 4.725009e-01 4.783342e-01 2.527371e-02
4.783342e-01 4.841675e-01 4.900009e-01 2.539255e-02
4.900009e-01 4.958342e-01 5.016675e-01 2.548715e-02
5.016675e-01 5.075009e-01 5.133342e-01 2.555849e-02
5.133342e-01 5.191675e-01 5.250008e-01 2.560754e-02
5.250008e-01 5.308342e-01 5.366675e-01 2.563524e-02
5.366675e-01 5.425008e-01 5.483342e-01 2.564254e-02
5.483342e-01 5.541675e-01 5.600008e-01 2.563037e-02
5.600008e-01 5.658342e-01 5.716675e-01 2.559963e-02
5.716675e-01 5.775008e-01 5.833342e-01 2.555121e-02
5.833342e-01 5.891675e-01 5.950008e-01 2.548600e-02
5.950008e-01 6.008342e-01 6.066675e-01 2.540483e-02
6.066675e-01 6.125008e-01 6.183342e-01 2.530854e-02
6.183342e-01 6.241675e-01 6.300008e-01 2.519795e-02
6.300008e-01 6.358342e-01 6.416675e-01 2.507382e-02
6.416675e-01 6.475008e-01 6.533341e-01 2.493694e-02
6.533341e-01 6.591675e-01 6.650008e-01 2.478803e-02
6.650008e-01 6.708341e-01 6.766675e-01 2.462782e-02
6.766675e-01 6.825008e-01 6.883341e-01 2.445699e-02
6.883341e-01 6.941675e-01 7.000008e-01 2.427622e-02
7.000008e-01 7.058341e-01 7.116675e-01 2.408616e-02
7.116675e-01 7.175008e-01 7.233341e-01 2.388743e-02
7.233341e-01 7.291675e-01 7.350008e-01 2.368064e-02
7.350008e-01 7.408341e-01 7.466675e-01 2.346636e-02
7.466675e-01 7.525008e-01 7.583341e-01 2.324515e-02
7.583341e-01 7.641674e-01 7.700008e-01 2.301754e-02
7.700008e-01 7.758341e-01 7.816674e-01 2.278406e-02
7.816674e-01 7.875008e-01 7.933341e-01 2.254520e-02
7.933341e-01 7.991674e-01 8.050008e-01 2.230143e-02
8.050008e-01 8.108341e-01 8.166674e-01 2.205321e-02
8.166674e-01 8.225008e-01 8.283341e-01 2.180097e-02
8.283341e-01 8.341674e-01 8.400008e-01 2.154512e-02
8.400008e-01 8.458341e-01 8.516674e-01 2.128607e-02
8.516674e-01 8.575008e-01 8.633341e-01 2.102420e-02
8.633341e-01 8.691674e-01 8.750007e-01 2.075986e-02
8.750007e-01 8.808341e-01 8.866674e-01 2.049341e-02
8.866674e-01 8.925007e-01 8.983341e-01 2.022517e-02
8.983341e-01 9.041674e-01 9.100007e-01 1.995546e-02
9.100007e-01 9.158341e-01 9.216674e-01 1.968457e-02
9.216674e-01 9.275007e-01 9.333341e-01 1.941279e-02
9.333341e-01 9.391674e-01 9.450007e-01 1.914039e-02
9.450007e-01 9.508341e-01 9.566674e-01 1.886763e-02
9.566674e-01 9.625007e-01 9.683341e-01 1.859474e-02
9.683341e-01 9.741674e-01 9.800007e-01 1.832196e-02
9.800007e-01 9.858341e-01 9.916674e-01 1.804949e-02
9.916674e-01 9.975007e-01 1.003334e+00 1.777756e-02
1.003334e+00 1.009167e+00 1.015001e+00 1.750634e-02
1.015001e+00 1.020834e+00 1.026667e+00 1.723603e-02
1.026667e+00 1.032501e+00 1.038334e+00 1.696680e-02
1.038334e+00 1.044167e+00 1.050001e+00 1.669879e-02
1.050001e+00 1.055834e+00 1.061667e+00 1.643218e-02
1.061667e+00 1.067501e+00 1.073334e+00 1.616709e-02
1.073334e+00 1.079167e+00 1.085001e+00 1.590367e-02
1.085001e+00 1.090834e+00 1.096667e+00 1.564204e-02
1.096667e+00 1.102501e+00 1.108334e+00 1.538230e-02
1.108334e+00 1.114167e+00 1.120001e+00 1.512458e-02
1.120001e+00 1.125834e+00 1.131667e+00 1.486897e-02
1.131667e+00 1.137501e+00 1.143334e+00 1.461556e-02
1.143334e+00 1.149167e+00 1.155001e+00 1.436444e-02
1.155001e+00 1.160834e+00 1.166667e+00 1.411569e-02
1.166667e+00 1.172501e+00 1.178334e+00 1.386938e-02
1.178334e+00 1.184167e+00 1.190001e+00 1.362559e-02
1.190001e+00 1.195834e+00 1.201667e+00 1.338436e-02
1.201667e+00 1.207501e+00 1.213334e+00 1.314575e-02
1.213334e+00 1.219167e+00 1.225001e+00 1.290983e-02
1.225001e+00 1.230834e+00 1.236667e+00 1.267662e-02
1.236667e+00 1.242501e+00 1.248334e+00 1.244617e-02
1.248334e+00 1.254167e+00 1.260001e+00 1.221852e-02
1.260001e+00 1.265834e+00 1.271667e+00 1.199370e-02
1.271667e+00 1.277501e+00 1.283334e+00 1.177173e-02
1.283334e+00 1.289167e+00 1.295001e+00 1.155264e-02
1.295001e+00 1.300834e+00 1.306667e+00 1.133645e-02
1.306667e+00 1.312501e+00 1.318334e+00 1.112317e-02
1.318334e+00 1.324167e+00 1.330001e+00 1.091281e-02
1.330001e+00 1.335834e+00 1.341667e+00 1.070539e-02
1.341667e+00 1.347501e+00 1.353334e+00 1.050091e-02
1.353334e+00 1.359167e+00 1.365001e+00 1.029938e-02
1.365001e+00 1.370834e+00 1.376667e+00 1.010079e-02
1.376667e+00 1.382501e+00 1.388334e+00 9.905148e-03
1.388334e+00 1.394167e+00 1.400001e+00 9.712444e-03
1.400001e+00 1.405834e+00 1.411667e+00 9.522673e-03
1.411667e+00 1.417501e+00 1.423334e+00 9.335828e-03
1.423334e+00 1.429167e+00 1.435001e+00 9.151897e-03
1.435001e+00 1.440834e+00 1.446667e+00 8.970868e-03
1.446667e+00 1.452501e+00 1.458334e+00 8.792727e-03
1.458334e+00 1.464167e+00 1.470001e+00 8.617459e-03
1.470001e+00 1.475834e+00 1.481667e+00 8.445045e-03
1.481667e+00 1.487501e+00 1.493334e+00 8.275468e-03
1.493334e+00 1.499167e+00 1.505001e+00 8.108708e-03
1.505001e+00 1.510834e+00 1.516667e+00 7.944742e-03
1.516667e+00 1.522501e+00 1.528334e+00 7.783549e-03
1.528334e+00 1.534167e+00 1.540001e+00 7.625105e-03
1.540001e+00 1.545834e+00 1.551667e+00 7.469385e-03
1.551667e+00 1.557501e+00 1.563334e+00 7.316365e-03
1.563334e+00 1.569167e+00 1.575001e+00 7.166017e-03
1.575001e+00 1.580834e+00 1.586667e+00 7.018315e-03
1.586667e+00 1.592501e+00 1.598334e+00 6.873232e-03
1.598334e+00 1.604167e+00 1.610001e+00 6.730738e-03
1.610001e+00 1.615834e+00 1.621667e+00 6.590805e-03
1.621667e+00 1.627501e+00 1.633334e+00 6.453404e-03
1.633334e+00 1.639167e+00 1.645001e+00 6.318504e-03
1.645001e+00 1.650834e+00 1.656667e+00 6.186075e-03
1.656667e+00 1.662501e+00 1.668334e+00 6.056087e-03
1.668334e+00 1.674167e+00 1.680001e+00 5.928509e-03
1.680001e+00 1.685834e+00 1.691667e+00 5.803310e-03
1.691667e+00 1.697501e+00 1.703334e+00 5.680457e-03
1.703334e+00 1.709167e+00 1.715001e+00 5.559919e-03
1.715001e+00 1.720834e+00 1.726667e+00 5.441666e-03
1.726667e+00 1.732501e+00 1.738334e+00 5.325664e-03
1.738334e+00 1.744167e+00 1.750000e+00 5.211881e-03
1.750000e+00 1.755834e+00 1.761667e+00 5.100287e-03
1.761667e+00 1.767500e+00 1.773334e+00 4.990848e-03
1.773334e+00 1.779167e+00 1.785000e+00 4.883532e-03
1.785000e+00 1.790834e+00 1.796667e+00 4.778309e-03
1.796667e+00 1.802500e+00 1.808334e+00 4.675145e-03
1.808334e+00 1.814167e+00 1.820000e+00 4.574009e-03
1.820000e+00 1.825834e+00 1.831667e+00 4.474869e-03
1.831667e+00 1.837500e+00 1.843334e+00 4.377694e-03
1.843334e+00 1.849167e+00 1.855000e+00 4.282452e-03
1.855000e+00 1.860834e+00 1.866667e+00 4.189113e-03
1.866667e+00 1.872500e+00 1.878334e+00 4.097644e-03
1.878334e+00 1.884167e+00 1.890000e+00 4.008015e-03
1.890000e+00 1.895834e+00 1.901667e+00 3.920196e-03
1.901667e+00 1.907500e+00 1.913334e+00 3.834156e-03
1.913334e+00 1.919167e+00 1.925000e+00 3.749864e-03
1.925000e+00 1.930834e+00 1.936667e+00 3.667292e-03
1.936667e+00 1.942500e+00 1.948334e+00 3.586409e-03
1.948334e+00 1.954167e+00 1.960000e+00 3.507186e-03
1.960000e+00 1.965834e+00 1.971667e+00 3.429594e-03
1.971667e+00 1.977500e+00 1.983334e+00 3.353604e-03
1.983334e+00 1.989167e+00 1.995000e+00 3.279188e-03
1.995000e+00 2.000834e+00 2.006667e+00 3.206317e-03
2.006667e+00 2.012500e+00 2.018334e+00 3.134963e-03
2.018334e+00 2.024167e+00 2.030000e+00 3.065100e-03
2.030000e+00 2.035834e+00 2.041667e+00 2.996700e-03
2.041667e+00 2.047500e+00 2.053334e+00 2.929736e-03
2.053334e+00 2.059167e+00 2.065000e+00 2.864181e-03
2.065000e+00 2.070834e+00 2.076667e+00 2.800009e-03
2.076667e+00 2.082500e+00 2.088334e+00 2.737195e-03
2.088334e+00 2.094167e+00 2.100000e+00 2.675713e-03
2.100000e+00 2.105834e+00 2.111667e+00 2.615538e-03
2.111667e+00 2.117500e+00 2.123334e+00 2.556644e-03
2.123334e+00 2.129167e+00 2.135000e+00 2.499008e-03
2.135000e+00 2.140834e+00 2.146667e+00 2.442606e-03
2.146667e+00 2.152500e+00 2.158334e+00 2.387413e-03
2.158334e+00 2.164167e+00 2.170000e+00 2.333406e-03
2.170000e+00 2.175834e+00 2.181667e+00 2.280562e-03
2.181667e+00 2.187500e+00 2.193334e+00 2.228859e-03
2.193334e+00 2.199167e+00 2.205000e+00 2.178273e-03
2.205000e+00 2.210834e+00 2.216667e+00 2.128784e-03
2.216667e+00 2.222500e+00 2.228334e+00 2.080368e-03
2.228334e+00 2.234167e+00 2.240000e+00 2.033006e-03
2.240000e+00 2.245834e+00 2.251667e+00 1.986676e-03
2.251667e+00 2.257500e+00 2.263334e+00 1.941357e-03
2.263334e+00 2.269167e+00 2.275000e+00 1.897028e-03
2.275000e+00 2.280834e+00 2.286667e+00 1.853671e-03
2.286667e+00 2.292500e+00 2.298334e+00 1.811265e-03
2.298334e+00 2.304167e+00 2.310000e+00 1.769792e-03
2.310000e+00 2.315834e+00 2.321667e+00 1.729231e-03
2.321667e+00 2.327500e+00 2.333334e+00 1.689564e-03
2.333334e+00 2.339167e+00 2.345000e+00 1.650774e-03
2.345000e+00 2.350834e+00 2.356667e+00 1.612842e-03
2.356667e+00 2.362500e+00 2.368334e+00 1.575750e-03
2.368334e+00 2.374167e+00 2.380000e+00 1.539481e-03
2.380000e+00 2.385834e+00 2.391667e+00 1.504018e-03
2.391667e+00 2.397500e+00 2.403334e+00 1.469344e-03
2.403334e+00 2.409167e+00 2.415000e+00 1.435442e-03
2.415000e+00 2.420834e+00 2.426667e+00 1.402297e-03
2.426667e+00 2.432500e+00 2.438334e+00 1.369893e-03
2.438334e+00 2.444167e+00 2.450000e+00 1.338214e-03
2.450000e+00 2.455834e+00 2.461667e+00 1.307244e-03
2.461667e+00 2.467500e+00 2.473334e+00 1.276969e-03
2.473334e+00 2.479167e+00 2.485000e+00 1.247374e-03
2.485000e+00 2.490834e+00 2.496667e+00 1.218445e-03
2.496667e+00 2.502500e+00 2.508334e+00 1.190167e-03
2.508334e+00 2.514167e+00 2.520000e+00 1.162527e-03
2.520000e+00 2.525834e+00 2.531667e+00 1.135510e-03
2.531667e+00 2.537500e+00 2.543334e+00 1.109104e-03
2.543334e+00 2.549167e+00 2.555000e+00 1.083296e-03
2.555000e+00 2.560834e+00 2.566667e+00 1.058072e-03
2.566667e+00 2.572500e+00 2.578334e+00 1.033419e-03
2.578334e+00 2.584167e+00 2.590000e+00 1.009327e-03
2.590000e+00 2.595834e+00 2.601667e+00 9.857814e-04
2.601667e+00 2.607500e+00 2.613334e+00 9.627716e-04
2.613334e+00 2.619167e+00 2.625000e+00 9.402858e-04
2.625000e+00 2.630834e+00 2.636667e+00 9.183125e-04
2.636667e+00 2.642500e+00 2.648334e+00 8.968404e-04
2.648334e+00 2.654167e+00 2.660000e+00 8.758588e-04
2.660000e+00 2.665834e+00 2.671667e+00 8.553567e-04
2.671667e+00 2.677500e+00 2.683334e+00 8.353237e-04
2.683334e+00 2.689167e+00 2.695000e+00 8.157495e-04
2.695000e+00 2.700834e+00 2.706667e+00 7.966240e-04
2.706667e+00 2.712500e+00 2.718334e+00 7.779373e-04
2.718334e+00 2.724167e+00 2.730000e+00 7.596796e-04
2.730000e+00 2.735834e+00 2.741667e+00 7.418416e-04
2.741667e+00 2.747500e+00 2.753334e+00 7.244139e-04
2.753334e+00 2.759167e+00 2.765000e+00 7.073875e-04
2.765000e+00 2.770834e+00 2.776667e+00 6.907533e-04
2.776667e+00 2.782500e+00 2.788334e+00 6.745027e-04
2.788334e+00 2.794167e+00 2.800000e+00 6.586271e-04
2.800000e+00 2.805834e+00 2.811667e+00 6.431182e-04
2.811667e+00 2.817500e+00 2.823334e+00 6.279677e-04
2.823334e+00 2.829167e+00 2.835000e+00 6.131677e-04
2.835000e+00 2.840834e+00 2.846667e+00 5.987103e-04
2.846667e+00 2.852500e+00 2.858334e+00 5.845878e-04
2.858334e+00 2.864167e+00 2.870000e+00 5.707927e-04
2.870000e+00 2.875834e+00 2.881667e+00 5.573176e-04
2.881667e+00 2.887500e+00 2.893334e+00 5.441554e-04
2.893334e+00 2.899167e+00 2.905000e+00 5.312989e-04
2.905000e+00 2.910834e+00 2.916667e+00 5.187413e-04
2.916667e+00 2.922500e+00 2.928333e+00 5.064757e-04
2.928333e+00 2.934167e+00 2.940000e+00 4.944957e-04
2.940000e+00 2.945833e+00 2.951667e+00 4.827947e-04
2.951667e+00 2.957500e+00 2.963333e+00 4.713665e-04
2.963333e+00 2.969167e+00 2.975000e+00 4.602047e-04
2.975000e+00 2.980833e+00 2.986667e+00 4.493034e-04
2.986667e+00 2.992500e+00 2.998333e+00 4.386567e-04
2.998333e+00 3.004167e+00 3.010000e+00 4.282587e-04
3.010000e+00 3.015833e+00 3.021667e+00 4.181037e-04
3.021667e+00 3.027500e+00 3.033333e+00 4.081863e-04
3.033333e+00 3.039167e+00 3.045000e+00 3.985010e-04
3.045000e+00 3.050833e+00 3.056667e+00 3.890425e-04
3.056667e+00 3.062500e+00 3.068333e+00 3.798056e-04
3.068333e+00 3.074167e+00 3.080000e+00 3.707852e-04
3.080000e+00 3.085833e+00 3.091667e+00 3.619764e-04
3.091667e+00 3.097500e+00 3.103333e+00 3.533743e-04
3.103333e+00 3.109167e+00 3.115000e+00 3.449741e-04
3.115000e+00 3.120833e+00 3.126667e+00 3.367713e-04
3.126667e+00 3.132500e+00 3.138333e+00 3.287612e-04
3.138333e+00 3.144167e+00 3.150000e+00 3.209395e-04
3.150000e+00 3.155833e+00 3.161667e+00 3.133018e-04
3.161667e+00 3.167500e+00 3.173333e+00 3.058439e-04
3.173333e+00 3.179167e+00 3.185000e+00 2.985615e-04
3.185000e+00 3.190833e+00 3.196667e+00 2.914507e-04
3.196667e+00 3.202500e+00 3.208333e+00 2.845075e-04
3.208333e+00 3.214167e+00 3.220000e+00 2.777280e-04
3.220000e+00 3.225833e+00 3.231667e+00 2.711085e-04
3.231667e+00 3.237500e+00 3.243333e+00 2.646451e-04
3.243333e+00 3.249167e+00 3.255000e+00 2.583343e-04
3.255000e+00 3.260833e+00 3.266667e+00 2.521726e-04
3.266667e+00 3.272500e+00 3.278333e+00 2.461564e-04
3.278333e+00 3.284167e+00 3.290000e+00 2.402825e-04
3.290000e+00 3.295833e+00 3.301667e+00 2.345475e-04
3.301667e+00 3.307500e+00 3.313333e+00 2.289481e-04
3.313333e+00 3.319167e+00 3.325000e+00 2.234812e-04
3.325000e+00 3.330833e+00 3.336667e+00 2.181438e-04
3.336667e+00 3.342500e+00 3.348333e+00 2.129327e-04
3.348333e+00 3.354167e+00 3.360000e+00 2.078451e-04
3.360000e+00 3.365833e+00 3.371667e+00 2.028781e-04
3.371667e+00 3.377500e+00 3.383333e+00 1.980288e-04
3.383333e+00 3.389167e+00 3.395000e+00 1.932946e-04
3.395000e+00 3.400833e+00 3.406667e+00 1.886726e-04
3.406667e+00 3.412500e+00 3.418333e+00 1.841604e-04
3.418333e+00 3.424167e+00 3.430000e+00 1.797552e-04
3.430000e+00 3.435833e+00 3.441667e+00 1.754547e-04
3.441667e+00 3.447500e+00 3.453333e+00 1.712563e-04
3.453333e+00 3.459167e+00 3.465000e+00 1.671577e-04
3.465000e+00 3.470833e+00 3.476667e+00 1.631565e-04
3.476667e+00 3.482500e+00 3.488333e+00 1.592505e-04
3.488333e+00 3.494167e+00 3.500000e+00 1.554373e-04
