1.000000e-06 5.834332e-03 1.166766e-02 3.170808e-05
1.166766e-02 1.750099e-02 2.333433e-02 2.592539e-04
2.333433e-02 2.916766e-02 3.500099e-02 6.638829e-04
3.500099e-02 4.083432e-02 4.666765e-02 1.208157e-03
4.666765e-02 5.250099e-02 5.833432e-02 1.862965e-03
5.833432e-02 6.416765e-02 7.000098e-02 2.604762e-03
7.000098e-02 7.583431e-02 8.166764e-02 3.414117e-03
8.166764e-02 8.750097e-02 9.333431e-02 4.274797e-03
9.333431e-02 9.916764e-02 1.050010e-01 5.173132e-03
1.050010e-01 1.108343e-01 1.166676e-01 6.097553e-03
1.166676e-01 1.225010e-01 1.283343e-01 7.038238e-03
1.283343e-01 1.341676e-01 1.400010e-01 7.986837e-03
1.400010e-01 1.458343e-01 1.516676e-01 8.936248e-03
1.516676e-01 1.575010e-01 1.633343e-01 9.880436e-03
1.633343e-01 1.691676e-01 1.750009e-01 1.081428e-02
1.750009e-01 1.808343e-01 1.866676e-01 1.173346e-02
1.866676e-01 1.925009e-01 1.983343e-01 1.263434e-02
1.983343e-01 2.041676e-01 2.100009e-01 1.351386e-02
2.100009e-01 2.158343e-01 2.216676e-01 1.436951e-02
2.216676e-01 2.275009e-01 2.333343e-01 1.519922e-02
2.333343e-01 2.391676e-01 2.450009e-01 1.600130e-02
2.450009e-01 2.508343e-01 2.566676e-01 1.677442e-02
2.566676e-01 2.625009e-01 2.683343e-01 1.751757e-02
2.683343e-01 2.741676e-01 2.800009e-01 1.822996e-02
2.800009e-01 2.858343e-01 2.916676e-01 1.891108e-02
2.916676e-01 2.975009e-01 3.033342e-01 1.956057e-02
3.033342e-01 3.091676e-01 3.150009e-01 2.017830e-02
3.150009e-01 3.208342e-01 3.266676e-01 2.076424e-02
3.266676e-01 3.325009e-01 3.383342e-01 2.131853e-02
3.383342e-01 3.441676e-01 3.500009e-01 2.184141e-02
3.500009e-01 3.558342e-01 3.616676e-01 2.233321e-02
3.616676e-01 3.675009e-01 3.733342e-01 2.279437e-02
3.733342e-01 3.791676e-01 3.850009e-01 2.322539e-02
3.850009e-01 3.908342e-01 3.966676e-01 2.362682e-02
3.966676e-01 4.025009e-01 4.083342e-01 2.399927e-02
4.083342e-01 4.141675e-01 4.200009e-01 2.434340e-02
4.200009e-01 4.258342e-01 4.316675e-01 2.465990e-02
4.316675e-01 4.375009e-01 4.433342e-01 2.494949e-02
4.433342e-01 4.491675e-01 4.550009e-01 2.521291e-02
4.550009e-01 4.608342e-01 4.666675e-01 2.545092e-02
4.666675e-01 4.725009e-01 4.783342e-01 2.566428e-02
4.783342e-01 4.841675e-01 4.900009e-01 2.585379e-02
4.900009e-01 4.958342e-01 5.016675e-01 2.602021e-02
5.016675e-01 5.075009e-01 5.133342e-01 2.616434e-02
5.133342e-01 5.191675e-01 5.250008e-01 2.628697e-02
5.250008e-01 5.308342e-01 5.366675e-01 2.638886e-02
5.366675e-01 5.425008e-01 5.483342e-01 2.647080e-02
5.483342e-01 5.541675e-01 5.600008e-01 2.653354e-02
5.600008e-01 5.658342e-01 5.716675e-01 2.657785e-02
5.716675e-01 5.775008e-01 5.833342e-01 2.660448e-02
5.833342e-01 5.891675e-01 5.950008e-01 2.661414e-02
5.950008e-01 6.008342e-01 6.066675e-01 2.660757e-02
6.066675e-01 6.125008e-01 6.183342e-01 2.658546e-02
6.183342e-01 6.241675e-01 6.300008e-01 2.654850e-02
6.300008e-01 6.358342e-01 6.416675e-01 2.649737e-02
6.416675e-01 6.475008e-01 6.533341e-01 2.643273e-02
6.533341e-01 6.591675e-01 6.650008e-01 2.635522e-02
6.650008e-01 6.708341e-01 6.766675e-01 2.626546e-02
6.766675e-01 6.825008e-01 6.883341e-01 2.616406e-02
6.883341e-01 6.941675e-01 7.000008e-01 2.605162e-02
7.000008e-01 7.058341e-01 7.116675e-01 2.592870e-02
7.116675e-01 7.175008e-01 7.233341e-01 2.579586e-02
7.233341e-01 7.291675e-01 7.350008e-01 2.565364e-02
7.350008e-01 7.408341e-01 7.466675e-01 2.550257e-02
7.466675e-01 7.525008e-01 7.583341e-01 2.534315e-02
7.583341e-01 7.641674e-01 7.700008e-01 2.517587e-02
7.700008e-01 7.758341e-01 7.816674e-01 2.500120e-02
7.816674e-01 7.875008e-01 7.933341e-01 2.481961e-02
7.933341e-01 7.991674e-01 8.050008e-01 2.463153e-02
8.050008e-01 8.108341e-01 8.166674e-01 2.443738e-02
8.166674e-01 8.225008e-01 8.283341e-01 2.423759e-02
8.283341e-01 8.341674e-01 8.400008e-01 2.403254e-02
8.400008e-01 8.458341e-01 8.516674e-01 2.382261e-02
8.516674e-01 8.575008e-01 8.633341e-01 2.360818e-02
8.633341e-01 8.691674e-01 8.750007e-01 2.338959e-02
8.750007e-01 8.808341e-01 8.866674e-01 2.316718e-02
8.866674e-01 8.925007e-01 8.983341e-01 2.294127e-02
8.983341e-01 9.041674e-01 9.100007e-01 2.271219e-02
9.100007e-01 9.158341e-01 9.216674e-01 2.248023e-02
9.216674e-01 9.275007e-01 9.333341e-01 2.224567e-02
9.333341e-01 9.391674e-01 9.450007e-01 2.200880e-02
9.450007e-01 9.508341e-01 9.566674e-01 2.176987e-02
9.566674e-01 9.625007e-01 9.683341e-01 2.152914e-02
9.683341e-01 9.741674e-01 9.800007e-01 2.128686e-02
9.800007e-01 9.858341e-01 9.916674e-01 2.104324e-02
9.916674e-01 9.975007e-01 1.003334e+00 2.079851e-02
1.003334e+00 1.009167e+00 1.015001e+00 2.055289e-02
1.015001e+00 1.020834e+00 1.026667e+00 2.030657e-02
1.026667e+00 1.032501e+00 1.038334e+00 2.005974e-02
1.038334e+00 1.044167e+00 1.050001e+00 1.981260e-02
1.050001e+00 1.055834e+00 1.061667e+00 1.956530e-02
1.061667e+00 1.067501e+00 1.073334e+00 1.931802e-02
1.073334e+00 1.079167e+00 1.085001e+00 1.907092e-02
1.085001e+00 1.090834e+00 1.096667e+00 1.882414e-02
1.096667e+00 1.102501e+00 1.108334e+00 1.857783e-02
1.108334e+00 1.114167e+00 1.120001e+00 1.833212e-02
1.120001e+00 1.125834e+00 1.131667e+00 1.808714e-02
1.131667e+00 1.137501e+00 1.143334e+00 1.784300e-02
1.143334e+00 1.149167e+00 1.155001e+00 1.759983e-02
1.155001e+00 1.160834e+00 1.166667e+00 1.735773e-02
1.166667e+00 1.172501e+00 1.178334e+00 1.711680e-02
1.178334e+00 1.184167e+00 1.190001e+00 1.687715e-02
1.190001e+00 1.195834e+00 1.201667e+00 1.663885e-02
1.201667e+00 1.207501e+00 1.213334e+00 1.640199e-02
1.213334e+00 1.219167e+00 1.225001e+00 1.616666e-02
1.225001e+00 1.230834e+00 1.236667e+00 1.593293e-02
1.236667e+00 1.242501e+00 1.248334e+00 1.570087e-02
1.248334e+00 1.254167e+00 1.260001e+00 1.547054e-02
1.260001e+00 1.265834e+00 1.271667e+00 1.524200e-02
1.271667e+00 1.277501e+00 1.283334e+00 1.501532e-02
1.283334e+00 1.289167e+00 1.295001e+00 1.479054e-02
1.295001e+00 1.300834e+00 1.306667e+00 1.456771e-02
1.306667e+00 1.312501e+00 1.318334e+00 1.434689e-02
1.318334e+00 1.324167e+00 1.330001e+00 1.412810e-02
1.330001e+00 1.335834e+00 1.341667e+00 1.391138e-02
1.341667e+00 1.347501e+00 1.353334e+00 1.369678e-02
1.353334e+00 1.359167e+00 1.365001e+00 1.348432e-02
1.365001e+00 1.370834e+00 1.376667e+00 1.327403e-02
1.376667e+00 1.382501e+00 1.388334e+00 1.306594e-02
1.388334e+00 1.394167e+00 1.400001e+00 1.286007e-02
1.400001e+00 1.405834e+00 1.411667e+00 1.265644e-02
1.411667e+00 1.417501e+00 1.423334e+00 1.245506e-02
1.423334e+00 1.429167e+00 1.435001e+00 1.225596e-02
1.435001e+00 1.440834e+00 1.446667e+00 1.205915e-02
1.446667e+00 1.452501e+00 1.458334e+00 1.186463e-02
1.458334e+00 1.464167e+00 1.470001e+00 1.167242e-02
1.470001e+00 1.475834e+00 1.481667e+00 1.148252e-02
1.481667e+00 1.487501e+00 1.493334e+00 1.129494e-02
1.493334e+00 1.499167e+00 1.505001e+00 1.110968e-02
1.505001e+00 1.510834e+00 1.516667e+00 1.092675e-02
1.516667e+00 1.522501e+00 1.528334e+00 1.074613e-02
1.528334e+00 1.534167e+00 1.540001e+00 1.056784e-02
1.540001e+00 1.545834e+00 1.551667e+00 1.039186e-02
1.551667e+00 1.557501e+00 1.563334e+00 1.021820e-02
1.563334e+00 1.569167e+00 1.575001e+00 1.004684e-02
1.575001e+00 1.580834e+00 1.586667e+00 9.877791e-03
1.586667e+00 1.592501e+00 1.598334e+00 9.711030e-03
1.598334e+00 1.604167e+00 1.610001e+00 9.546552e-03
1.610001e+00 1.615834e+00 1.621667e+00 9.384348e-03
1.621667e+00 1.627501e+00 1.633334e+00 9.224405e-03
1.633334e+00 1.639167e+00 1.645001e+00 9.066713e-03
1.645001e+00 1.650834e+00 1.656667e+00 8.911258e-03
1.656667e+00 1.662501e+00 1.668334e+00 8.758027e-03
1.668334e+00 1.674167e+00 1.680001e+00 8.607004e-03
1.680001e+00 1.685834e+00 1.691667e+00 8.458174e-03
1.691667e+00 1.697501e+00 1.703334e+00 8.311523e-03
1.703334e+00 1.709167e+00 1.715001e+00 8.167032e-03
1.715001e+00 1.720834e+00 1.726667e+00 8.024686e-03
1.726667e+00 1.732501e+00 1.738334e+00 7.884466e-03
1.738334e+00 1.744167e+00 1.750000e+00 7.746355e-03
1.750000e+00 1.755834e+00 1.761667e+00 7.610333e-03
1.761667e+00 1.767500e+00 1.773334e+00 7.476382e-03
1.773334e+00 1.779167e+00 1.785000e+00 7.344483e-03
1.785000e+00 1.790834e+00 1.796667e+00 7.214616e-03
1.796667e+00 1.802500e+00 1.808334e+00 7.086761e-03
1.808334e+00 1.814167e+00 1.820000e+00 6.960897e-03
1.820000e+00 1.825834e+00 1.831667e+00 6.837004e-03
1.831667e+00 1.837500e+00 1.843334e+00 6.715061e-03
1.843334e+00 1.849167e+00 1.855000e+00 6.595048e-03
1.855000e+00 1.860834e+00 1.866667e+00 6.476942e-03
1.866667e+00 1.872500e+00 1.878334e+00 6.360723e-03
1.878334e+00 1.884167e+00 1.890000e+00 6.246369e-03
1.890000e+00 1.895834e+00 1.901667e+00 6.133858e-03
1.901667e+00 1.907500e+00 1.913334e+00 6.023169e-03
1.913334e+00 1.919167e+00 1.925000e+00 5.914279e-03
1.925000e+00 1.930834e+00 1.936667e+00 5.807168e-03
1.936667e+00 1.942500e+00 1.948334e+00 5.701813e-03
1.948334e+00 1.954167e+00 1.960000e+00 5.598192e-03
1.960000e+00 1.965834e+00 1.971667e+00 5.496284e-03
1.971667e+00 1.977500e+00 1.983334e+00 5.396066e-03
1.983334e+00 1.989167e+00 1.995000e+00 5.297516e-03
1.995000e+00 2.000834e+00 2.006667e+00 5.200614e-03
2.006667e+00 2.012500e+00 2.018334e+00 5.105336e-03
2.018334e+00 2.024167e+00 2.030000e+00 5.011661e-03
2.030000e+00 2.035834e+00 2.041667e+00 4.919567e-03
2.041667e+00 2.047500e+00 2.053334e+00 4.829033e-03
2.053334e+00 2.059167e+00 2.065000e+00 4.740038e-03
2.065000e+00 2.070834e+00 2.076667e+00 4.652559e-03
2.076667e+00 2.082500e+00 2.088334e+00 4.566576e-03
2.088334e+00 2.094167e+00 2.100000e+00 4.482068e-03
2.100000e+00 2.105834e+00 2.111667e+00 4.399013e-03
2.111667e+00 2.117500e+00 2.123334e+00 4.317390e-03
2.123334e+00 2.129167e+00 2.135000e+00 4.237179e-03
2.135000e+00 2.140834e+00 2.146667e+00 4.158359e-03
2.146667e+00 2.152500e+00 2.158334e+00 4.080910e-03
2.158334e+00 2.164167e+00 2.170000e+00 4.004811e-03
2.170000e+00 2.175834e+00 2.181667e+00 3.930042e-03
2.181667e+00 2.187500e+00 2.193334e+00 3.856583e-03
2.193334e+00 2.199167e+00 2.205000e+00 3.784415e-03
2.205000e+00 2.210834e+00 2.216667e+00 3.713517e-03
2.216667e+00 2.222500e+00 2.228334e+00 3.643871e-03
2.228334e+00 2.234167e+00 2.240000e+00 3.575456e-03
2.240000e+00 2.245834e+00 2.251667e+00 3.508255e-03
2.251667e+00 2.257500e+00 2.263334e+00 3.442247e-03
2.263334e+00 2.269167e+00 2.275000e+00 3.377415e-03
2.275000e+00 2.280834e+00 2.286667e+00 3.313740e-03
2.286667e+00 2.292500e+00 2.298334e+00 3.251203e-03
2.298334e+00 2.304167e+00 2.310000e+00 3.189787e-03
2.310000e+00 2.315834e+00 2.321667e+00 3.129473e-03
2.321667e+00 2.327500e+00 2.333334e+00 3.070244e-03
2.333334e+00 2.339167e+00 2.345000e+00 3.012083e-03
2.345000e+00 2.350834e+00 2.356667e+00 2.954972e-03
2.356667e+00 2.362500e+00 2.368334e+00 2.898894e-03
2.368334e+00 2.374167e+00 2.380000e+00 2.843832e-03
2.380000e+00 2.385834e+00 2.391667e+00 2.789770e-03
2.391667e+00 2.397500e+00 2.403334e+00 2.736690e-03
2.403334e+00 2.409167e+00 2.415000e+00 2.684578e-03
2.415000e+00 2.420834e+00 2.426667e+00 2.633416e-03
2.426667e+00 2.432500e+00 2.438334e+00 2.583190e-03
2.438334e+00 2.444167e+00 2.450000e+00 2.533882e-03
2.450000e+00 2.455834e+00 2.461667e+00 2.485479e-03
2.461667e+00 2.467500e+00 2.473334e+00 2.437964e-03
2.473334e+00 2.479167e+00 2.485000e+00 2.391323e-03
2.485000e+00 2.490834e+00 2.496667e+00 2.345541e-03
2.496667e+00 2.502500e+00 2.508334e+00 2.300604e-03
2.508334e+00 2.514167e+00 2.520000e+00 2.256496e-03
2.520000e+00 2.525834e+00 2.531667e+00 2.213204e-03
2.531667e+00 2.537500e+00 2.543334e+00 2.170714e-03
2.543334e+00 2.549167e+00 2.555000e+00 2.129011e-03
2.555000e+00 2.560834e+00 2.566667e+00 2.088083e-03
2.566667e+00 2.572500e+00 2.578334e+00 2.047916e-03
2.578334e+00 2.584167e+00 2.590000e+00 2.008497e-03
2.590000e+00 2.595834e+00 2.601667e+00 1.969812e-03
2.601667e+00 2.607500e+00 2.613334e+00 1.931850e-03
2.613334e+00 2.619167e+00 2.625000e+00 1.894596e-03
2.625000e+00 2.630834e+00 2.636667e+00 1.858040e-03
2.636667e+00 2.642500e+00 2.648334e+00 1.822168e-03
2.648334e+00 2.654167e+00 2.660000e+00 1.786969e-03
2.660000e+00 2.665834e+00 2.671667e+00 1.752431e-03
2.671667e+00 2.677500e+00 2.683334e+00 1.718541e-03
2.683334e+00 2.689167e+00 2.695000e+00 1.685289e-03
2.695000e+00 2.700834e+00 2.706667e+00 1.652663e-03
2.706667e+00 2.712500e+00 2.718334e+00 1.620652e-03
2.718334e+00 2.724167e+00 2.730000e+00 1.589246e-03
2.730000e+00 2.735834e+00 2.741667e+00 1.558432e-03
2.741667e+00 2.747500e+00 2.753334e+00 1.528201e-03
2.753334e+00 2.759167e+00 2.765000e+00 1.498542e-03
2.765000e+00 2.770834e+00 2.776667e+00 1.469445e-03
2.776667e+00 2.782500e+00 2.788334e+00 1.440900e-03
2.788334e+00 2.794167e+00 2.800000e+00 1.412896e-03
2.800000e+00 2.805834e+00 2.811667e+00 1.385424e-03
2.811667e+00 2.817500e+00 2.823334e+00 1.358475e-03
2.823334e+00 2.829167e+00 2.835000e+00 1.332038e-03
2.835000e+00 2.840834e+00 2.846667e+00 1.306105e-03
2.846667e+00 2.852500e+00 2.858334e+00 1.280666e-03
2.858334e+00 2.864167e+00 2.870000e+00 1.255712e-03
2.870000e+00 2.875834e+00 2.881667e+00 1.231235e-03
2.881667e+00 2.887500e+00 2.893334e+00 1.207226e-03
2.893334e+00 2.899167e+00 2.905000e+00 1.183675e-03
2.905000e+00 2.910834e+00 2.916667e+00 1.160575e-03
2.916667e+00 2.922500e+00 2.928333e+00 1.137918e-03
2.928333e+00 2.934167e+00 2.940000e+00 1.115694e-03
2.940000e+00 2.945833e+00 2.951667e+00 1.093897e-03
2.951667e+00 2.957500e+00 2.963333e+00 1.072519e-03
2.963333e+00 2.969167e+00 2.975000e+00 1.051550e-03
2.975000e+00 2.980833e+00 2.986667e+00 1.030985e-03
2.986667e+00 2.992500e+00 2.998333e+00 1.010815e-03
2.998333e+00 3.004167e+00 3.010000e+00 9.910336e-04
3.010000e+00 3.015833e+00 3.021667e+00 9.716329e-04
3.021667e+00 3.027500e+00 3.033333e+00 9.526060e-04
3.033333e+00 3.039167e+00 3.045000e+00 9.339459e-04
3.045000e+00 3.050833e+00 3.056667e+00 9.156459e-04
3.056667e+00 3.062500e+00 3.068333e+00 8.976991e-04
3.068333e+00 3.074167e+00 3.080000e+00 8.800989e-04
3.080000e+00 3.085833e+00 3.091667e+00 8.628389e-04
3.091667e+00 3.097500e+00 3.103333e+00 8.459127e-04
3.103333e+00 3.109167e+00 3.115000e+00 8.293140e-04
3.115000e+00 3.120833e+00 3.126667e+00 8.130366e-04
3.126667e+00 3.132500e+00 3.138333e+00 7.970745e-04
3.138333e+00 3.144167e+00 3.150000e+00 7.814217e-04
3.150000e+00 3.155833e+00 3.161667e+00 7.660725e-04
3.161667e+00 3.167500e+00 3.173333e+00 7.510211e-04
3.173333e+00 3.179167e+00 3.185000e+00 7.362618e-04
3.185000e+00 3.190833e+00 3.196667e+00 7.217891e-04
3.196667e+00 3.202500e+00 3.208333e+00 7.075976e-04
3.208333e+00 3.214167e+00 3.220000e+00 6.936820e-04
3.220000e+00 3.225833e+00 3.231667e+00 6.800370e-04
3.231667e+00 3.237500e+00 3.243333e+00 6.666575e-04
3.243333e+00 3.249167e+00 3.255000e+00 6.535385e-04
3.255000e+00 3.260833e+00 3.266667e+00 6.406749e-04
3.266667e+00 3.272500e+00 3.278333e+00 6.280619e-04
3.278333e+00 3.284167e+00 3.290000e+00 6.156948e-04
3.290000e+00 3.295833e+00 3.301667e+00 6.035689e-04
3.301667e+00 3.307500e+00 3.313333e+00 5.916795e-04
3.313333e+00 3.319167e+00 3.325000e+00 5.800221e-04
3.325000e+00 3.330833e+00 3.336667e+00 5.685923e-04
3.336667e+00 3.342500e+00 3.348333e+00 5.573857e-04
3.348333e+00 3.354167e+00 3.360000e+00 5.463981e-04
3.360000e+00 3.365833e+00 3.371667e+00 5.356253e-04
3.371667e+00 3.377500e+00 3.383333e+00 5.250631e-04
3.383333e+00 3.389167e+00 3.395000e+00 5.147075e-04
3.395000e+00 3.400833e+00 3.406667e+00 5.045546e-04
3.406667e+00 3.412500e+00 3.418333e+00 4.946004e-04
3.418333e+00 3.424167e+00 3.430000e+00 4.848411e-04
3.430000e+00 3.435833e+00 3.441667e+00 4.752729e-04
3.441667e+00 3.447500e+00 3.453333e+00 4.658922e-04
3.453333e+00 3.459167e+00 3.465000e+00 4.566954e-04
3.465000e+00 3.470833e+00 3.476667e+00 4.476790e-04
3.476667e+00 3.482500e+00 3.488333e+00 4.388393e-04
3.488333e+00 3.494167e+00 3.500000e+00 4.301731e-04
