1.000000e-06 5.834332e-03 1.166766e-02 3.215660e-05
1.166766e-02 1.750099e-02 2.333433e-02 2.658529e-04
2.333433e-02 2.916766e-02 3.500099e-02 6.852778e-04
3.500099e-02 4.083432e-02 4.666765e-02 1.252744e-03
4.666765e-02 5.250099e-02 5.833432e-02 1.937993e-03
5.833432e-02 6.416765e-02 7.000098e-02 2.716026e-03
7.000098e-02 7.583431e-02 8.166764e-02 3.565885e-03
8.166764e-02 8.750097e-02 9.333431e-02 4.469852e-03
9.333431e-02 9.916764e-02 1.050010e-01 5.412877e-03
1.050010e-01 1.108343e-01 1.166676e-01 6.382133e-03
1.166676e-01 1.225010e-01 1.283343e-01 7.366682e-03
1.283343e-01 1.341676e-01 1.400010e-01 8.357195e-03
1.400010e-01 1.458343e-01 1.516676e-01 9.345725e-03
1.516676e-01 1.575010e-01 1.633343e-01 1.032552e-02
1.633343e-01 1.691676e-01 1.750009e-01 1.129087e-02
1.750009e-01 1.808343e-01 1.866676e-01 1.223696e-02
1.866676e-01 1.925009e-01 1.983343e-01 1.315975e-02
1.983343e-01 2.041676e-01 2.100009e-01 1.405592e-02
2.100009e-01 2.158343e-01 2.216676e-01 1.492272e-02
2.216676e-01 2.275009e-01 2.333343e-01 1.575794e-02
2.333343e-01 2.391676e-01 2.450009e-01 1.655981e-02
2.450009e-01 2.508343e-01 2.566676e-01 1.732699e-02
2.566676e-01 2.625009e-01 2.683343e-01 1.805848e-02
2.683343e-01 2.741676e-01 2.800009e-01 1.875357e-02
2.800009e-01 2.858343e-01 2.916676e-01 1.941185e-02
2.916676e-01 2.975009e-01 3.033342e-01 2.003312e-02
3.033342e-01 3.091676e-01 3.150009e-01 2.061739e-02
3.150009e-01 3.208342e-01 3.266676e-01 2.116485e-02
3.266676e-01 3.325009e-01 3.383342e-01 2.167582e-02
3.383342e-01 3.441676e-01 3.500009e-01 2.215078e-02
3.500009e-01 3.558342e-01 3.616676e-01 2.259031e-02
3.616676e-01 3.675009e-01 3.733342e-01 2.299507e-02
3.733342e-01 3.791676e-01 3.850009e-01 2.336581e-02
3.850009e-01 3.908342e-01 3.966676e-01 2.370336e-02
3.966676e-01 4.025009e-01 4.083342e-01 2.400859e-02
4.083342e-01 4.141675e-01 4.200009e-01 2.428240e-02
4.200009e-01 4.258342e-01 4.316675e-01 2.452575e-02
4.316675e-01 4.375009e-01 4.433342e-01 2.473961e-02
4.433342e-01 4.491675e-01 4.550009e-01 2.492498e-02
4.550009e-01 4.608342e-01 4.666675e-01 2.508287e-02
4.666675e-01 4.725009e-01 4.783342e-01 2.521429e-02
4.783342e-01 4.841675e-01 4.900009e-01 2.532026e-02
4.900009e-01 4.958342e-01 5.016675e-01 2.540179e-02
5.016675e-01 5.075009e-01 5.133342e-01 2.545990e-02
5.133342e-01 5.191675e-01 5.250008e-01 2.549558e-02
5.250008e-01 5.308342e-01 5.366675e-01 2.550982e-02
5.366675e-01 5.425008e-01 5.483342e-01 2.550360e-02
5.483342e-01 5.541675e-01 5.600008e-01 2.547787e-02
5.600008e-01 5.658342e-01 5.716675e-01 2.543358e-02
5.716675e-01 5.775008e-01 5.833342e-01 2.537163e-02
5.833342e-01 5.891675e-01 5.950008e-01 2.529294e-02
5.950008e-01 6.008342e-01 6.066675e-01 2.519839e-02
6.066675e-01 6.125008e-01 6.183342e-01 2.508881e-02
6.183342e-01 6.241675e-01 6.300008e-01 2.496505e-02
6.300008e-01 6.358342e-01 6.416675e-01 2.482791e-02
6.416675e-01 6.475008e-01 6.533341e-01 2.467818e-02
6.533341e-01 6.591675e-01 6.650008e-01 2.451661e-02
6.650008e-01 6.708341e-01 6.766675e-01 2.434394e-02
6.766675e-01 6.825008e-01 6.883341e-01 2.416087e-02
6.883341e-01 6.941675e-01 7.000008e-01 2.396810e-02
7.000008e-01 7.058341e-01 7.116675e-01 2.376628e-02
7.116675e-01 7.175008e-01 7.233341e-01 2.355605e-02
7.233341e-01 7.291675e-01 7.350008e-01 2.333803e-02
7.350008e-01 7.408341e-01 7.466675e-01 2.311280e-02
7.466675e-01 7.525008e-01 7.583341e-01 2.288093e-02
7.583341e-01 7.641674e-01 7.700008e-01 2.264297e-02
7.700008e-01 7.758341e-01 7.816674e-01 2.239943e-02
7.816674e-01 7.875008e-01 7.933341e-01 2.215082e-02
7.933341e-01 7.991674e-01 8.050008e-01 2.189762e-02
8.050008e-01 8.108341e-01 8.166674e-01 2.164028e-02
8.166674e-01 8.225008e-01 8.283341e-01 2.137925e-02
8.283341e-01 8.341674e-01 8.400008e-01 2.111494e-02
8.400008e-01 8.458341e-01 8.516674e-01 2.084775e-02
8.516674e-01 8.575008e-01 8.633341e-01 2.057807e-02
8.633341e-01 8.691674e-01 8.750007e-01 2.030626e-02
8.750007e-01 8.808341e-01 8.866674e-01 2.003267e-02
8.866674e-01 8.925007e-01 8.983341e-01 1.975761e-02
8.983341e-01 9.041674e-01 9.100007e-01 1.948141e-02
9.100007e-01 9.158341e-01 9.216674e-01 1.920437e-02
9.216674e-01 9.275007e-01 9.333341e-01 1.892676e-02
9.333341e-01 9.391674e-01 9.450007e-01 1.864885e-02
9.450007e-01 9.508341e-01 9.566674e-01 1.837089e-02
9.566674e-01 9.625007e-01 9.683341e-01 1.809313e-02
9.683341e-01 9.741674e-01 9.800007e-01 1.781579e-02
9.800007e-01 9.858341e-01 9.916674e-01 1.753908e-02
9.916674e-01 9.975007e-01 1.003334e+00 1.726320e-02
1.003334e+00 1.009167e+00 1.015001e+00 1.698835e-02
1.015001e+00 1.020834e+00 1.026667e+00 1.671469e-02
1.026667e+00 1.032501e+00 1.038334e+00 1.644240e-02
1.038334e+00 1.044167e+00 1.050001e+00 1.617164e-02
1.050001e+00 1.055834e+00 1.061667e+00 1.590254e-02
1.061667e+00 1.067501e+00 1.073334e+00 1.563525e-02
1.073334e+00 1.079167e+00 1.085001e+00 1.536989e-02
1.085001e+00 1.090834e+00 1.096667e+00 1.510658e-02
1.096667e+00 1.102501e+00 1.108334e+00 1.484543e-02
1.108334e+00 1.114167e+00 1.120001e+00 1.458655e-02
1.120001e+00 1.125834e+00 1.131667e+00 1.433003e-02
1.131667e+00 1.137501e+00 1.143334e+00 1.407595e-02
1.143334e+00 1.149167e+00 1.155001e+00 1.382439e-02
1.155001e+00 1.160834e+00 1.166667e+00 1.357543e-02
1.166667e+00 1.172501e+00 1.178334e+00 1.332914e-02
1.178334e+00 1.184167e+00 1.190001e+00 1.308558e-02
1.190001e+00 1.195834e+00 1.201667e+00 1.284479e-02
1.201667e+00 1.207501e+00 1.213334e+00 1.260683e-02
1.213334e+00 1.219167e+00 1.225001e+00 1.237175e-02
1.225001e+00 1.230834e+00 1.236667e+00 1.213958e-02
1.236667e+00 1.242501e+00 1.248334e+00 1.191035e-02
1.248334e+00 1.254167e+00 1.260001e+00 1.168411e-02
1.260001e+00 1.265834e+00 1.271667e+00 1.146086e-02
1.271667e+00 1.277501e+00 1.283334e+00 1.124063e-02
1.283334e+00 1.289167e+00 1.295001e+00 1.102345e-02
1.295001e+00 1.300834e+00 1.306667e+00 1.080931e-02
1.306667e+00 1.312501e+00 1.318334e+00 1.059824e-02
1.318334e+00 1.324167e+00 1.330001e+00 1.039024e-02
1.330001e+00 1.335834e+00 1.341667e+00 1.018531e-02
1.341667e+00 1.347501e+00 1.353334e+00 9.983461e-03
1.353334e+00 1.359167e+00 1.365001e+00 9.784681e-03
1.365001e+00 1.370834e+00 1.376667e+00 9.588968e-03
1.376667e+00 1.382501e+00 1.388334e+00 9.396317e-03
1.388334e+00 1.394167e+00 1.400001e+00 9.206717e-03
1.400001e+00 1.405834e+00 1.411667e+00 9.020157e-03
1.411667e+00 1.417501e+00 1.423334e+00 8.836623e-03
1.423334e+00 1.429167e+00 1.435001e+00 8.656100e-03
1.435001e+00 1.440834e+00 1.446667e+00 8.478572e-03
1.446667e+00 1.452501e+00 1.458334e+00 8.304018e-03
1.458334e+00 1.464167e+00 1.470001e+00 8.132419e-03
1.470001e+00 1.475834e+00 1.481667e+00 7.963753e-03
1.481667e+00 1.487501e+00 1.493334e+00 7.797997e-03
1.493334e+00 1.499167e+00 1.505001e+00 7.635126e-03
1.505001e+00 1.510834e+00 1.516667e+00 7.475115e-03
1.516667e+00 1.522501e+00 1.528334e+00 7.317937e-03
1.528334e+00 1.534167e+00 1.540001e+00 7.163565e-03
1.540001e+00 1.545834e+00 1.551667e+00 7.011970e-03
1.551667e+00 1.557501e+00 1.563334e+00 6.863124e-03
1.563334e+00 1.569167e+00 1.575001e+00 6.716996e-03
1.575001e+00 1.580834e+00 1.586667e+00 6.573555e-03
1.586667e+00 1.592501e+00 1.598334e+00 6.432771e-03
1.598334e+00 1.604167e+00 1.610001e+00 6.294612e-03
1.610001e+00 1.615834e+00 1.621667e+00 6.159045e-03
1.621667e+00 1.627501e+00 1.633334e+00 6.026037e-03
1.633334e+00 1.639167e+00 1.645001e+00 5.895557e-03
1.645001e+00 1.650834e+00 1.656667e+00 5.767570e-03
1.656667e+00 1.662501e+00 1.668334e+00 5.642044e-03
1.668334e+00 1.674167e+00 1.680001e+00 5.518943e-03
1.680001e+00 1.685834e+00 1.691667e+00 5.398235e-03
1.691667e+00 1.697501e+00 1.703334e+00 5.279885e-03
1.703334e+00 1.709167e+00 1.715001e+00 5.163859e-03
1.715001e+00 1.720834e+00 1.726667e+00 5.050122e-03
1.726667e+00 1.732501e+00 1.738334e+00 4.938641e-03
1.738334e+00 1.744167e+00 1.750000e+00 4.829382e-03
1.750000e+00 1.755834e+00 1.761667e+00 4.722309e-03
1.761667e+00 1.767500e+00 1.773334e+00 4.617389e-03
1.773334e+00 1.779167e+00 1.785000e+00 4.514588e-03
1.785000e+00 1.790834e+00 1.796667e+00 4.413872e-03
1.796667e+00 1.802500e+00 1.808334e+00 4.315207e-03
1.808334e+00 1.814167e+00 1.820000e+00 4.218559e-03
1.820000e+00 1.825834e+00 1.831667e+00 4.123895e-03
1.831667e+00 1.837500e+00 1.843334e+00 4.031182e-03
1.843334e+00 1.849167e+00 1.855000e+00 3.940386e-03
1.855000e+00 1.860834e+00 1.866667e+00 3.851476e-03
1.866667e+00 1.872500e+00 1.878334e+00 3.764418e-03
1.878334e+00 1.884167e+00 1.890000e+00 3.679180e-03
1.890000e+00 1.895834e+00 1.901667e+00 3.595730e-03
1.901667e+00 1.907500e+00 1.913334e+00 3.514037e-03
1.913334e+00 1.919167e+00 1.925000e+00 3.434068e-03
1.925000e+00 1.930834e+00 1.936667e+00 3.355794e-03
1.936667e+00 1.942500e+00 1.948334e+00 3.279183e-03
1.948334e+00 1.954167e+00 1.960000e+00 3.204205e-03
1.960000e+00 1.965834e+00 1.971667e+00 3.130830e-03
1.971667e+00 1.977500e+00 1.983334e+00 3.059028e-03
1.983334e+00 1.989167e+00 1.995000e+00 2.988769e-03
1.995000e+00 2.000834e+00 2.006667e+00 2.920026e-03
2.006667e+00 2.012500e+00 2.018334e+00 2.852768e-03
2.018334e+00 2.024167e+00 2.030000e+00 2.786969e-03
2.030000e+00 2.035834e+00 2.041667e+00 2.722599e-03
2.041667e+00 2.047500e+00 2.053334e+00 2.659632e-03
2.053334e+00 2.059167e+00 2.065000e+00 2.598040e-03
2.065000e+00 2.070834e+00 2.076667e+00 2.537797e-03
2.076667e+00 2.082500e+00 2.088334e+00 2.478875e-03
2.088334e+00 2.094167e+00 2.100000e+00 2.421250e-03
2.100000e+00 2.105834e+00 2.111667e+00 2.364896e-03
2.111667e+00 2.117500e+00 2.123334e+00 2.309787e-03
2.123334e+00 2.129167e+00 2.135000e+00 2.255898e-03
2.135000e+00 2.140834e+00 2.146667e+00 2.203206e-03
2.146667e+00 2.152500e+00 2.158334e+00 2.151685e-03
2.158334e+00 2.164167e+00 2.170000e+00 2.101313e-03
2.170000e+00 2.175834e+00 2.181667e+00 2.052065e-03
2.181667e+00 2.187500e+00 2.193334e+00 2.003920e-03
2.193334e+00 2.199167e+00 2.205000e+00 1.956854e-03
2.205000e+00 2.210834e+00 2.216667e+00 1.910845e-03
2.216667e+00 2.222500e+00 2.228334e+00 1.865871e-03
2.228334e+00 2.234167e+00 2.240000e+00 1.821912e-03
2.240000e+00 2.245834e+00 2.251667e+00 1.778945e-03
2.251667e+00 2.257500e+00 2.263334e+00 1.736951e-03
2.263334e+00 2.269167e+00 2.275000e+00 1.695908e-03
2.275000e+00 2.280834e+00 2.286667e+00 1.655798e-03
2.286667e+00 2.292500e+00 2.298334e+00 1.616599e-03
2.298334e+00 2.304167e+00 2.310000e+00 1.578293e-03
2.310000e+00 2.315834e+00 2.321667e+00 1.540862e-03
2.321667e+00 2.327500e+00 2.333334e+00 1.504286e-03
2.333334e+00 2.339167e+00 2.345000e+00 1.468546e-03
2.345000e+00 2.350834e+00 2.356667e+00 1.433626e-03
2.356667e+00 2.362500e+00 2.368334e+00 1.399508e-03
2.368334e+00 2.374167e+00 2.380000e+00 1.366174e-03
2.380000e+00 2.385834e+00 2.391667e+00 1.333608e-03
2.391667e+00 2.397500e+00 2.403334e+00 1.301792e-03
2.403334e+00 2.409167e+00 2.415000e+00 1.270711e-03
2.415000e+00 2.420834e+00 2.426667e+00 1.240348e-03
2.426667e+00 2.432500e+00 2.438334e+00 1.210688e-03
2.438334e+00 2.444167e+00 2.450000e+00 1.181716e-03
2.450000e+00 2.455834e+00 2.461667e+00 1.153416e-03
2.461667e+00 2.467500e+00 2.473334e+00 1.125774e-03
2.473334e+00 2.479167e+00 2.485000e+00 1.098774e-03
2.485000e+00 2.490834e+00 2.496667e+00 1.072404e-03
2.496667e+00 2.502500e+00 2.508334e+00 1.046649e-03
2.508334e+00 2.514167e+00 2.520000e+00 1.021495e-03
2.520000e+00 2.525834e+00 2.531667e+00 9.969298e-04
2.531667e+00 2.537500e+00 2.543334e+00 9.729392e-04
2.543334e+00 2.549167e+00 2.555000e+00 9.495106e-04
2.555000e+00 2.560834e+00 2.566667e+00 9.266316e-04
2.566667e+00 2.572500e+00 2.578334e+00 9.042899e-04
2.578334e+00 2.584167e+00 2.590000e+00 8.824733e-04
2.590000e+00 2.595834e+00 2.601667e+00 8.611701e-04
2.601667e+00 2.607500e+00 2.613334e+00 8.403687e-04
2.613334e+00 2.619167e+00 2.625000e+00 8.200579e-04
2.625000e+00 2.630834e+00 2.636667e+00 8.002264e-04
2.636667e+00 2.642500e+00 2.648334e+00 7.808634e-04
2.648334e+00 2.654167e+00 2.660000e+00 7.619584e-04
2.660000e+00 2.665834e+00 2.671667e+00 7.435008e-04
2.671667e+00 2.677500e+00 2.683334e+00 7.254806e-04
2.683334e+00 2.689167e+00 2.695000e+00 7.078877e-04
2.695000e+00 2.700834e+00 2.706667e+00 6.907124e-04
2.706667e+00 2.712500e+00 2.718334e+00 6.739451e-04
2.718334e+00 2.724167e+00 2.730000e+00 6.575765e-04
2.730000e+00 2.735834e+00 2.741667e+00 6.415974e-04
2.741667e+00 2.747500e+00 2.753334e+00 6.259990e-04
2.753334e+00 2.759167e+00 2.765000e+00 6.107723e-04
2.765000e+00 2.770834e+00 2.776667e+00 5.959089e-04
2.776667e+00 2.782500e+00 2.788334e+00 5.814003e-04
2.788334e+00 2.794167e+00 2.800000e+00 5.672385e-04
2.800000e+00 2.805834e+00 2.811667e+00 5.534153e-04
2.811667e+00 2.817500e+00 2.823334e+00 5.399228e-04
2.823334e+00 2.829167e+00 2.835000e+00 5.267536e-04
2.835000e+00 2.840834e+00 2.846667e+00 5.138999e-04
2.846667e+00 2.852500e+00 2.858334e+00 5.013545e-04
2.858334e+00 2.864167e+00 2.870000e+00 4.891102e-04
2.870000e+00 2.875834e+00 2.881667e+00 4.771600e-04
2.881667e+00 2.887500e+00 2.893334e+00 4.654970e-04
2.893334e+00 2.899167e+00 2.905000e+00 4.541145e-04
2.905000e+00 2.910834e+00 2.916667e+00 4.430060e-04
2.916667e+00 2.922500e+00 2.928333e+00 4.321650e-04
2.928333e+00 2.934167e+00 2.940000e+00 4.215852e-04
2.940000e+00 2.945833e+00 2.951667e+00 4.112605e-04
2.951667e+00 2.957500e+00 2.963333e+00 4.011850e-04
2.963333e+00 2.969167e+00 2.975000e+00 3.913527e-04
2.975000e+00 2.980833e+00 2.986667e+00 3.817579e-04
2.986667e+00 2.992500e+00 2.998333e+00 3.723951e-04
2.998333e+00 3.004167e+00 3.010000e+00 3.632587e-04
3.010000e+00 3.015833e+00 3.021667e+00 3.543434e-04
3.021667e+00 3.027500e+00 3.033333e+00 3.456440e-04
3.033333e+00 3.039167e+00 3.045000e+00 3.371554e-04
3.045000e+00 3.050833e+00 3.056667e+00 3.288725e-04
3.056667e+00 3.062500e+00 3.068333e+00 3.207905e-04
3.068333e+00 3.074167e+00 3.080000e+00 3.129047e-04
3.080000e+00 3.085833e+00 3.091667e+00 3.052103e-04
3.091667e+00 3.097500e+00 3.103333e+00 2.977029e-04
3.103333e+00 3.109167e+00 3.115000e+00 2.903779e-04
3.115000e+00 3.120833e+00 3.126667e+00 2.832310e-04
3.126667e+00 3.132500e+00 3.138333e+00 2.762580e-04
3.138333e+00 3.144167e+00 3.150000e+00 2.694548e-04
3.150000e+00 3.155833e+00 3.161667e+00 2.628172e-04
3.161667e+00 3.167500e+00 3.173333e+00 2.563413e-04
3.173333e+00 3.179167e+00 3.185000e+00 2.500233e-04
3.185000e+00 3.190833e+00 3.196667e+00 2.438593e-04
3.196667e+00 3.202500e+00 3.208333e+00 2.378458e-04
3.208333e+00 3.214167e+00 3.220000e+00 2.319790e-04
3.220000e+00 3.225833e+00 3.231667e+00 2.262555e-04
3.231667e+00 3.237500e+00 3.243333e+00 2.206717e-04
3.243333e+00 3.249167e+00 3.255000e+00 2.152245e-04
3.255000e+00 3.260833e+00 3.266667e+00 2.099104e-04
3.266667e+00 3.272500e+00 3.278333e+00 2.047263e-04
3.278333e+00 3.284167e+00 3.290000e+00 1.996691e-04
3.290000e+00 3.295833e+00 3.301667e+00 1.947357e-04
3.301667e+00 3.307500e+00 3.313333e+00 1.899230e-04
3.313333e+00 3.319167e+00 3.325000e+00 1.852283e-04
3.325000e+00 3.330833e+00 3.336667e+00 1.806486e-04
3.336667e+00 3.342500e+00 3.348333e+00 1.761812e-04
3.348333e+00 3.354167e+00 3.360000e+00 1.718233e-04
3.360000e+00 3.365833e+00 3.371667e+00 1.675724e-04
3.371667e+00 3.377500e+00 3.383333e+00 1.634258e-04
3.383333e+00 3.389167e+00 3.395000e+00 1.593810e-04
3.395000e+00 3.400833e+00 3.406667e+00 1.554355e-04
3.406667e+00 3.412500e+00 3.418333e+00 1.515869e-04
3.418333e+00 3.424167e+00 3.430000e+00 1.478330e-04
3.430000e+00 3.435833e+00 3.441667e+00 1.441713e-04
3.441667e+00 3.447500e+00 3.453333e+00 1.405997e-04
3.453333e+00 3.459167e+00 3.465000e+00 1.371159e-04
3.465000e+00 3.470833e+00 3.476667e+00 1.337178e-04
3.476667e+00 3.482500e+00 3.488333e+00 1.304034e-04
3.488333e+00 3.494167e+00 3.500000e+00 1.271706e-04
