1.000000e-06 5.834332e-03 1.166766e-02 3.221537e-05
1.166766e-02 1.750099e-02 2.333433e-02 2.667554e-04
2.333433e-02 2.916766e-02 3.500099e-02 6.882675e-04
3.500099e-02 4.083432e-02 4.666765e-02 1.259067e-03
4.666765e-02 5.250099e-02 5.833432e-02 1.948755e-03
5.833432e-02 6.416765e-02 7.000098e-02 2.732134e-03
7.000098e-02 7.583431e-02 8.166764e-02 3.588031e-03
8.166764e-02 8.750097e-02 9.333431e-02 4.498513e-03
9.333431e-02 9.916764e-02 1.050010e-01 5.448322e-03
1.050010e-01 1.108343e-01 1.166676e-01 6.424446e-03
1.166676e-01 1.225010e-01 1.283343e-01 7.415774e-03
1.283343e-01 1.341676e-01 1.400010e-01 8.412827e-03
1.400010e-01 1.458343e-01 1.516676e-01 9.407527e-03
1.516676e-01 1.575010e-01 1.633343e-01 1.039301e-02
1.633343e-01 1.691676e-01 1.750009e-01 1.136347e-02
1.750009e-01 1.808343e-01 1.866676e-01 1.231401e-02
1.866676e-01 1.925009e-01 1.983343e-01 1.324054e-02
1.983343e-01 2.041676e-01 2.100009e-01 1.413968e-02
2.100009e-01 2.158343e-01 2.216676e-01 1.500864e-02
2.216676e-01 2.275009e-01 2.333343e-01 1.584519e-02
2.333343e-01 2.391676e-01 2.450009e-01 1.664756e-02
2.450009e-01 2.508343e-01 2.566676e-01 1.741438e-02
2.566676e-01 2.625009e-01 2.683343e-01 1.814467e-02
2.683343e-01 2.741676e-01 2.800009e-01 1.883772e-02
2.800009e-01 2.858343e-01 2.916676e-01 1.949314e-02
2.916676e-01 2.975009e-01 3.033342e-01 2.011075e-02
3.033342e-01 3.091676e-01 3.150009e-01 2.069058e-02
3.150009e-01 3.208342e-01 3.266676e-01 2.123285e-02
3.266676e-01 3.325009e-01 3.383342e-01 2.173793e-02
3.383342e-01 3.441676e-01 3.500009e-01 2.220631e-02
3.500009e-01 3.558342e-01 3.616676e-01 2.263861e-02
3.616676e-01 3.675009e-01 3.733342e-01 2.303554e-02
3.733342e-01 3.791676e-01 3.850009e-01 2.339789e-02
3.850009e-01 3.908342e-01 3.966676e-01 2.372651e-02
3.966676e-01 4.025009e-01 4.083342e-01 2.402231e-02
4.083342e-01 4.141675e-01 4.200009e-01 2.428626e-02
4.200009e-01 4.258342e-01 4.316675e-01 2.451934e-02
4.316675e-01 4.375009e-01 4.433342e-01 2.472256e-02
4.433342e-01 4.491675e-01 4.550009e-01 2.489696e-02
4.550009e-01 4.608342e-01 4.666675e-01 2.504359e-02
4.666675e-01 4.725009e-01 4.783342e-01 2.516349e-02
4.783342e-01 4.841675e-01 4.900009e-01 2.525773e-02
4.900009e-01 4.958342e-01 5.016675e-01 2.532734e-02
5.016675e-01 5.075009e-01 5.133342e-01 2.537339e-02
5.133342e-01 5.191675e-01 5.250008e-01 2.539689e-02
5.250008e-01 5.308342e-01 5.366675e-01 2.539888e-02
5.366675e-01 5.425008e-01 5.483342e-01 2.538034e-02
5.483342e-01 5.541675e-01 5.600008e-01 2.534228e-02
5.600008e-01 5.658342e-01 5.716675e-01 2.528566e-02
5.716675e-01 5.775008e-01 5.833342e-01 2.521143e-02
5.833342e-01 5.891675e-01 5.950008e-01 2.512050e-02
5.950008e-01 6.008342e-01 6.066675e-01 2.501378e-02
6.066675e-01 6.125008e-01 6.183342e-01 2.489215e-02
6.183342e-01 6.241675e-01 6.300008e-01 2.475646e-02
6.300008e-01 6.358342e-01 6.416675e-01 2.460753e-02
6.416675e-01 6.475008e-01 6.533341e-01 2.444617e-02
6.533341e-01 6.591675e-01 6.650008e-01 2.427315e-02
6.650008e-01 6.708341e-01 6.766675e-01 2.408922e-02
6.766675e-01 6.825008e-01 6.883341e-01 2.389511e-02
6.883341e-01 6.941675e-01 7.000008e-01 2.369151e-02
7.000008e-01 7.058341e-01 7.116675e-01 2.347910e-02
7.116675e-01 7.175008e-01 7.233341e-01 2.325852e-02
7.233341e-01 7.291675e-01 7.350008e-01 2.303040e-02
7.350008e-01 7.408341e-01 7.466675e-01 2.279534e-02
7.466675e-01 7.525008e-01 7.583341e-01 2.255391e-02
7.583341e-01 7.641674e-01 7.700008e-01 2.230667e-02
7.700008e-01 7.758341e-01 7.816674e-01 2.205414e-02
7.816674e-01 7.875008e-01 7.933341e-01 2.179682e-02
7.933341e-01 7.991674e-01 8.050008e-01 2.153521e-02
8.050008e-01 8.108341e-01 8.166674e-01 2.126976e-02
8.166674e-01 8.225008e-01 8.283341e-01 2.100092e-02
8.283341e-01 8.341674e-01 8.400008e-01 2.072911e-02
8.400008e-01 8.458341e-01 8.516674e-01 2.045472e-02
8.516674e-01 8.575008e-01 8.633341e-01 2.017815e-02
8.633341e-01 8.691674e-01 8.750007e-01 1.989975e-02
8.750007e-01 8.808341e-01 8.866674e-01 1.961987e-02
8.866674e-01 8.925007e-01 8.983341e-01 1.933883e-02
8.983341e-01 9.041674e-01 9.100007e-01 1.905696e-02
9.100007e-01 9.158341e-01 9.216674e-01 1.877455e-02
9.216674e-01 9.275007e-01 9.333341e-01 1.849187e-02
9.333341e-01 9.391674e-01 9.450007e-01 1.820919e-02
9.450007e-01 9.508341e-01 9.566674e-01 1.792676e-02
9.566674e-01 9.625007e-01 9.683341e-01 1.764481e-02
9.683341e-01 9.741674e-01 9.800007e-01 1.736357e-02
9.800007e-01 9.858341e-01 9.916674e-01 1.708325e-02
9.916674e-01 9.975007e-01 1.003334e+00 1.680404e-02
1.003334e+00 1.009167e+00 1.015001e+00 1.652613e-02
1.015001e+00 1.020834e+00 1.026667e+00 1.624969e-02
1.026667e+00 1.032501e+00 1.038334e+00 1.597488e-02
1.038334e+00 1.044167e+00 1.050001e+00 1.570186e-02
1.050001e+00 1.055834e+00 1.061667e+00 1.543076e-02
1.061667e+00 1.067501e+00 1.073334e+00 1.516172e-02
1.073334e+00 1.079167e+00 1.085001e+00 1.489486e-02
1.085001e+00 1.090834e+00 1.096667e+00 1.463029e-02
1.096667e+00 1.102501e+00 1.108334e+00 1.436811e-02
1.108334e+00 1.114167e+00 1.120001e+00 1.410843e-02
1.120001e+00 1.125834e+00 1.131667e+00 1.385133e-02
1.131667e+00 1.137501e+00 1.143334e+00 1.359689e-02
1.143334e+00 1.149167e+00 1.155001e+00 1.334519e-02
1.155001e+00 1.160834e+00 1.166667e+00 1.309630e-02
1.166667e+00 1.172501e+00 1.178334e+00 1.285026e-02
1.178334e+00 1.184167e+00 1.190001e+00 1.260715e-02
1.190001e+00 1.195834e+00 1.201667e+00 1.236701e-02
1.201667e+00 1.207501e+00 1.213334e+00 1.212988e-02
1.213334e+00 1.219167e+00 1.225001e+00 1.189579e-02
1.225001e+00 1.230834e+00 1.236667e+00 1.166480e-02
1.236667e+00 1.242501e+00 1.248334e+00 1.143691e-02
1.248334e+00 1.254167e+00 1.260001e+00 1.121216e-02
1.260001e+00 1.265834e+00 1.271667e+00 1.099056e-02
1.271667e+00 1.277501e+00 1.283334e+00 1.077213e-02
1.283334e+00 1.289167e+00 1.295001e+00 1.055689e-02
1.295001e+00 1.300834e+00 1.306667e+00 1.034483e-02
1.306667e+00 1.312501e+00 1.318334e+00 1.013597e-02
1.318334e+00 1.324167e+00 1.330001e+00 9.930305e-03
1.330001e+00 1.335834e+00 1.341667e+00 9.727835e-03
1.341667e+00 1.347501e+00 1.353334e+00 9.528556e-03
1.353334e+00 1.359167e+00 1.365001e+00 9.332460e-03
1.365001e+00 1.370834e+00 1.376667e+00 9.139537e-03
1.376667e+00 1.382501e+00 1.388334e+00 8.949776e-03
1.388334e+00 1.394167e+00 1.400001e+00 8.763163e-03
1.400001e+00 1.405834e+00 1.411667e+00 8.579681e-03
1.411667e+00 1.417501e+00 1.423334e+00 8.399312e-03
1.423334e+00 1.429167e+00 1.435001e+00 8.222037e-03
1.435001e+00 1.440834e+00 1.446667e+00 8.047833e-03
1.446667e+00 1.452501e+00 1.458334e+00 7.876678e-03
1.458334e+00 1.464167e+00 1.470001e+00 7.708547e-03
1.470001e+00 1.475834e+00 1.481667e+00 7.543413e-03
1.481667e+00 1.487501e+00 1.493334e+00 7.381251e-03
1.493334e+00 1.499167e+00 1.505001e+00 7.222030e-03
1.505001e+00 1.510834e+00 1.516667e+00 7.065723e-03
1.516667e+00 1.522501e+00 1.528334e+00 6.912299e-03
1.528334e+00 1.534167e+00 1.540001e+00 6.761727e-03
1.540001e+00 1.545834e+00 1.551667e+00 6.613974e-03
1.551667e+00 1.557501e+00 1.563334e+00 6.469009e-03
1.563334e+00 1.569167e+00 1.575001e+00 6.326797e-03
1.575001e+00 1.580834e+00 1.586667e+00 6.187305e-03
1.586667e+00 1.592501e+00 1.598334e+00 6.050499e-03
1.598334e+00 1.604167e+00 1.610001e+00 5.916344e-03
1.610001e+00 1.615834e+00 1.621667e+00 5.784805e-03
1.621667e+00 1.627501e+00 1.633334e+00 5.655846e-03
1.633334e+00 1.639167e+00 1.645001e+00 5.529431e-03
1.645001e+00 1.650834e+00 1.656667e+00 5.405525e-03
1.656667e+00 1.662501e+00 1.668334e+00 5.284091e-03
1.668334e+00 1.674167e+00 1.680001e+00 5.165093e-03
1.680001e+00 1.685834e+00 1.691667e+00 5.048495e-03
1.691667e+00 1.697501e+00 1.703334e+00 4.934260e-03
1.703334e+00 1.709167e+00 1.715001e+00 4.822352e-03
1.715001e+00 1.720834e+00 1.726667e+00 4.712735e-03
1.726667e+00 1.732501e+00 1.738334e+00 4.605371e-03
1.738334e+00 1.744167e+00 1.750000e+00 4.500225e-03
1.750000e+00 1.755834e+00 1.761667e+00 4.397261e-03
1.761667e+00 1.767500e+00 1.773334e+00 4.296443e-03
1.773334e+00 1.779167e+00 1.785000e+00 4.197734e-03
1.785000e+00 1.790834e+00 1.796667e+00 4.101100e-03
1.796667e+00 1.802500e+00 1.808334e+00 4.006504e-03
1.808334e+00 1.814167e+00 1.820000e+00 3.913912e-03
1.820000e+00 1.825834e+00 1.831667e+00 3.823289e-03
1.831667e+00 1.837500e+00 1.843334e+00 3.734599e-03
1.843334e+00 1.849167e+00 1.855000e+00 3.647809e-03
1.855000e+00 1.860834e+00 1.866667e+00 3.562885e-03
1.866667e+00 1.872500e+00 1.878334e+00 3.479792e-03
1.878334e+00 1.884167e+00 1.890000e+00 3.398497e-03
1.890000e+00 1.895834e+00 1.901667e+00 3.318968e-03
1.901667e+00 1.907500e+00 1.913334e+00 3.241171e-03
1.913334e+00 1.919167e+00 1.925000e+00 3.165074e-03
1.925000e+00 1.930834e+00 1.936667e+00 3.090644e-03
1.936667e+00 1.942500e+00 1.948334e+00 3.017852e-03
1.948334e+00 1.954167e+00 1.960000e+00 2.946664e-03
1.960000e+00 1.965834e+00 1.971667e+00 2.877051e-03
1.971667e+00 1.977500e+00 1.983334e+00 2.808981e-03
1.983334e+00 1.989167e+00 1.995000e+00 2.742425e-03
1.995000e+00 2.000834e+00 2.006667e+00 2.677353e-03
2.006667e+00 2.012500e+00 2.018334e+00 2.613735e-03
2.018334e+00 2.024167e+00 2.030000e+00 2.551544e-03
2.030000e+00 2.035834e+00 2.041667e+00 2.490750e-03
2.041667e+00 2.047500e+00 2.053334e+00 2.431326e-03
2.053334e+00 2.059167e+00 2.065000e+00 2.373243e-03
2.065000e+00 2.070834e+00 2.076667e+00 2.316475e-03
2.076667e+00 2.082500e+00 2.088334e+00 2.260995e-03
2.088334e+00 2.094167e+00 2.100000e+00 2.206776e-03
2.100000e+00 2.105834e+00 2.111667e+00 2.153793e-03
2.111667e+00 2.117500e+00 2.123334e+00 2.102021e-03
2.123334e+00 2.129167e+00 2.135000e+00 2.051433e-03
2.135000e+00 2.140834e+00 2.146667e+00 2.002005e-03
2.146667e+00 2.152500e+00 2.158334e+00 1.953713e-03
2.158334e+00 2.164167e+00 2.170000e+00 1.906534e-03
2.170000e+00 2.175834e+00 2.181667e+00 1.860443e-03
2.181667e+00 2.187500e+00 2.193334e+00 1.815418e-03
2.193334e+00 2.199167e+00 2.205000e+00 1.771435e-03
2.205000e+00 2.210834e+00 2.216667e+00 1.728474e-03
2.216667e+00 2.222500e+00 2.228334e+00 1.686511e-03
2.228334e+00 2.234167e+00 2.240000e+00 1.645525e-03
2.240000e+00 2.245834e+00 2.251667e+00 1.605496e-03
2.251667e+00 2.257500e+00 2.263334e+00 1.566402e-03
2.263334e+00 2.269167e+00 2.275000e+00 1.528224e-03
2.275000e+00 2.280834e+00 2.286667e+00 1.490941e-03
2.286667e+00 2.292500e+00 2.298334e+00 1.454533e-03
2.298334e+00 2.304167e+00 2.310000e+00 1.418983e-03
2.310000e+00 2.315834e+00 2.321667e+00 1.384269e-03
2.321667e+00 2.327500e+00 2.333334e+00 1.350375e-03
2.333334e+00 2.339167e+00 2.345000e+00 1.317283e-03
2.345000e+00 2.350834e+00 2.356667e+00 1.284973e-03
2.356667e+00 2.362500e+00 2.368334e+00 1.253429e-03
2.368334e+00 2.374167e+00 2.380000e+00 1.222635e-03
2.380000e+00 2.385834e+00 2.391667e+00 1.192572e-03
2.391667e+00 2.397500e+00 2.403334e+00 1.163225e-03
2.403334e+00 2.409167e+00 2.415000e+00 1.134577e-03
2.415000e+00 2.420834e+00 2.426667e+00 1.106614e-03
2.426667e+00 2.432500e+00 2.438334e+00 1.079318e-03
2.438334e+00 2.444167e+00 2.450000e+00 1.052676e-03
2.450000e+00 2.455834e+00 2.461667e+00 1.026672e-03
2.461667e+00 2.467500e+00 2.473334e+00 1.001292e-03
2.473334e+00 2.479167e+00 2.485000e+00 9.765220e-04
2.485000e+00 2.490834e+00 2.496667e+00 9.523474e-04
2.496667e+00 2.502500e+00 2.508334e+00 9.287549e-04
2.508334e+00 2.514167e+00 2.520000e+00 9.057312e-04
2.520000e+00 2.525834e+00 2.531667e+00 8.832631e-04
2.531667e+00 2.537500e+00 2.543334e+00 8.613378e-04
2.543334e+00 2.549167e+00 2.555000e+00 8.399428e-04
2.555000e+00 2.560834e+00 2.566667e+00 8.190659e-04
2.566667e+00 2.572500e+00 2.578334e+00 7.986950e-04
2.578334e+00 2.584167e+00 2.590000e+00 7.788183e-04
2.590000e+00 2.595834e+00 2.601667e+00 7.594245e-04
2.601667e+00 2.607500e+00 2.613334e+00 7.405022e-04
2.613334e+00 2.619167e+00 2.625000e+00 7.220405e-04
2.625000e+00 2.630834e+00 2.636667e+00 7.040285e-04
2.636667e+00 2.642500e+00 2.648334e+00 6.864557e-04
2.648334e+00 2.654167e+00 2.660000e+00 6.693118e-04
2.660000e+00 2.665834e+00 2.671667e+00 6.525868e-04
2.671667e+00 2.677500e+00 2.683334e+00 6.362708e-04
2.683334e+00 2.689167e+00 2.695000e+00 6.203541e-04
2.695000e+00 2.700834e+00 2.706667e+00 6.048273e-04
2.706667e+00 2.712500e+00 2.718334e+00 5.896813e-04
2.718334e+00 2.724167e+00 2.730000e+00 5.749069e-04
2.730000e+00 2.735834e+00 2.741667e+00 5.604953e-04
2.741667e+00 2.747500e+00 2.753334e+00 5.464380e-04
2.753334e+00 2.759167e+00 2.765000e+00 5.327265e-04
2.765000e+00 2.770834e+00 2.776667e+00 5.193526e-04
2.776667e+00 2.782500e+00 2.788334e+00 5.063083e-04
2.788334e+00 2.794167e+00 2.800000e+00 4.935855e-04
2.800000e+00 2.805834e+00 2.811667e+00 4.811768e-04
2.811667e+00 2.817500e+00 2.823334e+00 4.690745e-04
2.823334e+00 2.829167e+00 2.835000e+00 4.572713e-04
2.835000e+00 2.840834e+00 2.846667e+00 4.457601e-04
2.846667e+00 2.852500e+00 2.858334e+00 4.345337e-04
2.858334e+00 2.864167e+00 2.870000e+00 4.235854e-04
2.870000e+00 2.875834e+00 2.881667e+00 4.129084e-04
2.881667e+00 2.887500e+00 2.893334e+00 4.024963e-04
2.893334e+00 2.899167e+00 2.905000e+00 3.923426e-04
2.905000e+00 2.910834e+00 2.916667e+00 3.824410e-04
2.916667e+00 2.922500e+00 2.928333e+00 3.727856e-04
2.928333e+00 2.934167e+00 2.940000e+00 3.633702e-04
2.940000e+00 2.945833e+00 2.951667e+00 3.541891e-04
2.951667e+00 2.957500e+00 2.963333e+00 3.452366e-04
2.963333e+00 2.969167e+00 2.975000e+00 3.365071e-04
2.975000e+00 2.980833e+00 2.986667e+00 3.279953e-04
2.986667e+00 2.992500e+00 2.998333e+00 3.196958e-04
2.998333e+00 3.004167e+00 3.010000e+00 3.116034e-04
3.010000e+00 3.015833e+00 3.021667e+00 3.037131e-04
3.021667e+00 3.027500e+00 3.033333e+00 2.960200e-04
3.033333e+00 3.039167e+00 3.045000e+00 2.885192e-04
3.045000e+00 3.050833e+00 3.056667e+00 2.812060e-04
3.056667e+00 3.062500e+00 3.068333e+00 2.740758e-04
3.068333e+00 3.074167e+00 3.080000e+00 2.671242e-04
3.080000e+00 3.085833e+00 3.091667e+00 2.603468e-04
3.091667e+00 3.097500e+00 3.103333e+00 2.537393e-04
3.103333e+00 3.109167e+00 3.115000e+00 2.472974e-04
3.115000e+00 3.120833e+00 3.126667e+00 2.410172e-04
3.126667e+00 3.132500e+00 3.138333e+00 2.348947e-04
3.138333e+00 3.144167e+00 3.150000e+00 2.289260e-04
3.150000e+00 3.155833e+00 3.161667e+00 2.231072e-04
3.161667e+00 3.167500e+00 3.173333e+00 2.174348e-04
3.173333e+00 3.179167e+00 3.185000e+00 2.119050e-04
3.185000e+00 3.190833e+00 3.196667e+00 2.065143e-04
3.196667e+00 3.202500e+00 3.208333e+00 2.012594e-04
3.208333e+00 3.214167e+00 3.220000e+00 1.961368e-04
3.220000e+00 3.225833e+00 3.231667e+00 1.911433e-04
3.231667e+00 3.237500e+00 3.243333e+00 1.862757e-04
3.243333e+00 3.249167e+00 3.255000e+00 1.815308e-04
3.255000e+00 3.260833e+00 3.266667e+00 1.769057e-04
3.266667e+00 3.272500e+00 3.278333e+00 1.723972e-04
3.278333e+00 3.284167e+00 3.290000e+00 1.680026e-04
3.290000e+00 3.295833e+00 3.301667e+00 1.637191e-04
3.301667e+00 3.307500e+00 3.313333e+00 1.595437e-04
3.313333e+00 3.319167e+00 3.325000e+00 1.554739e-04
3.325000e+00 3.330833e+00 3.336667e+00 1.515070e-04
3.336667e+00 3.342500e+00 3.348333e+00 1.476405e-04
3.348333e+00 3.354167e+00 3.360000e+00 1.438719e-04
3.360000e+00 3.365833e+00 3.371667e+00 1.401986e-04
3.371667e+00 3.377500e+00 3.383333e+00 1.366184e-04
3.383333e+00 3.389167e+00 3.395000e+00 1.331288e-04
3.395000e+00 3.400833e+00 3.406667e+00 1.297277e-04
3.406667e+00 3.412500e+00 3.418333e+00 1.264128e-04
3.418333e+00 3.424167e+00 3.430000e+00 1.231820e-04
3.430000e+00 3.435833e+00 3.441667e+00 1.200332e-04
3.441667e+00 3.447500e+00 3.453333e+00 1.169642e-04
3.453333e+00 3.459167e+00 3.465000e+00 1.139732e-04
3.465000e+00 3.470833e+00 3.476667e+00 1.110581e-04
3.476667e+00 3.482500e+00 3.488333e+00 1.082171e-04
3.488333e+00 3.494167e+00 3.500000e+00 1.054482e-04
