1.000000e-06 5.834332e-03 1.166766e-02 3.247199e-05
1.166766e-02 1.750099e-02 2.333433e-02 2.708167e-04
2.333433e-02 2.916766e-02 3.500099e-02 7.019279e-04
3.500099e-02 4.083432e-02 4.666765e-02 1.288267e-03
4.666765e-02 5.250099e-02 5.833432e-02 1.998862e-03
5.833432e-02 6.416765e-02 7.000098e-02 2.807643e-03
7.000098e-02 7.583431e-02 8.166764e-02 3.692443e-03
8.166764e-02 8.750097e-02 9.333431e-02 4.634322e-03
9.333431e-02 9.916764e-02 1.050010e-01 5.617047e-03
1.050010e-01 1.108343e-01 1.166676e-01 6.626696e-03
1.166676e-01 1.225010e-01 1.283343e-01 7.651331e-03
1.283343e-01 1.341676e-01 1.400010e-01 8.680732e-03
1.400010e-01 1.458343e-01 1.516676e-01 9.706171e-03
1.516676e-01 1.575010e-01 1.633343e-01 1.072022e-02
1.633343e-01 1.691676e-01 1.750009e-01 1.171661e-02
1.750009e-01 1.808343e-01 1.866676e-01 1.269003e-02
1.866676e-01 1.925009e-01 1.983343e-01 1.363609e-02
1.983343e-01 2.041676e-01 2.100009e-01 1.455114e-02
2.100009e-01 2.158343e-01 2.216676e-01 1.543221e-02
2.216676e-01 2.275009e-01 2.333343e-01 1.627694e-02
2.333343e-01 2.391676e-01 2.450009e-01 1.708347e-02
2.450009e-01 2.508343e-01 2.566676e-01 1.785041e-02
2.566676e-01 2.625009e-01 2.683343e-01 1.857676e-02
2.683343e-01 2.741676e-01 2.800009e-01 1.926188e-02
2.800009e-01 2.858343e-01 2.916676e-01 1.990542e-02
2.916676e-01 2.975009e-01 3.033342e-01 2.050730e-02
3.033342e-01 3.091676e-01 3.150009e-01 2.106769e-02
3.150009e-01 3.208342e-01 3.266676e-01 2.158693e-02
3.266676e-01 3.325009e-01 3.383342e-01 2.206554e-02
3.383342e-01 3.441676e-01 3.500009e-01 2.250420e-02
3.500009e-01 3.558342e-01 3.616676e-01 2.290368e-02
3.616676e-01 3.675009e-01 3.733342e-01 2.326490e-02
3.733342e-01 3.791676e-01 3.850009e-01 2.358882e-02
3.850009e-01 3.908342e-01 3.966676e-01 2.387649e-02
3.966676e-01 4.025009e-01 4.083342e-01 2.412903e-02
4.083342e-01 4.141675e-01 4.200009e-01 2.434759e-02
4.200009e-01 4.258342e-01 4.316675e-01 2.453335e-02
4.316675e-01 4.375009e-01 4.433342e-01 2.468753e-02
4.433342e-01 4.491675e-01 4.550009e-01 2.481135e-02
4.550009e-01 4.608342e-01 4.666675e-01 2.490604e-02
4.666675e-01 4.725009e-01 4.783342e-01 2.497284e-02
4.783342e-01 4.841675e-01 4.900009e-01 2.501300e-02
4.900009e-01 4.958342e-01 5.016675e-01 2.502772e-02
5.016675e-01 5.075009e-01 5.133342e-01 2.501823e-02
5.133342e-01 5.191675e-01 5.250008e-01 2.498571e-02
5.250008e-01 5.308342e-01 5.366675e-01 2.493135e-02
5.366675e-01 5.425008e-01 5.483342e-01 2.485629e-02
5.483342e-01 5.541675e-01 5.600008e-01 2.476167e-02
5.600008e-01 5.658342e-01 5.716675e-01 2.464859e-02
5.716675e-01 5.775008e-01 5.833342e-01 2.451812e-02
5.833342e-01 5.891675e-01 5.950008e-01 2.437130e-02
5.950008e-01 6.008342e-01 6.066675e-01 2.420915e-02
6.066675e-01 6.125008e-01 6.183342e-01 2.403266e-02
6.183342e-01 6.241675e-01 6.300008e-01 2.384277e-02
6.300008e-01 6.358342e-01 6.416675e-01 2.364040e-02
6.416675e-01 6.475008e-01 6.533341e-01 2.342644e-02
6.533341e-01 6.591675e-01 6.650008e-01 2.320175e-02
6.650008e-01 6.708341e-01 6.766675e-01 2.296715e-02
6.766675e-01 6.825008e-01 6.883341e-01 2.272342e-02
6.883341e-01 6.941675e-01 7.000008e-01 2.247134e-02
7.000008e-01 7.058341e-01 7.116675e-01 2.221163e-02
7.116675e-01 7.175008e-01 7.233341e-01 2.194498e-02
7.233341e-01 7.291675e-01 7.350008e-01 2.167206e-02
7.350008e-01 7.408341e-01 7.466675e-01 2.139352e-02
7.466675e-01 7.525008e-01 7.583341e-01 2.110996e-02
7.583341e-01 7.641674e-01 7.700008e-01 2.082197e-02
7.700008e-01 7.758341e-01 7.816674e-01 2.053009e-02
7.816674e-01 7.875008e-01 7.933341e-01 2.023486e-02
7.933341e-01 7.991674e-01 8.050008e-01 1.993677e-02
8.050008e-01 8.108341e-01 8.166674e-01 1.963631e-02
8.166674e-01 8.225008e-01 8.283341e-01 1.933391e-02
8.283341e-01 8.341674e-01 8.400008e-01 1.903002e-02
8.400008e-01 8.458341e-01 8.516674e-01 1.872504e-02
8.516674e-01 8.575008e-01 8.633341e-01 1.841934e-02
8.633341e-01 8.691674e-01 8.750007e-01 1.811329e-02
8.750007e-01 8.808341e-01 8.866674e-01 1.780723e-02
8.866674e-01 8.925007e-01 8.983341e-01 1.750148e-02
8.983341e-01 9.041674e-01 9.100007e-01 1.719634e-02
9.100007e-01 9.158341e-01 9.216674e-01 1.689210e-02
9.216674e-01 9.275007e-01 9.333341e-01 1.658901e-02
9.333341e-01 9.391674e-01 9.450007e-01 1.628733e-02
9.450007e-01 9.508341e-01 9.566674e-01 1.598729e-02
9.566674e-01 9.625007e-01 9.683341e-01 1.568910e-02
9.683341e-01 9.741674e-01 9.800007e-01 1.539297e-02
9.800007e-01 9.858341e-01 9.916674e-01 1.509909e-02
9.916674e-01 9.975007e-01 1.003334e+00 1.480762e-02
1.003334e+00 1.009167e+00 1.015001e+00 1.451873e-02
1.015001e+00 1.020834e+00 1.026667e+00 1.423256e-02
1.026667e+00 1.032501e+00 1.038334e+00 1.394925e-02
1.038334e+00 1.044167e+00 1.050001e+00 1.366892e-02
1.050001e+00 1.055834e+00 1.061667e+00 1.339170e-02
1.061667e+00 1.067501e+00 1.073334e+00 1.311767e-02
1.073334e+00 1.079167e+00 1.085001e+00 1.284694e-02
1.085001e+00 1.090834e+00 1.096667e+00 1.257959e-02
1.096667e+00 1.102501e+00 1.108334e+00 1.231569e-02
1.108334e+00 1.114167e+00 1.120001e+00 1.205531e-02
1.120001e+00 1.125834e+00 1.131667e+00 1.179851e-02
1.131667e+00 1.137501e+00 1.143334e+00 1.154535e-02
1.143334e+00 1.149167e+00 1.155001e+00 1.129585e-02
1.155001e+00 1.160834e+00 1.166667e+00 1.105007e-02
1.166667e+00 1.172501e+00 1.178334e+00 1.080804e-02
1.178334e+00 1.184167e+00 1.190001e+00 1.056977e-02
1.190001e+00 1.195834e+00 1.201667e+00 1.033529e-02
1.201667e+00 1.207501e+00 1.213334e+00 1.010461e-02
1.213334e+00 1.219167e+00 1.225001e+00 9.877738e-03
1.225001e+00 1.230834e+00 1.236667e+00 9.654684e-03
1.236667e+00 1.242501e+00 1.248334e+00 9.435445e-03
1.248334e+00 1.254167e+00 1.260001e+00 9.220015e-03
1.260001e+00 1.265834e+00 1.271667e+00 9.008388e-03
1.271667e+00 1.277501e+00 1.283334e+00 8.800551e-03
1.283334e+00 1.289167e+00 1.295001e+00 8.596488e-03
1.295001e+00 1.300834e+00 1.306667e+00 8.396182e-03
1.306667e+00 1.312501e+00 1.318334e+00 8.199610e-03
1.318334e+00 1.324167e+00 1.330001e+00 8.006749e-03
1.330001e+00 1.335834e+00 1.341667e+00 7.817571e-03
1.341667e+00 1.347501e+00 1.353334e+00 7.632048e-03
1.353334e+00 1.359167e+00 1.365001e+00 7.450148e-03
1.365001e+00 1.370834e+00 1.376667e+00 7.271837e-03
1.376667e+00 1.382501e+00 1.388334e+00 7.097082e-03
1.388334e+00 1.394167e+00 1.400001e+00 6.925845e-03
1.400001e+00 1.405834e+00 1.411667e+00 6.758087e-03
1.411667e+00 1.417501e+00 1.423334e+00 6.593770e-03
1.423334e+00 1.429167e+00 1.435001e+00 6.432851e-03
1.435001e+00 1.440834e+00 1.446667e+00 6.275289e-03
1.446667e+00 1.452501e+00 1.458334e+00 6.121041e-03
1.458334e+00 1.464167e+00 1.470001e+00 5.970062e-03
1.470001e+00 1.475834e+00 1.481667e+00 5.822308e-03
1.481667e+00 1.487501e+00 1.493334e+00 5.677733e-03
1.493334e+00 1.499167e+00 1.505001e+00 5.536292e-03
1.505001e+00 1.510834e+00 1.516667e+00 5.397937e-03
1.516667e+00 1.522501e+00 1.528334e+00 5.262622e-03
1.528334e+00 1.534167e+00 1.540001e+00 5.130298e-03
1.540001e+00 1.545834e+00 1.551667e+00 5.000920e-03
1.551667e+00 1.557501e+00 1.563334e+00 4.874437e-03
1.563334e+00 1.569167e+00 1.575001e+00 4.750804e-03
1.575001e+00 1.580834e+00 1.586667e+00 4.629971e-03
1.586667e+00 1.592501e+00 1.598334e+00 4.511890e-03
1.598334e+00 1.604167e+00 1.610001e+00 4.396514e-03
1.610001e+00 1.615834e+00 1.621667e+00 4.283795e-03
1.621667e+00 1.627501e+00 1.633334e+00 4.173684e-03
1.633334e+00 1.639167e+00 1.645001e+00 4.066135e-03
1.645001e+00 1.650834e+00 1.656667e+00 3.961100e-03
1.656667e+00 1.662501e+00 1.668334e+00 3.858531e-03
1.668334e+00 1.674167e+00 1.680001e+00 3.758383e-03
1.680001e+00 1.685834e+00 1.691667e+00 3.660608e-03
1.691667e+00 1.697501e+00 1.703334e+00 3.565161e-03
1.703334e+00 1.709167e+00 1.715001e+00 3.471996e-03
1.715001e+00 1.720834e+00 1.726667e+00 3.381067e-03
1.726667e+00 1.732501e+00 1.738334e+00 3.292331e-03
1.738334e+00 1.744167e+00 1.750000e+00 3.205742e-03
1.750000e+00 1.755834e+00 1.761667e+00 3.121257e-03
1.761667e+00 1.767500e+00 1.773334e+00 3.038832e-03
1.773334e+00 1.779167e+00 1.785000e+00 2.958424e-03
1.785000e+00 1.790834e+00 1.796667e+00 2.879992e-03
1.796667e+00 1.802500e+00 1.808334e+00 2.803494e-03
1.808334e+00 1.814167e+00 1.820000e+00 2.728888e-03
1.820000e+00 1.825834e+00 1.831667e+00 2.656133e-03
1.831667e+00 1.837500e+00 1.843334e+00 2.585191e-03
1.843334e+00 1.849167e+00 1.855000e+00 2.516021e-03
1.855000e+00 1.860834e+00 1.866667e+00 2.448584e-03
1.866667e+00 1.872500e+00 1.878334e+00 2.382842e-03
1.878334e+00 1.884167e+00 1.890000e+00 2.318758e-03
1.890000e+00 1.895834e+00 1.901667e+00 2.256295e-03
1.901667e+00 1.907500e+00 1.913334e+00 2.195415e-03
1.913334e+00 1.919167e+00 1.925000e+00 2.136084e-03
1.925000e+00 1.930834e+00 1.936667e+00 2.078266e-03
1.936667e+00 1.942500e+00 1.948334e+00 2.021926e-03
1.948334e+00 1.954167e+00 1.960000e+00 1.967031e-03
1.960000e+00 1.965834e+00 1.971667e+00 1.913547e-03
1.971667e+00 1.977500e+00 1.983334e+00 1.861441e-03
1.983334e+00 1.989167e+00 1.995000e+00 1.810681e-03
1.995000e+00 2.000834e+00 2.006667e+00 1.761235e-03
2.006667e+00 2.012500e+00 2.018334e+00 1.713073e-03
2.018334e+00 2.024167e+00 2.030000e+00 1.666164e-03
2.030000e+00 2.035834e+00 2.041667e+00 1.620479e-03
2.041667e+00 2.047500e+00 2.053334e+00 1.575987e-03
2.053334e+00 2.059167e+00 2.065000e+00 1.532661e-03
2.065000e+00 2.070834e+00 2.076667e+00 1.490472e-03
2.076667e+00 2.082500e+00 2.088334e+00 1.449392e-03
2.088334e+00 2.094167e+00 2.100000e+00 1.409396e-03
2.100000e+00 2.105834e+00 2.111667e+00 1.370456e-03
2.111667e+00 2.117500e+00 2.123334e+00 1.332546e-03
2.123334e+00 2.129167e+00 2.135000e+00 1.295642e-03
2.135000e+00 2.140834e+00 2.146667e+00 1.259719e-03
2.146667e+00 2.152500e+00 2.158334e+00 1.224751e-03
2.158334e+00 2.164167e+00 2.170000e+00 1.190716e-03
2.170000e+00 2.175834e+00 2.181667e+00 1.157590e-03
2.181667e+00 2.187500e+00 2.193334e+00 1.125351e-03
2.193334e+00 2.199167e+00 2.205000e+00 1.093977e-03
2.205000e+00 2.210834e+00 2.216667e+00 1.063444e-03
2.216667e+00 2.222500e+00 2.228334e+00 1.033734e-03
2.228334e+00 2.234167e+00 2.240000e+00 1.004823e-03
2.240000e+00 2.245834e+00 2.251667e+00 9.766935e-04
2.251667e+00 2.257500e+00 2.263334e+00 9.493240e-04
2.263334e+00 2.269167e+00 2.275000e+00 9.226956e-04
2.275000e+00 2.280834e+00 2.286667e+00 8.967893e-04
2.286667e+00 2.292500e+00 2.298334e+00 8.715865e-04
2.298334e+00 2.304167e+00 2.310000e+00 8.470693e-04
2.310000e+00 2.315834e+00 2.321667e+00 8.232198e-04
2.321667e+00 2.327500e+00 2.333334e+00 8.000210e-04
2.333334e+00 2.339167e+00 2.345000e+00 7.774559e-04
2.345000e+00 2.350834e+00 2.356667e+00 7.555080e-04
2.356667e+00 2.362500e+00 2.368334e+00 7.341613e-04
2.368334e+00 2.374167e+00 2.380000e+00 7.134002e-04
2.380000e+00 2.385834e+00 2.391667e+00 6.932092e-04
2.391667e+00 2.397500e+00 2.403334e+00 6.735736e-04
2.403334e+00 2.409167e+00 2.415000e+00 6.544786e-04
2.415000e+00 2.420834e+00 2.426667e+00 6.359101e-04
2.426667e+00 2.432500e+00 2.438334e+00 6.178542e-04
2.438334e+00 2.444167e+00 2.450000e+00 6.002973e-04
2.450000e+00 2.455834e+00 2.461667e+00 5.832262e-04
2.461667e+00 2.467500e+00 2.473334e+00 5.666281e-04
2.473334e+00 2.479167e+00 2.485000e+00 5.504903e-04
2.485000e+00 2.490834e+00 2.496667e+00 5.348007e-04
2.496667e+00 2.502500e+00 2.508334e+00 5.195472e-04
2.508334e+00 2.514167e+00 2.520000e+00 5.047183e-04
2.520000e+00 2.525834e+00 2.531667e+00 4.903024e-04
2.531667e+00 2.537500e+00 2.543334e+00 4.762886e-04
2.543334e+00 2.549167e+00 2.555000e+00 4.626661e-04
2.555000e+00 2.560834e+00 2.566667e+00 4.494243e-04
2.566667e+00 2.572500e+00 2.578334e+00 4.365529e-04
2.578334e+00 2.584167e+00 2.590000e+00 4.240421e-04
2.590000e+00 2.595834e+00 2.601667e+00 4.118819e-04
2.601667e+00 2.607500e+00 2.613334e+00 4.000629e-04
2.613334e+00 2.619167e+00 2.625000e+00 3.885759e-04
2.625000e+00 2.630834e+00 2.636667e+00 3.774118e-04
2.636667e+00 2.642500e+00 2.648334e+00 3.665619e-04
2.648334e+00 2.654167e+00 2.660000e+00 3.560176e-04
2.660000e+00 2.665834e+00 2.671667e+00 3.457705e-04
2.671667e+00 2.677500e+00 2.683334e+00 3.358126e-04
2.683334e+00 2.689167e+00 2.695000e+00 3.261358e-04
2.695000e+00 2.700834e+00 2.706667e+00 3.167326e-04
2.706667e+00 2.712500e+00 2.718334e+00 3.075954e-04
2.718334e+00 2.724167e+00 2.730000e+00 2.987168e-04
2.730000e+00 2.735834e+00 2.741667e+00 2.900899e-04
2.741667e+00 2.747500e+00 2.753334e+00 2.817076e-04
2.753334e+00 2.759167e+00 2.765000e+00 2.735632e-04
2.765000e+00 2.770834e+00 2.776667e+00 2.656501e-04
2.776667e+00 2.782500e+00 2.788334e+00 2.579620e-04
2.788334e+00 2.794167e+00 2.800000e+00 2.504925e-04
2.800000e+00 2.805834e+00 2.811667e+00 2.432358e-04
2.811667e+00 2.817500e+00 2.823334e+00 2.361857e-04
2.823334e+00 2.829167e+00 2.835000e+00 2.293367e-04
2.835000e+00 2.840834e+00 2.846667e+00 2.226831e-04
2.846667e+00 2.852500e+00 2.858334e+00 2.162194e-04
2.858334e+00 2.864167e+00 2.870000e+00 2.099404e-04
2.870000e+00 2.875834e+00 2.881667e+00 2.038410e-04
2.881667e+00 2.887500e+00 2.893334e+00 1.979161e-04
2.893334e+00 2.899167e+00 2.905000e+00 1.921608e-04
2.905000e+00 2.910834e+00 2.916667e+00 1.865703e-04
2.916667e+00 2.922500e+00 2.928333e+00 1.811402e-04
2.928333e+00 2.934167e+00 2.940000e+00 1.758658e-04
2.940000e+00 2.945833e+00 2.951667e+00 1.707428e-04
2.951667e+00 2.957500e+00 2.963333e+00 1.657670e-04
2.963333e+00 2.969167e+00 2.975000e+00 1.609341e-04
2.975000e+00 2.980833e+00 2.986667e+00 1.562403e-04
2.986667e+00 2.992500e+00 2.998333e+00 1.516815e-04
2.998333e+00 3.004167e+00 3.010000e+00 1.472540e-04
3.010000e+00 3.015833e+00 3.021667e+00 1.429540e-04
3.021667e+00 3.027500e+00 3.033333e+00 1.387779e-04
3.033333e+00 3.039167e+00 3.045000e+00 1.347223e-04
3.045000e+00 3.050833e+00 3.056667e+00 1.307838e-04
3.056667e+00 3.062500e+00 3.068333e+00 1.269590e-04
3.068333e+00 3.074167e+00 3.080000e+00 1.232446e-04
3.080000e+00 3.085833e+00 3.091667e+00 1.196376e-04
3.091667e+00 3.097500e+00 3.103333e+00 1.161350e-04
3.103333e+00 3.109167e+00 3.115000e+00 1.127337e-04
3.115000e+00 3.120833e+00 3.126667e+00 1.094308e-04
3.126667e+00 3.132500e+00 3.138333e+00 1.062236e-04
3.138333e+00 3.144167e+00 3.150000e+00 1.031094e-04
3.150000e+00 3.155833e+00 3.161667e+00 1.000854e-04
3.161667e+00 3.167500e+00 3.173333e+00 9.714920e-05
3.173333e+00 3.179167e+00 3.185000e+00 9.429818e-05
3.185000e+00 3.190833e+00 3.196667e+00 9.152994e-05
3.196667e+00 3.202500e+00 3.208333e+00 8.884212e-05
3.208333e+00 3.214167e+00 3.220000e+00 8.623241e-05
3.220000e+00 3.225833e+00 3.231667e+00 8.369857e-05
3.231667e+00 3.237500e+00 3.243333e+00 8.123845e-05
3.243333e+00 3.249167e+00 3.255000e+00 7.884991e-05
3.255000e+00 3.260833e+00 3.266667e+00 7.653092e-05
3.266667e+00 3.272500e+00 3.278333e+00 7.427946e-05
3.278333e+00 3.284167e+00 3.290000e+00 7.209362e-05
3.290000e+00 3.295833e+00 3.301667e+00 6.997149e-05
3.301667e+00 3.307500e+00 3.313333e+00 6.791125e-05
3.313333e+00 3.319167e+00 3.325000e+00 6.591112e-05
3.325000e+00 3.330833e+00 3.336667e+00 6.396936e-05
3.336667e+00 3.342500e+00 3.348333e+00 6.208430e-05
3.348333e+00 3.354167e+00 3.360000e+00 6.025431e-05
3.360000e+00 3.365833e+00 3.371667e+00 5.847778e-05
3.371667e+00 3.377500e+00 3.383333e+00 5.675319e-05
3.383333e+00 3.389167e+00 3.395000e+00 5.507903e-05
3.395000e+00 3.400833e+00 3.406667e+00 5.345385e-05
3.406667e+00 3.412500e+00 3.418333e+00 5.187623e-05
3.418333e+00 3.424167e+00 3.430000e+00 5.034479e-05
3.430000e+00 3.435833e+00 3.441667e+00 4.885820e-05
3.441667e+00 3.447500e+00 3.453333e+00 4.741517e-05
3.453333e+00 3.459167e+00 3.465000e+00 4.601442e-05
3.465000e+00 3.470833e+00 3.476667e+00 4.465474e-05
3.476667e+00 3.482500e+00 3.488333e+00 4.333493e-05
3.488333e+00 3.494167e+00 3.500000e+00 4.205384e-05
