1.000000e-06 5.834332e-03 1.166766e-02 3.251557e-05
1.166766e-02 1.750099e-02 2.333433e-02 2.715275e-04
2.333433e-02 2.916766e-02 3.500099e-02 7.043556e-04
3.500099e-02 4.083432e-02 4.666765e-02 1.293511e-03
4.666765e-02 5.250099e-02 5.833432e-02 2.007934e-03
5.833432e-02 6.416765e-02 7.000098e-02 2.821405e-03
7.000098e-02 7.583431e-02 8.166764e-02 3.711582e-03
8.166764e-02 8.750097e-02 9.333431e-02 4.659339e-03
9.333431e-02 9.916764e-02 1.050010e-01 5.648266e-03
1.050010e-01 1.108343e-01 1.166676e-01 6.664269e-03
1.166676e-01 1.225010e-01 1.283343e-01 7.695255e-03
1.283343e-01 1.341676e-01 1.400010e-01 8.730861e-03
1.400010e-01 1.458343e-01 1.516676e-01 9.762237e-03
1.516676e-01 1.575010e-01 1.633343e-01 1.078185e-02
1.633343e-01 1.691676e-01 1.750009e-01 1.178332e-02
1.750009e-01 1.808343e-01 1.866676e-01 1.276129e-02
1.866676e-01 1.925009e-01 1.983343e-01 1.371128e-02
1.983343e-01 2.041676e-01 2.100009e-01 1.462960e-02
2.100009e-01 2.158343e-01 2.216676e-01 1.551325e-02
2.216676e-01 2.275009e-01 2.333343e-01 1.635982e-02
2.333343e-01 2.391676e-01 2.450009e-01 1.716745e-02
2.450009e-01 2.508343e-01 2.566676e-01 1.793473e-02
2.566676e-01 2.625009e-01 2.683343e-01 1.866068e-02
2.683343e-01 2.741676e-01 2.800009e-01 1.934464e-02
2.800009e-01 2.858343e-01 2.916676e-01 1.998629e-02
2.916676e-01 2.975009e-01 3.033342e-01 2.058557e-02
3.033342e-01 3.091676e-01 3.150009e-01 2.114265e-02
3.150009e-01 3.208342e-01 3.266676e-01 2.165792e-02
3.266676e-01 3.325009e-01 3.383342e-01 2.213191e-02
3.383342e-01 3.441676e-01 3.500009e-01 2.256534e-02
3.500009e-01 3.558342e-01 3.616676e-01 2.295903e-02
3.616676e-01 3.675009e-01 3.733342e-01 2.331390e-02
3.733342e-01 3.791676e-01 3.850009e-01 2.363097e-02
3.850009e-01 3.908342e-01 3.966676e-01 2.391133e-02
3.966676e-01 4.025009e-01 4.083342e-01 2.415612e-02
4.083342e-01 4.141675e-01 4.200009e-01 2.436654e-02
4.200009e-01 4.258342e-01 4.316675e-01 2.454381e-02
4.316675e-01 4.375009e-01 4.433342e-01 2.468918e-02
4.433342e-01 4.491675e-01 4.550009e-01 2.480390e-02
4.550009e-01 4.608342e-01 4.666675e-01 2.488926e-02
4.666675e-01 4.725009e-01 4.783342e-01 2.494652e-02
4.783342e-01 4.841675e-01 4.900009e-01 2.497695e-02
4.900009e-01 4.958342e-01 5.016675e-01 2.498181e-02
5.016675e-01 5.075009e-01 5.133342e-01 2.496234e-02
5.133342e-01 5.191675e-01 5.250008e-01 2.491977e-02
5.250008e-01 5.308342e-01 5.366675e-01 2.485531e-02
5.366675e-01 5.425008e-01 5.483342e-01 2.477013e-02
5.483342e-01 5.541675e-01 5.600008e-01 2.466539e-02
5.600008e-01 5.658342e-01 5.716675e-01 2.454222e-02
5.716675e-01 5.775008e-01 5.833342e-01 2.440171e-02
5.833342e-01 5.891675e-01 5.950008e-01 2.424494e-02
5.950008e-01 6.008342e-01 6.066675e-01 2.407293e-02
6.066675e-01 6.125008e-01 6.183342e-01 2.388669e-02
6.183342e-01 6.241675e-01 6.300008e-01 2.368720e-02
6.300008e-01 6.358342e-01 6.416675e-01 2.347538e-02
6.416675e-01 6.475008e-01 6.533341e-01 2.325214e-02
6.533341e-01 6.591675e-01 6.650008e-01 2.301835e-02
6.650008e-01 6.708341e-01 6.766675e-01 2.277484e-02
6.766675e-01 6.825008e-01 6.883341e-01 2.252243e-02
6.883341e-01 6.941675e-01 7.000008e-01 2.226187e-02
7.000008e-01 7.058341e-01 7.116675e-01 2.199392e-02
7.116675e-01 7.175008e-01 7.233341e-01 2.171926e-02
7.233341e-01 7.291675e-01 7.350008e-01 2.143859e-02
7.350008e-01 7.408341e-01 7.466675e-01 2.115255e-02
7.466675e-01 7.525008e-01 7.583341e-01 2.086175e-02
7.583341e-01 7.641674e-01 7.700008e-01 2.056678e-02
7.700008e-01 7.758341e-01 7.816674e-01 2.026819e-02
7.816674e-01 7.875008e-01 7.933341e-01 1.996652e-02
7.933341e-01 7.991674e-01 8.050008e-01 1.966227e-02
8.050008e-01 8.108341e-01 8.166674e-01 1.935591e-02
8.166674e-01 8.225008e-01 8.283341e-01 1.904791e-02
8.283341e-01 8.341674e-01 8.400008e-01 1.873868e-02
8.400008e-01 8.458341e-01 8.516674e-01 1.842864e-02
8.516674e-01 8.575008e-01 8.633341e-01 1.811816e-02
8.633341e-01 8.691674e-01 8.750007e-01 1.780760e-02
8.750007e-01 8.808341e-01 8.866674e-01 1.749731e-02
8.866674e-01 8.925007e-01 8.983341e-01 1.718759e-02
8.983341e-01 9.041674e-01 9.100007e-01 1.687876e-02
9.100007e-01 9.158341e-01 9.216674e-01 1.657108e-02
9.216674e-01 9.275007e-01 9.333341e-01 1.626483e-02
9.333341e-01 9.391674e-01 9.450007e-01 1.596024e-02
9.450007e-01 9.508341e-01 9.566674e-01 1.565754e-02
9.566674e-01 9.625007e-01 9.683341e-01 1.535694e-02
9.683341e-01 9.741674e-01 9.800007e-01 1.505865e-02
9.800007e-01 9.858341e-01 9.916674e-01 1.476284e-02
9.916674e-01 9.975007e-01 1.003334e+00 1.446969e-02
1.003334e+00 1.009167e+00 1.015001e+00 1.417933e-02
1.015001e+00 1.020834e+00 1.026667e+00 1.389193e-02
1.026667e+00 1.032501e+00 1.038334e+00 1.360761e-02
1.038334e+00 1.044167e+00 1.050001e+00 1.332649e-02
1.050001e+00 1.055834e+00 1.061667e+00 1.304867e-02
1.061667e+00 1.067501e+00 1.073334e+00 1.277425e-02
1.073334e+00 1.079167e+00 1.085001e+00 1.250333e-02
1.085001e+00 1.090834e+00 1.096667e+00 1.223597e-02
1.096667e+00 1.102501e+00 1.108334e+00 1.197225e-02
1.108334e+00 1.114167e+00 1.120001e+00 1.171223e-02
1.120001e+00 1.125834e+00 1.131667e+00 1.145597e-02
1.131667e+00 1.137501e+00 1.143334e+00 1.120350e-02
1.143334e+00 1.149167e+00 1.155001e+00 1.095486e-02
1.155001e+00 1.160834e+00 1.166667e+00 1.071010e-02
1.166667e+00 1.172501e+00 1.178334e+00 1.046922e-02
1.178334e+00 1.184167e+00 1.190001e+00 1.023226e-02
1.190001e+00 1.195834e+00 1.201667e+00 9.999227e-03
1.201667e+00 1.207501e+00 1.213334e+00 9.770124e-03
1.213334e+00 1.219167e+00 1.225001e+00 9.544959e-03
1.225001e+00 1.230834e+00 1.236667e+00 9.323730e-03
1.236667e+00 1.242501e+00 1.248334e+00 9.106430e-03
1.248334e+00 1.254167e+00 1.260001e+00 8.893051e-03
1.260001e+00 1.265834e+00 1.271667e+00 8.683579e-03
1.271667e+00 1.277501e+00 1.283334e+00 8.477997e-03
1.283334e+00 1.289167e+00 1.295001e+00 8.276283e-03
1.295001e+00 1.300834e+00 1.306667e+00 8.078416e-03
1.306667e+00 1.312501e+00 1.318334e+00 7.884367e-03
1.318334e+00 1.324167e+00 1.330001e+00 7.694110e-03
1.330001e+00 1.335834e+00 1.341667e+00 7.507611e-03
1.341667e+00 1.347501e+00 1.353334e+00 7.324837e-03
1.353334e+00 1.359167e+00 1.365001e+00 7.145753e-03
1.365001e+00 1.370834e+00 1.376667e+00 6.970321e-03
1.376667e+00 1.382501e+00 1.388334e+00 6.798501e-03
1.388334e+00 1.394167e+00 1.400001e+00 6.630253e-03
1.400001e+00 1.405834e+00 1.411667e+00 6.465534e-03
1.411667e+00 1.417501e+00 1.423334e+00 6.304301e-03
1.423334e+00 1.429167e+00 1.435001e+00 6.146509e-03
1.435001e+00 1.440834e+00 1.446667e+00 5.992112e-03
1.446667e+00 1.452501e+00 1.458334e+00 5.841064e-03
1.458334e+00 1.464167e+00 1.470001e+00 5.693316e-03
1.470001e+00 1.475834e+00 1.481667e+00 5.548821e-03
1.481667e+00 1.487501e+00 1.493334e+00 5.407531e-03
1.493334e+00 1.499167e+00 1.505001e+00 5.269395e-03
1.505001e+00 1.510834e+00 1.516667e+00 5.134364e-03
1.516667e+00 1.522501e+00 1.528334e+00 5.002389e-03
1.528334e+00 1.534167e+00 1.540001e+00 4.873419e-03
1.540001e+00 1.545834e+00 1.551667e+00 4.747404e-03
1.551667e+00 1.557501e+00 1.563334e+00 4.624293e-03
1.563334e+00 1.569167e+00 1.575001e+00 4.504036e-03
1.575001e+00 1.580834e+00 1.586667e+00 4.386582e-03
1.586667e+00 1.592501e+00 1.598334e+00 4.271882e-03
1.598334e+00 1.604167e+00 1.610001e+00 4.159884e-03
1.610001e+00 1.615834e+00 1.621667e+00 4.050540e-03
1.621667e+00 1.627501e+00 1.633334e+00 3.943798e-03
1.633334e+00 1.639167e+00 1.645001e+00 3.839610e-03
1.645001e+00 1.650834e+00 1.656667e+00 3.737927e-03
1.656667e+00 1.662501e+00 1.668334e+00 3.638699e-03
1.668334e+00 1.674167e+00 1.680001e+00 3.541879e-03
1.680001e+00 1.685834e+00 1.691667e+00 3.447418e-03
1.691667e+00 1.697501e+00 1.703334e+00 3.355268e-03
1.703334e+00 1.709167e+00 1.715001e+00 3.265383e-03
1.715001e+00 1.720834e+00 1.726667e+00 3.177715e-03
1.726667e+00 1.732501e+00 1.738334e+00 3.092220e-03
1.738334e+00 1.744167e+00 1.750000e+00 3.008851e-03
1.750000e+00 1.755834e+00 1.761667e+00 2.927563e-03
1.761667e+00 1.767500e+00 1.773334e+00 2.848312e-03
1.773334e+00 1.779167e+00 1.785000e+00 2.771053e-03
1.785000e+00 1.790834e+00 1.796667e+00 2.695745e-03
1.796667e+00 1.802500e+00 1.808334e+00 2.622344e-03
1.808334e+00 1.814167e+00 1.820000e+00 2.550807e-03
1.820000e+00 1.825834e+00 1.831667e+00 2.481095e-03
1.831667e+00 1.837500e+00 1.843334e+00 2.413166e-03
1.843334e+00 1.849167e+00 1.855000e+00 2.346979e-03
1.855000e+00 1.860834e+00 1.866667e+00 2.282496e-03
1.866667e+00 1.872500e+00 1.878334e+00 2.219677e-03
1.878334e+00 1.884167e+00 1.890000e+00 2.158484e-03
1.890000e+00 1.895834e+00 1.901667e+00 2.098881e-03
1.901667e+00 1.907500e+00 1.913334e+00 2.040829e-03
1.913334e+00 1.919167e+00 1.925000e+00 1.984293e-03
1.925000e+00 1.930834e+00 1.936667e+00 1.929237e-03
1.936667e+00 1.942500e+00 1.948334e+00 1.875627e-03
1.948334e+00 1.954167e+00 1.960000e+00 1.823427e-03
1.960000e+00 1.965834e+00 1.971667e+00 1.772605e-03
1.971667e+00 1.977500e+00 1.983334e+00 1.723127e-03
1.983334e+00 1.989167e+00 1.995000e+00 1.674961e-03
1.995000e+00 2.000834e+00 2.006667e+00 1.628075e-03
2.006667e+00 2.012500e+00 2.018334e+00 1.582438e-03
2.018334e+00 2.024167e+00 2.030000e+00 1.538020e-03
2.030000e+00 2.035834e+00 2.041667e+00 1.494791e-03
2.041667e+00 2.047500e+00 2.053334e+00 1.452721e-03
2.053334e+00 2.059167e+00 2.065000e+00 1.411782e-03
2.065000e+00 2.070834e+00 2.076667e+00 1.371946e-03
2.076667e+00 2.082500e+00 2.088334e+00 1.333185e-03
2.088334e+00 2.094167e+00 2.100000e+00 1.295472e-03
2.100000e+00 2.105834e+00 2.111667e+00 1.258782e-03
2.111667e+00 2.117500e+00 2.123334e+00 1.223088e-03
2.123334e+00 2.129167e+00 2.135000e+00 1.188365e-03
2.135000e+00 2.140834e+00 2.146667e+00 1.154589e-03
2.146667e+00 2.152500e+00 2.158334e+00 1.121735e-03
2.158334e+00 2.164167e+00 2.170000e+00 1.089780e-03
2.170000e+00 2.175834e+00 2.181667e+00 1.058702e-03
2.181667e+00 2.187500e+00 2.193334e+00 1.028476e-03
2.193334e+00 2.199167e+00 2.205000e+00 9.990818e-04
2.205000e+00 2.210834e+00 2.216667e+00 9.704976e-04
2.216667e+00 2.222500e+00 2.228334e+00 9.427022e-04
2.228334e+00 2.234167e+00 2.240000e+00 9.156752e-04
2.240000e+00 2.245834e+00 2.251667e+00 8.893965e-04
2.251667e+00 2.257500e+00 2.263334e+00 8.638467e-04
2.263334e+00 2.269167e+00 2.275000e+00 8.390064e-04
2.275000e+00 2.280834e+00 2.286667e+00 8.148572e-04
2.286667e+00 2.292500e+00 2.298334e+00 7.913808e-04
2.298334e+00 2.304167e+00 2.310000e+00 7.685595e-04
2.310000e+00 2.315834e+00 2.321667e+00 7.463758e-04
2.321667e+00 2.327500e+00 2.333334e+00 7.248128e-04
2.333334e+00 2.339167e+00 2.345000e+00 7.038540e-04
2.345000e+00 2.350834e+00 2.356667e+00 6.834834e-04
2.356667e+00 2.362500e+00 2.368334e+00 6.636851e-04
2.368334e+00 2.374167e+00 2.380000e+00 6.444438e-04
2.380000e+00 2.385834e+00 2.391667e+00 6.257446e-04
2.391667e+00 2.397500e+00 2.403334e+00 6.075729e-04
2.403334e+00 2.409167e+00 2.415000e+00 5.899144e-04
2.415000e+00 2.420834e+00 2.426667e+00 5.727554e-04
2.426667e+00 2.432500e+00 2.438334e+00 5.560821e-04
2.438334e+00 2.444167e+00 2.450000e+00 5.398816e-04
2.450000e+00 2.455834e+00 2.461667e+00 5.241408e-04
2.461667e+00 2.467500e+00 2.473334e+00 5.088473e-04
2.473334e+00 2.479167e+00 2.485000e+00 4.939889e-04
2.485000e+00 2.490834e+00 2.496667e+00 4.795537e-04
2.496667e+00 2.502500e+00 2.508334e+00 4.655301e-04
2.508334e+00 2.514167e+00 2.520000e+00 4.519068e-04
2.520000e+00 2.525834e+00 2.531667e+00 4.386728e-04
2.531667e+00 2.537500e+00 2.543334e+00 4.258173e-04
2.543334e+00 2.549167e+00 2.555000e+00 4.133299e-04
2.555000e+00 2.560834e+00 2.566667e+00 4.012005e-04
2.566667e+00 2.572500e+00 2.578334e+00 3.894192e-04
2.578334e+00 2.584167e+00 2.590000e+00 3.779762e-04
2.590000e+00 2.595834e+00 2.601667e+00 3.668623e-04
2.601667e+00 2.607500e+00 2.613334e+00 3.560681e-04
2.613334e+00 2.619167e+00 2.625000e+00 3.455850e-04
2.625000e+00 2.630834e+00 2.636667e+00 3.354041e-04
2.636667e+00 2.642500e+00 2.648334e+00 3.255170e-04
2.648334e+00 2.654167e+00 2.660000e+00 3.159156e-04
2.660000e+00 2.665834e+00 2.671667e+00 3.065917e-04
2.671667e+00 2.677500e+00 2.683334e+00 2.975377e-04
2.683334e+00 2.689167e+00 2.695000e+00 2.887459e-04
2.695000e+00 2.700834e+00 2.706667e+00 2.802090e-04
2.706667e+00 2.712500e+00 2.718334e+00 2.719198e-04
2.718334e+00 2.724167e+00 2.730000e+00 2.638712e-04
2.730000e+00 2.735834e+00 2.741667e+00 2.560566e-04
2.741667e+00 2.747500e+00 2.753334e+00 2.484693e-04
2.753334e+00 2.759167e+00 2.765000e+00 2.411028e-04
2.765000e+00 2.770834e+00 2.776667e+00 2.339510e-04
2.776667e+00 2.782500e+00 2.788334e+00 2.270076e-04
2.788334e+00 2.794167e+00 2.800000e+00 2.202668e-04
2.800000e+00 2.805834e+00 2.811667e+00 2.137229e-04
2.811667e+00 2.817500e+00 2.823334e+00 2.073701e-04
2.823334e+00 2.829167e+00 2.835000e+00 2.012032e-04
2.835000e+00 2.840834e+00 2.846667e+00 1.952167e-04
2.846667e+00 2.852500e+00 2.858334e+00 1.894055e-04
2.858334e+00 2.864167e+00 2.870000e+00 1.837646e-04
2.870000e+00 2.875834e+00 2.881667e+00 1.782891e-04
2.881667e+00 2.887500e+00 2.893334e+00 1.729743e-04
2.893334e+00 2.899167e+00 2.905000e+00 1.678156e-04
2.905000e+00 2.910834e+00 2.916667e+00 1.628084e-04
2.916667e+00 2.922500e+00 2.928333e+00 1.579485e-04
2.928333e+00 2.934167e+00 2.940000e+00 1.532316e-04
2.940000e+00 2.945833e+00 2.951667e+00 1.486535e-04
2.951667e+00 2.957500e+00 2.963333e+00 1.442104e-04
2.963333e+00 2.969167e+00 2.975000e+00 1.398982e-04
2.975000e+00 2.980833e+00 2.986667e+00 1.357132e-04
2.986667e+00 2.992500e+00 2.998333e+00 1.316517e-04
2.998333e+00 3.004167e+00 3.010000e+00 1.277101e-04
3.010000e+00 3.015833e+00 3.021667e+00 1.238850e-04
3.021667e+00 3.027500e+00 3.033333e+00 1.201731e-04
3.033333e+00 3.039167e+00 3.045000e+00 1.165709e-04
3.045000e+00 3.050833e+00 3.056667e+00 1.130753e-04
3.056667e+00 3.062500e+00 3.068333e+00 1.096833e-04
3.068333e+00 3.074167e+00 3.080000e+00 1.063918e-04
3.080000e+00 3.085833e+00 3.091667e+00 1.031979e-04
3.091667e+00 3.097500e+00 3.103333e+00 1.000987e-04
3.103333e+00 3.109167e+00 3.115000e+00 9.709150e-05
3.115000e+00 3.120833e+00 3.126667e+00 9.417360e-05
3.126667e+00 3.132500e+00 3.138333e+00 9.134240e-05
3.138333e+00 3.144167e+00 3.150000e+00 8.859536e-05
3.150000e+00 3.155833e+00 3.161667e+00 8.593001e-05
3.161667e+00 3.167500e+00 3.173333e+00 8.334397e-05
3.173333e+00 3.179167e+00 3.185000e+00 8.083492e-05
3.185000e+00 3.190833e+00 3.196667e+00 7.840059e-05
3.196667e+00 3.202500e+00 3.208333e+00 7.603881e-05
3.208333e+00 3.214167e+00 3.220000e+00 7.374743e-05
3.220000e+00 3.225833e+00 3.231667e+00 7.152439e-05
3.231667e+00 3.237500e+00 3.243333e+00 6.936769e-05
3.243333e+00 3.249167e+00 3.255000e+00 6.727537e-05
3.255000e+00 3.260833e+00 3.266667e+00 6.524554e-05
3.266667e+00 3.272500e+00 3.278333e+00 6.327635e-05
3.278333e+00 3.284167e+00 3.290000e+00 6.136603e-05
3.290000e+00 3.295833e+00 3.301667e+00 5.951284e-05
3.301667e+00 3.307500e+00 3.313333e+00 5.771509e-05
3.313333e+00 3.319167e+00 3.325000e+00 5.597114e-05
3.325000e+00 3.330833e+00 3.336667e+00 5.427941e-05
3.336667e+00 3.342500e+00 3.348333e+00 5.263835e-05
3.348333e+00 3.354167e+00 3.360000e+00 5.104647e-05
3.360000e+00 3.365833e+00 3.371667e+00 4.950231e-05
3.371667e+00 3.377500e+00 3.383333e+00 4.800445e-05
3.383333e+00 3.389167e+00 3.395000e+00 4.655154e-05
3.395000e+00 3.400833e+00 3.406667e+00 4.514222e-05
3.406667e+00 3.412500e+00 3.418333e+00 4.377522e-05
3.418333e+00 3.424167e+00 3.430000e+00 4.244928e-05
3.430000e+00 3.435833e+00 3.441667e+00 4.116317e-05
3.441667e+00 3.447500e+00 3.453333e+00 3.991572e-05
3.453333e+00 3.459167e+00 3.465000e+00 3.870577e-05
3.465000e+00 3.470833e+00 3.476667e+00 3.753222e-05
3.476667e+00 3.482500e+00 3.488333e+00 3.639398e-05
3.488333e+00 3.494167e+00 3.500000e+00 3.528999e-05
