1.000000e-06 5.834332e-03 1.166766e-02 3.165263e-05
1.166766e-02 1.750099e-02 2.333433e-02 2.584700e-04
2.333433e-02 2.916766e-02 3.500099e-02 6.613925e-04
3.500099e-02 4.083432e-02 4.666765e-02 1.203039e-03
4.666765e-02 5.250099e-02 5.833432e-02 1.854446e-03
5.833432e-02 6.416765e-02 7.000098e-02 2.592241e-03
7.000098e-02 7.583431e-02 8.166764e-02 3.397169e-03
8.166764e-02 8.750097e-02 9.333431e-02 4.253160e-03
9.333431e-02 9.916764e-02 1.050010e-01 5.146698e-03
1.050010e-01 1.108343e-01 1.166676e-01 6.066349e-03
1.166676e-01 1.225010e-01 1.283343e-01 7.002411e-03
1.283343e-01 1.341676e-01 1.400010e-01 7.946637e-03
1.400010e-01 1.458343e-01 1.516676e-01 8.892014e-03
1.516676e-01 1.575010e-01 1.633343e-01 9.832581e-03
1.633343e-01 1.691676e-01 1.750009e-01 1.076328e-02
1.750009e-01 1.808343e-01 1.866676e-01 1.167984e-02
1.866676e-01 1.925009e-01 1.983343e-01 1.257865e-02
1.983343e-01 2.041676e-01 2.100009e-01 1.345671e-02
2.100009e-01 2.158343e-01 2.216676e-01 1.431151e-02
2.216676e-01 2.275009e-01 2.333343e-01 1.514099e-02
2.333343e-01 2.391676e-01 2.450009e-01 1.594347e-02
2.450009e-01 2.508343e-01 2.566676e-01 1.671765e-02
2.566676e-01 2.625009e-01 2.683343e-01 1.746246e-02
2.683343e-01 2.741676e-01 2.800009e-01 1.817716e-02
2.800009e-01 2.858343e-01 2.916676e-01 1.886118e-02
2.916676e-01 2.975009e-01 3.033342e-01 1.951418e-02
3.033342e-01 3.091676e-01 3.150009e-01 2.013598e-02
3.150009e-01 3.208342e-01 3.266676e-01 2.072655e-02
3.266676e-01 3.325009e-01 3.383342e-01 2.128601e-02
3.383342e-01 3.441676e-01 3.500009e-01 2.181457e-02
3.500009e-01 3.558342e-01 3.616676e-01 2.231254e-02
3.616676e-01 3.675009e-01 3.733342e-01 2.278032e-02
3.733342e-01 3.791676e-01 3.850009e-01 2.321839e-02
3.850009e-01 3.908342e-01 3.966676e-01 2.362728e-02
3.966676e-01 4.025009e-01 4.083342e-01 2.400757e-02
4.083342e-01 4.141675e-01 4.200009e-01 2.435989e-02
4.200009e-01 4.258342e-01 4.316675e-01 2.468490e-02
4.316675e-01 4.375009e-01 4.433342e-01 2.498329e-02
4.433342e-01 4.491675e-01 4.550009e-01 2.525578e-02
4.550009e-01 4.608342e-01 4.666675e-01 2.550311e-02
4.666675e-01 4.725009e-01 4.783342e-01 2.572600e-02
4.783342e-01 4.841675e-01 4.900009e-01 2.592523e-02
4.900009e-01 4.958342e-01 5.016675e-01 2.610154e-02
5.016675e-01 5.075009e-01 5.133342e-01 2.625570e-02
5.133342e-01 5.191675e-01 5.250008e-01 2.638848e-02
5.250008e-01 5.308342e-01 5.366675e-01 2.650062e-02
5.366675e-01 5.425008e-01 5.483342e-01 2.659287e-02
5.483342e-01 5.541675e-01 5.600008e-01 2.666600e-02
5.600008e-01 5.658342e-01 5.716675e-01 2.672072e-02
5.716675e-01 5.775008e-01 5.833342e-01 2.675777e-02
5.833342e-01 5.891675e-01 5.950008e-01 2.677786e-02
5.950008e-01 6.008342e-01 6.066675e-01 2.678169e-02
6.066675e-01 6.125008e-01 6.183342e-01 2.676994e-02
6.183342e-01 6.241675e-01 6.300008e-01 2.674330e-02
6.300008e-01 6.358342e-01 6.416675e-01 2.670242e-02
6.416675e-01 6.475008e-01 6.533341e-01 2.664795e-02
6.533341e-01 6.591675e-01 6.650008e-01 2.658051e-02
6.650008e-01 6.708341e-01 6.766675e-01 2.650072e-02
6.766675e-01 6.825008e-01 6.883341e-01 2.640917e-02
6.883341e-01 6.941675e-01 7.000008e-01 2.630644e-02
7.000008e-01 7.058341e-01 7.116675e-01 2.619310e-02
7.116675e-01 7.175008e-01 7.233341e-01 2.606969e-02
7.233341e-01 7.291675e-01 7.350008e-01 2.593675e-02
7.350008e-01 7.408341e-01 7.466675e-01 2.579479e-02
7.466675e-01 7.525008e-01 7.583341e-01 2.564430e-02
7.583341e-01 7.641674e-01 7.700008e-01 2.548578e-02
7.700008e-01 7.758341e-01 7.816674e-01 2.531968e-02
7.816674e-01 7.875008e-01 7.933341e-01 2.514646e-02
7.933341e-01 7.991674e-01 8.050008e-01 2.496656e-02
8.050008e-01 8.108341e-01 8.166674e-01 2.478040e-02
8.166674e-01 8.225008e-01 8.283341e-01 2.458838e-02
8.283341e-01 8.341674e-01 8.400008e-01 2.439090e-02
8.400008e-01 8.458341e-01 8.516674e-01 2.418832e-02
8.516674e-01 8.575008e-01 8.633341e-01 2.398103e-02
8.633341e-01 8.691674e-01 8.750007e-01 2.376936e-02
8.750007e-01 8.808341e-01 8.866674e-01 2.355366e-02
8.866674e-01 8.925007e-01 8.983341e-01 2.333424e-02
8.983341e-01 9.041674e-01 9.100007e-01 2.311143e-02
9.100007e-01 9.158341e-01 9.216674e-01 2.288551e-02
9.216674e-01 9.275007e-01 9.333341e-01 2.265678e-02
9.333341e-01 9.391674e-01 9.450007e-01 2.242550e-02
9.450007e-01 9.508341e-01 9.566674e-01 2.219196e-02
9.566674e-01 9.625007e-01 9.683341e-01 2.195639e-02
9.683341e-01 9.741674e-01 9.800007e-01 2.171904e-02
9.800007e-01 9.858341e-01 9.916674e-01 2.148014e-02
9.916674e-01 9.975007e-01 1.003334e+00 2.123992e-02
1.003334e+00 1.009167e+00 1.015001e+00 2.099859e-02
1.015001e+00 1.020834e+00 1.026667e+00 2.075634e-02
1.026667e+00 1.032501e+00 1.038334e+00 2.051338e-02
1.038334e+00 1.044167e+00 1.050001e+00 2.026988e-02
1.050001e+00 1.055834e+00 1.061667e+00 2.002603e-02
1.061667e+00 1.067501e+00 1.073334e+00 1.978199e-02
1.073334e+00 1.079167e+00 1.085001e+00 1.953792e-02
1.085001e+00 1.090834e+00 1.096667e+00 1.929397e-02
1.096667e+00 1.102501e+00 1.108334e+00 1.905030e-02
1.108334e+00 1.114167e+00 1.120001e+00 1.880703e-02
1.120001e+00 1.125834e+00 1.131667e+00 1.856430e-02
1.131667e+00 1.137501e+00 1.143334e+00 1.832222e-02
1.143334e+00 1.149167e+00 1.155001e+00 1.808093e-02
1.155001e+00 1.160834e+00 1.166667e+00 1.784052e-02
1.166667e+00 1.172501e+00 1.178334e+00 1.760111e-02
1.178334e+00 1.184167e+00 1.190001e+00 1.736280e-02
1.190001e+00 1.195834e+00 1.201667e+00 1.712567e-02
1.201667e+00 1.207501e+00 1.213334e+00 1.688981e-02
1.213334e+00 1.219167e+00 1.225001e+00 1.665531e-02
1.225001e+00 1.230834e+00 1.236667e+00 1.642226e-02
1.236667e+00 1.242501e+00 1.248334e+00 1.619071e-02
1.248334e+00 1.254167e+00 1.260001e+00 1.596074e-02
1.260001e+00 1.265834e+00 1.271667e+00 1.573241e-02
1.271667e+00 1.277501e+00 1.283334e+00 1.550579e-02
1.283334e+00 1.289167e+00 1.295001e+00 1.528093e-02
1.295001e+00 1.300834e+00 1.306667e+00 1.505788e-02
1.306667e+00 1.312501e+00 1.318334e+00 1.483670e-02
1.318334e+00 1.324167e+00 1.330001e+00 1.461742e-02
1.330001e+00 1.335834e+00 1.341667e+00 1.440008e-02
1.341667e+00 1.347501e+00 1.353334e+00 1.418473e-02
1.353334e+00 1.359167e+00 1.365001e+00 1.397140e-02
1.365001e+00 1.370834e+00 1.376667e+00 1.376013e-02
1.376667e+00 1.382501e+00 1.388334e+00 1.355093e-02
1.388334e+00 1.394167e+00 1.400001e+00 1.334385e-02
1.400001e+00 1.405834e+00 1.411667e+00 1.313889e-02
1.411667e+00 1.417501e+00 1.423334e+00 1.293609e-02
1.423334e+00 1.429167e+00 1.435001e+00 1.273546e-02
1.435001e+00 1.440834e+00 1.446667e+00 1.253702e-02
1.446667e+00 1.452501e+00 1.458334e+00 1.234077e-02
1.458334e+00 1.464167e+00 1.470001e+00 1.214675e-02
1.470001e+00 1.475834e+00 1.481667e+00 1.195494e-02
1.481667e+00 1.487501e+00 1.493334e+00 1.176537e-02
1.493334e+00 1.499167e+00 1.505001e+00 1.157804e-02
1.505001e+00 1.510834e+00 1.516667e+00 1.139294e-02
1.516667e+00 1.522501e+00 1.528334e+00 1.121010e-02
1.528334e+00 1.534167e+00 1.540001e+00 1.102950e-02
1.540001e+00 1.545834e+00 1.551667e+00 1.085115e-02
1.551667e+00 1.557501e+00 1.563334e+00 1.067504e-02
1.563334e+00 1.569167e+00 1.575001e+00 1.050118e-02
1.575001e+00 1.580834e+00 1.586667e+00 1.032956e-02
1.586667e+00 1.592501e+00 1.598334e+00 1.016016e-02
1.598334e+00 1.604167e+00 1.610001e+00 9.992999e-03
1.610001e+00 1.615834e+00 1.621667e+00 9.828052e-03
1.621667e+00 1.627501e+00 1.633334e+00 9.665316e-03
1.633334e+00 1.639167e+00 1.645001e+00 9.504779e-03
1.645001e+00 1.650834e+00 1.656667e+00 9.346433e-03
1.656667e+00 1.662501e+00 1.668334e+00 9.190266e-03
1.668334e+00 1.674167e+00 1.680001e+00 9.036265e-03
1.680001e+00 1.685834e+00 1.691667e+00 8.884417e-03
1.691667e+00 1.697501e+00 1.703334e+00 8.734709e-03
1.703334e+00 1.709167e+00 1.715001e+00 8.587127e-03
1.715001e+00 1.720834e+00 1.726667e+00 8.441655e-03
1.726667e+00 1.732501e+00 1.738334e+00 8.298279e-03
1.738334e+00 1.744167e+00 1.750000e+00 8.156981e-03
1.750000e+00 1.755834e+00 1.761667e+00 8.017746e-03
1.761667e+00 1.767500e+00 1.773334e+00 7.880557e-03
1.773334e+00 1.779167e+00 1.785000e+00 7.745395e-03
1.785000e+00 1.790834e+00 1.796667e+00 7.612243e-03
1.796667e+00 1.802500e+00 1.808334e+00 7.481083e-03
1.808334e+00 1.814167e+00 1.820000e+00 7.351897e-03
1.820000e+00 1.825834e+00 1.831667e+00 7.224665e-03
1.831667e+00 1.837500e+00 1.843334e+00 7.099368e-03
1.843334e+00 1.849167e+00 1.855000e+00 6.975987e-03
1.855000e+00 1.860834e+00 1.866667e+00 6.854502e-03
1.866667e+00 1.872500e+00 1.878334e+00 6.734893e-03
1.878334e+00 1.884167e+00 1.890000e+00 6.617141e-03
1.890000e+00 1.895834e+00 1.901667e+00 6.501225e-03
1.901667e+00 1.907500e+00 1.913334e+00 6.387124e-03
1.913334e+00 1.919167e+00 1.925000e+00 6.274819e-03
1.925000e+00 1.930834e+00 1.936667e+00 6.164288e-03
1.936667e+00 1.942500e+00 1.948334e+00 6.055512e-03
1.948334e+00 1.954167e+00 1.960000e+00 5.948469e-03
1.960000e+00 1.965834e+00 1.971667e+00 5.843139e-03
1.971667e+00 1.977500e+00 1.983334e+00 5.739501e-03
1.983334e+00 1.989167e+00 1.995000e+00 5.637534e-03
1.995000e+00 2.000834e+00 2.006667e+00 5.537217e-03
2.006667e+00 2.012500e+00 2.018334e+00 5.438530e-03
2.018334e+00 2.024167e+00 2.030000e+00 5.341451e-03
2.030000e+00 2.035834e+00 2.041667e+00 5.245961e-03
2.041667e+00 2.047500e+00 2.053334e+00 5.152039e-03
2.053334e+00 2.059167e+00 2.065000e+00 5.059663e-03
2.065000e+00 2.070834e+00 2.076667e+00 4.968813e-03
2.076667e+00 2.082500e+00 2.088334e+00 4.879470e-03
2.088334e+00 2.094167e+00 2.100000e+00 4.791611e-03
2.100000e+00 2.105834e+00 2.111667e+00 4.705219e-03
2.111667e+00 2.117500e+00 2.123334e+00 4.620271e-03
2.123334e+00 2.129167e+00 2.135000e+00 4.536748e-03
2.135000e+00 2.140834e+00 2.146667e+00 4.454630e-03
2.146667e+00 2.152500e+00 2.158334e+00 4.373897e-03
2.158334e+00 2.164167e+00 2.170000e+00 4.294530e-03
2.170000e+00 2.175834e+00 2.181667e+00 4.216509e-03
2.181667e+00 2.187500e+00 2.193334e+00 4.139814e-03
2.193334e+00 2.199167e+00 2.205000e+00 4.064427e-03
2.205000e+00 2.210834e+00 2.216667e+00 3.990328e-03
2.216667e+00 2.222500e+00 2.228334e+00 3.917499e-03
2.228334e+00 2.234167e+00 2.240000e+00 3.845920e-03
2.240000e+00 2.245834e+00 2.251667e+00 3.775572e-03
2.251667e+00 2.257500e+00 2.263334e+00 3.706439e-03
2.263334e+00 2.269167e+00 2.275000e+00 3.638500e-03
2.275000e+00 2.280834e+00 2.286667e+00 3.571739e-03
2.286667e+00 2.292500e+00 2.298334e+00 3.506136e-03
2.298334e+00 2.304167e+00 2.310000e+00 3.441675e-03
2.310000e+00 2.315834e+00 2.321667e+00 3.378338e-03
2.321667e+00 2.327500e+00 2.333334e+00 3.316108e-03
2.333334e+00 2.339167e+00 2.345000e+00 3.254966e-03
2.345000e+00 2.350834e+00 2.356667e+00 3.194897e-03
2.356667e+00 2.362500e+00 2.368334e+00 3.135884e-03
2.368334e+00 2.374167e+00 2.380000e+00 3.077909e-03
2.380000e+00 2.385834e+00 2.391667e+00 3.020957e-03
2.391667e+00 2.397500e+00 2.403334e+00 2.965011e-03
2.403334e+00 2.409167e+00 2.415000e+00 2.910055e-03
2.415000e+00 2.420834e+00 2.426667e+00 2.856073e-03
2.426667e+00 2.432500e+00 2.438334e+00 2.803050e-03
2.438334e+00 2.444167e+00 2.450000e+00 2.750969e-03
2.450000e+00 2.455834e+00 2.461667e+00 2.699817e-03
2.461667e+00 2.467500e+00 2.473334e+00 2.649578e-03
2.473334e+00 2.479167e+00 2.485000e+00 2.600236e-03
2.485000e+00 2.490834e+00 2.496667e+00 2.551777e-03
2.496667e+00 2.502500e+00 2.508334e+00 2.504187e-03
2.508334e+00 2.514167e+00 2.520000e+00 2.457452e-03
2.520000e+00 2.525834e+00 2.531667e+00 2.411556e-03
2.531667e+00 2.537500e+00 2.543334e+00 2.366487e-03
2.543334e+00 2.549167e+00 2.555000e+00 2.322230e-03
2.555000e+00 2.560834e+00 2.566667e+00 2.278772e-03
2.566667e+00 2.572500e+00 2.578334e+00 2.236100e-03
2.578334e+00 2.584167e+00 2.590000e+00 2.194200e-03
2.590000e+00 2.595834e+00 2.601667e+00 2.153059e-03
2.601667e+00 2.607500e+00 2.613334e+00 2.112665e-03
2.613334e+00 2.619167e+00 2.625000e+00 2.073005e-03
2.625000e+00 2.630834e+00 2.636667e+00 2.034066e-03
2.636667e+00 2.642500e+00 2.648334e+00 1.995836e-03
2.648334e+00 2.654167e+00 2.660000e+00 1.958303e-03
2.660000e+00 2.665834e+00 2.671667e+00 1.921456e-03
2.671667e+00 2.677500e+00 2.683334e+00 1.885281e-03
2.683334e+00 2.689167e+00 2.695000e+00 1.849769e-03
2.695000e+00 2.700834e+00 2.706667e+00 1.814907e-03
2.706667e+00 2.712500e+00 2.718334e+00 1.780684e-03
2.718334e+00 2.724167e+00 2.730000e+00 1.747089e-03
2.730000e+00 2.735834e+00 2.741667e+00 1.714111e-03
2.741667e+00 2.747500e+00 2.753334e+00 1.681739e-03
2.753334e+00 2.759167e+00 2.765000e+00 1.649964e-03
2.765000e+00 2.770834e+00 2.776667e+00 1.618774e-03
2.776667e+00 2.782500e+00 2.788334e+00 1.588159e-03
2.788334e+00 2.794167e+00 2.800000e+00 1.558110e-03
2.800000e+00 2.805834e+00 2.811667e+00 1.528615e-03
2.811667e+00 2.817500e+00 2.823334e+00 1.499667e-03
2.823334e+00 2.829167e+00 2.835000e+00 1.471254e-03
2.835000e+00 2.840834e+00 2.846667e+00 1.443367e-03
2.846667e+00 2.852500e+00 2.858334e+00 1.415998e-03
2.858334e+00 2.864167e+00 2.870000e+00 1.389136e-03
2.870000e+00 2.875834e+00 2.881667e+00 1.362773e-03
2.881667e+00 2.887500e+00 2.893334e+00 1.336901e-03
2.893334e+00 2.899167e+00 2.905000e+00 1.311509e-03
2.905000e+00 2.910834e+00 2.916667e+00 1.286591e-03
2.916667e+00 2.922500e+00 2.928333e+00 1.262137e-03
2.928333e+00 2.934167e+00 2.940000e+00 1.238138e-03
2.940000e+00 2.945833e+00 2.951667e+00 1.214588e-03
2.951667e+00 2.957500e+00 2.963333e+00 1.191477e-03
2.963333e+00 2.969167e+00 2.975000e+00 1.168798e-03
2.975000e+00 2.980833e+00 2.986667e+00 1.146544e-03
2.986667e+00 2.992500e+00 2.998333e+00 1.124705e-03
2.998333e+00 3.004167e+00 3.010000e+00 1.103276e-03
3.010000e+00 3.015833e+00 3.021667e+00 1.082248e-03
3.021667e+00 3.027500e+00 3.033333e+00 1.061615e-03
3.033333e+00 3.039167e+00 3.045000e+00 1.041368e-03
3.045000e+00 3.050833e+00 3.056667e+00 1.021502e-03
3.056667e+00 3.062500e+00 3.068333e+00 1.002009e-03
3.068333e+00 3.074167e+00 3.080000e+00 9.828825e-04
3.080000e+00 3.085833e+00 3.091667e+00 9.641156e-04
3.091667e+00 3.097500e+00 3.103333e+00 9.457019e-04
3.103333e+00 3.109167e+00 3.115000e+00 9.276350e-04
3.115000e+00 3.120833e+00 3.126667e+00 9.099084e-04
3.126667e+00 3.132500e+00 3.138333e+00 8.925160e-04
3.138333e+00 3.144167e+00 3.150000e+00 8.754517e-04
3.150000e+00 3.155833e+00 3.161667e+00 8.587094e-04
3.161667e+00 3.167500e+00 3.173333e+00 8.422832e-04
3.173333e+00 3.179167e+00 3.185000e+00 8.261674e-04
3.185000e+00 3.190833e+00 3.196667e+00 8.103561e-04
3.196667e+00 3.202500e+00 3.208333e+00 7.948439e-04
3.208333e+00 3.214167e+00 3.220000e+00 7.796252e-04
3.220000e+00 3.225833e+00 3.231667e+00 7.646945e-04
3.231667e+00 3.237500e+00 3.243333e+00 7.500466e-04
3.243333e+00 3.249167e+00 3.255000e+00 7.356762e-04
3.255000e+00 3.260833e+00 3.266667e+00 7.215783e-04
3.266667e+00 3.272500e+00 3.278333e+00 7.077477e-04
3.278333e+00 3.284167e+00 3.290000e+00 6.941794e-04
3.290000e+00 3.295833e+00 3.301667e+00 6.808688e-04
3.301667e+00 3.307500e+00 3.313333e+00 6.678108e-04
3.313333e+00 3.319167e+00 3.325000e+00 6.550010e-04
3.325000e+00 3.330833e+00 3.336667e+00 6.424345e-04
3.336667e+00 3.342500e+00 3.348333e+00 6.301070e-04
3.348333e+00 3.354167e+00 3.360000e+00 6.180139e-04
3.360000e+00 3.365833e+00 3.371667e+00 6.061510e-04
3.371667e+00 3.377500e+00 3.383333e+00 5.945138e-04
3.383333e+00 3.389167e+00 3.395000e+00 5.830982e-04
3.395000e+00 3.400833e+00 3.406667e+00 5.719000e-04
3.406667e+00 3.412500e+00 3.418333e+00 5.609153e-04
3.418333e+00 3.424167e+00 3.430000e+00 5.501399e-04
3.430000e+00 3.435833e+00 3.441667e+00 5.395699e-04
3.441667e+00 3.447500e+00 3.453333e+00 5.292016e-04
3.453333e+00 3.459167e+00 3.465000e+00 5.190311e-04
3.465000e+00 3.470833e+00 3.476667e+00 5.090548e-04
3.476667e+00 3.482500e+00 3.488333e+00 4.992689e-04
3.488333e+00 3.494167e+00 3.500000e+00 4.896699e-04
