1.000000e-06 5.834332e-03 1.166766e-02 3.224191e-05
1.166766e-02 1.750099e-02 2.333433e-02 2.671663e-04
2.333433e-02 2.916766e-02 3.500099e-02 6.896339e-04
3.500099e-02 4.083432e-02 4.666765e-02 1.261965e-03
4.666765e-02 5.250099e-02 5.833432e-02 1.953697e-03
5.833432e-02 6.416765e-02 7.000098e-02 2.739545e-03
7.000098e-02 7.583431e-02 8.166764e-02 3.598234e-03
8.166764e-02 8.750097e-02 9.333431e-02 4.511734e-03
9.333431e-02 9.916764e-02 1.050010e-01 5.464692e-03
1.050010e-01 1.108343e-01 1.166676e-01 6.444008e-03
1.166676e-01 1.225010e-01 1.283343e-01 7.438493e-03
1.283343e-01 1.341676e-01 1.400010e-01 8.438597e-03
1.400010e-01 1.458343e-01 1.516676e-01 9.436180e-03
1.516676e-01 1.575010e-01 1.633343e-01 1.042433e-02
1.633343e-01 1.691676e-01 1.750009e-01 1.139718e-02
1.750009e-01 1.808343e-01 1.866676e-01 1.234982e-02
1.866676e-01 1.925009e-01 1.983343e-01 1.327812e-02
1.983343e-01 2.041676e-01 2.100009e-01 1.417867e-02
2.100009e-01 2.158343e-01 2.216676e-01 1.504868e-02
2.216676e-01 2.275009e-01 2.333343e-01 1.588589e-02
2.333343e-01 2.391676e-01 2.450009e-01 1.668853e-02
2.450009e-01 2.508343e-01 2.566676e-01 1.745524e-02
2.566676e-01 2.625009e-01 2.683343e-01 1.818501e-02
2.683343e-01 2.741676e-01 2.800009e-01 1.887717e-02
2.800009e-01 2.858343e-01 2.916676e-01 1.953131e-02
2.916676e-01 2.975009e-01 3.033342e-01 2.014727e-02
3.033342e-01 3.091676e-01 3.150009e-01 2.072510e-02
3.150009e-01 3.208342e-01 3.266676e-01 2.126501e-02
3.266676e-01 3.325009e-01 3.383342e-01 2.176741e-02
3.383342e-01 3.441676e-01 3.500009e-01 2.223279e-02
3.500009e-01 3.558342e-01 3.616676e-01 2.266179e-02
3.616676e-01 3.675009e-01 3.733342e-01 2.305514e-02
3.733342e-01 3.791676e-01 3.850009e-01 2.341365e-02
3.850009e-01 3.908342e-01 3.966676e-01 2.373819e-02
3.966676e-01 4.025009e-01 4.083342e-01 2.402969e-02
4.083342e-01 4.141675e-01 4.200009e-01 2.428912e-02
4.200009e-01 4.258342e-01 4.316675e-01 2.451749e-02
4.316675e-01 4.375009e-01 4.433342e-01 2.471584e-02
4.433342e-01 4.491675e-01 4.550009e-01 2.488522e-02
4.550009e-01 4.608342e-01 4.666675e-01 2.502669e-02
4.666675e-01 4.725009e-01 4.783342e-01 2.514132e-02
4.783342e-01 4.841675e-01 4.900009e-01 2.523018e-02
4.900009e-01 4.958342e-01 5.016675e-01 2.529435e-02
5.016675e-01 5.075009e-01 5.133342e-01 2.533487e-02
5.133342e-01 5.191675e-01 5.250008e-01 2.535280e-02
5.250008e-01 5.308342e-01 5.366675e-01 2.534918e-02
5.366675e-01 5.425008e-01 5.483342e-01 2.532502e-02
5.483342e-01 5.541675e-01 5.600008e-01 2.528132e-02
5.600008e-01 5.658342e-01 5.716675e-01 2.521906e-02
5.716675e-01 5.775008e-01 5.833342e-01 2.513921e-02
5.833342e-01 5.891675e-01 5.950008e-01 2.504269e-02
5.950008e-01 6.008342e-01 6.066675e-01 2.493042e-02
6.066675e-01 6.125008e-01 6.183342e-01 2.480329e-02
6.183342e-01 6.241675e-01 6.300008e-01 2.466216e-02
6.300008e-01 6.358342e-01 6.416675e-01 2.450785e-02
6.416675e-01 6.475008e-01 6.533341e-01 2.434119e-02
6.533341e-01 6.591675e-01 6.650008e-01 2.416296e-02
6.650008e-01 6.708341e-01 6.766675e-01 2.397391e-02
6.766675e-01 6.825008e-01 6.883341e-01 2.377477e-02
6.883341e-01 6.941675e-01 7.000008e-01 2.356625e-02
7.000008e-01 7.058341e-01 7.116675e-01 2.334903e-02
7.116675e-01 7.175008e-01 7.233341e-01 2.312376e-02
7.233341e-01 7.291675e-01 7.350008e-01 2.289106e-02
7.350008e-01 7.408341e-01 7.466675e-01 2.265155e-02
7.466675e-01 7.525008e-01 7.583341e-01 2.240580e-02
7.583341e-01 7.641674e-01 7.700008e-01 2.215435e-02
7.700008e-01 7.758341e-01 7.816674e-01 2.189776e-02
7.816674e-01 7.875008e-01 7.933341e-01 2.163652e-02
7.933341e-01 7.991674e-01 8.050008e-01 2.137112e-02
8.050008e-01 8.108341e-01 8.166674e-01 2.110202e-02
8.166674e-01 8.225008e-01 8.283341e-01 2.082966e-02
8.283341e-01 8.341674e-01 8.400008e-01 2.055448e-02
8.400008e-01 8.458341e-01 8.516674e-01 2.027686e-02
8.516674e-01 8.575008e-01 8.633341e-01 1.999720e-02
8.633341e-01 8.691674e-01 8.750007e-01 1.971585e-02
8.750007e-01 8.808341e-01 8.866674e-01 1.943317e-02
8.866674e-01 8.925007e-01 8.983341e-01 1.914948e-02
8.983341e-01 9.041674e-01 9.100007e-01 1.886508e-02
9.100007e-01 9.158341e-01 9.216674e-01 1.858029e-02
9.216674e-01 9.275007e-01 9.333341e-01 1.829536e-02
9.333341e-01 9.391674e-01 9.450007e-01 1.801058e-02
9.450007e-01 9.508341e-01 9.566674e-01 1.772618e-02
9.566674e-01 9.625007e-01 9.683341e-01 1.744239e-02
9.683341e-01 9.741674e-01 9.800007e-01 1.715945e-02
9.800007e-01 9.858341e-01 9.916674e-01 1.687756e-02
9.916674e-01 9.975007e-01 1.003334e+00 1.659691e-02
1.003334e+00 1.009167e+00 1.015001e+00 1.631768e-02
1.015001e+00 1.020834e+00 1.026667e+00 1.604004e-02
1.026667e+00 1.032501e+00 1.038334e+00 1.576417e-02
1.038334e+00 1.044167e+00 1.050001e+00 1.549019e-02
1.050001e+00 1.055834e+00 1.061667e+00 1.521826e-02
1.061667e+00 1.067501e+00 1.073334e+00 1.494850e-02
1.073334e+00 1.079167e+00 1.085001e+00 1.468103e-02
1.085001e+00 1.090834e+00 1.096667e+00 1.441597e-02
1.096667e+00 1.102501e+00 1.108334e+00 1.415340e-02
1.108334e+00 1.114167e+00 1.120001e+00 1.389344e-02
1.120001e+00 1.125834e+00 1.131667e+00 1.363615e-02
1.131667e+00 1.137501e+00 1.143334e+00 1.338163e-02
1.143334e+00 1.149167e+00 1.155001e+00 1.312994e-02
1.155001e+00 1.160834e+00 1.166667e+00 1.288115e-02
1.166667e+00 1.172501e+00 1.178334e+00 1.263531e-02
1.178334e+00 1.184167e+00 1.190001e+00 1.239248e-02
1.190001e+00 1.195834e+00 1.201667e+00 1.215271e-02
1.201667e+00 1.207501e+00 1.213334e+00 1.191602e-02
1.213334e+00 1.219167e+00 1.225001e+00 1.168247e-02
1.225001e+00 1.230834e+00 1.236667e+00 1.145208e-02
1.236667e+00 1.242501e+00 1.248334e+00 1.122487e-02
1.248334e+00 1.254167e+00 1.260001e+00 1.100087e-02
1.260001e+00 1.265834e+00 1.271667e+00 1.078010e-02
1.271667e+00 1.277501e+00 1.283334e+00 1.056256e-02
1.283334e+00 1.289167e+00 1.295001e+00 1.034826e-02
1.295001e+00 1.300834e+00 1.306667e+00 1.013722e-02
1.306667e+00 1.312501e+00 1.318334e+00 9.929431e-03
1.318334e+00 1.324167e+00 1.330001e+00 9.724894e-03
1.330001e+00 1.335834e+00 1.341667e+00 9.523605e-03
1.341667e+00 1.347501e+00 1.353334e+00 9.325558e-03
1.353334e+00 1.359167e+00 1.365001e+00 9.130743e-03
1.365001e+00 1.370834e+00 1.376667e+00 8.939148e-03
1.376667e+00 1.382501e+00 1.388334e+00 8.750759e-03
1.388334e+00 1.394167e+00 1.400001e+00 8.565561e-03
1.400001e+00 1.405834e+00 1.411667e+00 8.383533e-03
1.411667e+00 1.417501e+00 1.423334e+00 8.204656e-03
1.423334e+00 1.429167e+00 1.435001e+00 8.028909e-03
1.435001e+00 1.440834e+00 1.446667e+00 7.856267e-03
1.446667e+00 1.452501e+00 1.458334e+00 7.686705e-03
1.458334e+00 1.464167e+00 1.470001e+00 7.520197e-03
1.470001e+00 1.475834e+00 1.481667e+00 7.356715e-03
1.481667e+00 1.487501e+00 1.493334e+00 7.196229e-03
1.493334e+00 1.499167e+00 1.505001e+00 7.038711e-03
1.505001e+00 1.510834e+00 1.516667e+00 6.884128e-03
1.516667e+00 1.522501e+00 1.528334e+00 6.732448e-03
1.528334e+00 1.534167e+00 1.540001e+00 6.583640e-03
1.540001e+00 1.545834e+00 1.551667e+00 6.437669e-03
1.551667e+00 1.557501e+00 1.563334e+00 6.294501e-03
1.563334e+00 1.569167e+00 1.575001e+00 6.154102e-03
1.575001e+00 1.580834e+00 1.586667e+00 6.016435e-03
1.586667e+00 1.592501e+00 1.598334e+00 5.881466e-03
1.598334e+00 1.604167e+00 1.610001e+00 5.749158e-03
1.610001e+00 1.615834e+00 1.621667e+00 5.619474e-03
1.621667e+00 1.627501e+00 1.633334e+00 5.492379e-03
1.633334e+00 1.639167e+00 1.645001e+00 5.367834e-03
1.645001e+00 1.650834e+00 1.656667e+00 5.245803e-03
1.656667e+00 1.662501e+00 1.668334e+00 5.126248e-03
1.668334e+00 1.674167e+00 1.680001e+00 5.009132e-03
1.680001e+00 1.685834e+00 1.691667e+00 4.894417e-03
1.691667e+00 1.697501e+00 1.703334e+00 4.782067e-03
1.703334e+00 1.709167e+00 1.715001e+00 4.672043e-03
1.715001e+00 1.720834e+00 1.726667e+00 4.564308e-03
1.726667e+00 1.732501e+00 1.738334e+00 4.458825e-03
1.738334e+00 1.744167e+00 1.750000e+00 4.355557e-03
1.750000e+00 1.755834e+00 1.761667e+00 4.254467e-03
1.761667e+00 1.767500e+00 1.773334e+00 4.155518e-03
1.773334e+00 1.779167e+00 1.785000e+00 4.058673e-03
1.785000e+00 1.790834e+00 1.796667e+00 3.963896e-03
1.796667e+00 1.802500e+00 1.808334e+00 3.871151e-03
1.808334e+00 1.814167e+00 1.820000e+00 3.780402e-03
1.820000e+00 1.825834e+00 1.831667e+00 3.691613e-03
1.831667e+00 1.837500e+00 1.843334e+00 3.604749e-03
1.843334e+00 1.849167e+00 1.855000e+00 3.519775e-03
1.855000e+00 1.860834e+00 1.866667e+00 3.436656e-03
1.866667e+00 1.872500e+00 1.878334e+00 3.355358e-03
1.878334e+00 1.884167e+00 1.890000e+00 3.275848e-03
1.890000e+00 1.895834e+00 1.901667e+00 3.198091e-03
1.901667e+00 1.907500e+00 1.913334e+00 3.122054e-03
1.913334e+00 1.919167e+00 1.925000e+00 3.047705e-03
1.925000e+00 1.930834e+00 1.936667e+00 2.975011e-03
1.936667e+00 1.942500e+00 1.948334e+00 2.903940e-03
1.948334e+00 1.954167e+00 1.960000e+00 2.834460e-03
1.960000e+00 1.965834e+00 1.971667e+00 2.766541e-03
1.971667e+00 1.977500e+00 1.983334e+00 2.700151e-03
1.983334e+00 1.989167e+00 1.995000e+00 2.635260e-03
1.995000e+00 2.000834e+00 2.006667e+00 2.571838e-03
2.006667e+00 2.012500e+00 2.018334e+00 2.509856e-03
2.018334e+00 2.024167e+00 2.030000e+00 2.449284e-03
2.030000e+00 2.035834e+00 2.041667e+00 2.390094e-03
2.041667e+00 2.047500e+00 2.053334e+00 2.332258e-03
2.053334e+00 2.059167e+00 2.065000e+00 2.275748e-03
2.065000e+00 2.070834e+00 2.076667e+00 2.220536e-03
2.076667e+00 2.082500e+00 2.088334e+00 2.166595e-03
2.088334e+00 2.094167e+00 2.100000e+00 2.113900e-03
2.100000e+00 2.105834e+00 2.111667e+00 2.062424e-03
2.111667e+00 2.117500e+00 2.123334e+00 2.012141e-03
2.123334e+00 2.129167e+00 2.135000e+00 1.963026e-03
2.135000e+00 2.140834e+00 2.146667e+00 1.915055e-03
2.146667e+00 2.152500e+00 2.158334e+00 1.868203e-03
2.158334e+00 2.164167e+00 2.170000e+00 1.822446e-03
2.170000e+00 2.175834e+00 2.181667e+00 1.777760e-03
2.181667e+00 2.187500e+00 2.193334e+00 1.734123e-03
2.193334e+00 2.199167e+00 2.205000e+00 1.691512e-03
2.205000e+00 2.210834e+00 2.216667e+00 1.649905e-03
2.216667e+00 2.222500e+00 2.228334e+00 1.609279e-03
2.228334e+00 2.234167e+00 2.240000e+00 1.569614e-03
2.240000e+00 2.245834e+00 2.251667e+00 1.530888e-03
2.251667e+00 2.257500e+00 2.263334e+00 1.493080e-03
2.263334e+00 2.269167e+00 2.275000e+00 1.456171e-03
2.275000e+00 2.280834e+00 2.286667e+00 1.420140e-03
2.286667e+00 2.292500e+00 2.298334e+00 1.384968e-03
2.298334e+00 2.304167e+00 2.310000e+00 1.350636e-03
2.310000e+00 2.315834e+00 2.321667e+00 1.317124e-03
2.321667e+00 2.327500e+00 2.333334e+00 1.284415e-03
2.333334e+00 2.339167e+00 2.345000e+00 1.252491e-03
2.345000e+00 2.350834e+00 2.356667e+00 1.221333e-03
2.356667e+00 2.362500e+00 2.368334e+00 1.190925e-03
2.368334e+00 2.374167e+00 2.380000e+00 1.161249e-03
2.380000e+00 2.385834e+00 2.391667e+00 1.132289e-03
2.391667e+00 2.397500e+00 2.403334e+00 1.104029e-03
2.403334e+00 2.409167e+00 2.415000e+00 1.076452e-03
2.415000e+00 2.420834e+00 2.426667e+00 1.049543e-03
2.426667e+00 2.432500e+00 2.438334e+00 1.023287e-03
2.438334e+00 2.444167e+00 2.450000e+00 9.976677e-04
2.450000e+00 2.455834e+00 2.461667e+00 9.726717e-04
2.461667e+00 2.467500e+00 2.473334e+00 9.482842e-04
2.473334e+00 2.479167e+00 2.485000e+00 9.244911e-04
2.485000e+00 2.490834e+00 2.496667e+00 9.012785e-04
2.496667e+00 2.502500e+00 2.508334e+00 8.786329e-04
2.508334e+00 2.514167e+00 2.520000e+00 8.565413e-04
2.520000e+00 2.525834e+00 2.531667e+00 8.349905e-04
2.531667e+00 2.537500e+00 2.543334e+00 8.139681e-04
2.543334e+00 2.549167e+00 2.555000e+00 7.934614e-04
2.555000e+00 2.560834e+00 2.566667e+00 7.734586e-04
2.566667e+00 2.572500e+00 2.578334e+00 7.539477e-04
2.578334e+00 2.584167e+00 2.590000e+00 7.349170e-04
2.590000e+00 2.595834e+00 2.601667e+00 7.163553e-04
2.601667e+00 2.607500e+00 2.613334e+00 6.982515e-04
2.613334e+00 2.619167e+00 2.625000e+00 6.805947e-04
2.625000e+00 2.630834e+00 2.636667e+00 6.633743e-04
2.636667e+00 2.642500e+00 2.648334e+00 6.465799e-04
2.648334e+00 2.654167e+00 2.660000e+00 6.302014e-04
2.660000e+00 2.665834e+00 2.671667e+00 6.142288e-04
2.671667e+00 2.677500e+00 2.683334e+00 5.986525e-04
2.683334e+00 2.689167e+00 2.695000e+00 5.834630e-04
2.695000e+00 2.700834e+00 2.706667e+00 5.686509e-04
2.706667e+00 2.712500e+00 2.718334e+00 5.542073e-04
2.718334e+00 2.724167e+00 2.730000e+00 5.401232e-04
2.730000e+00 2.735834e+00 2.741667e+00 5.263900e-04
2.741667e+00 2.747500e+00 2.753334e+00 5.129994e-04
2.753334e+00 2.759167e+00 2.765000e+00 4.999429e-04
2.765000e+00 2.770834e+00 2.776667e+00 4.872125e-04
2.776667e+00 2.782500e+00 2.788334e+00 4.748003e-04
2.788334e+00 2.794167e+00 2.800000e+00 4.626986e-04
2.800000e+00 2.805834e+00 2.811667e+00 4.508999e-04
2.811667e+00 2.817500e+00 2.823334e+00 4.393967e-04
2.823334e+00 2.829167e+00 2.835000e+00 4.281820e-04
2.835000e+00 2.840834e+00 2.846667e+00 4.172487e-04
2.846667e+00 2.852500e+00 2.858334e+00 4.065898e-04
2.858334e+00 2.864167e+00 2.870000e+00 3.961988e-04
2.870000e+00 2.875834e+00 2.881667e+00 3.860691e-04
2.881667e+00 2.887500e+00 2.893334e+00 3.761942e-04
2.893334e+00 2.899167e+00 2.905000e+00 3.665679e-04
2.905000e+00 2.910834e+00 2.916667e+00 3.571842e-04
2.916667e+00 2.922500e+00 2.928333e+00 3.480370e-04
2.928333e+00 2.934167e+00 2.940000e+00 3.391206e-04
2.940000e+00 2.945833e+00 2.951667e+00 3.304292e-04
2.951667e+00 2.957500e+00 2.963333e+00 3.219574e-04
2.963333e+00 2.969167e+00 2.975000e+00 3.136997e-04
2.975000e+00 2.980833e+00 2.986667e+00 3.056508e-04
2.986667e+00 2.992500e+00 2.998333e+00 2.978056e-04
2.998333e+00 3.004167e+00 3.010000e+00 2.901590e-04
3.010000e+00 3.015833e+00 3.021667e+00 2.827061e-04
3.021667e+00 3.027500e+00 3.033333e+00 2.754421e-04
3.033333e+00 3.039167e+00 3.045000e+00 2.683624e-04
3.045000e+00 3.050833e+00 3.056667e+00 2.614623e-04
3.056667e+00 3.062500e+00 3.068333e+00 2.547374e-04
3.068333e+00 3.074167e+00 3.080000e+00 2.481833e-04
3.080000e+00 3.085833e+00 3.091667e+00 2.417958e-04
3.091667e+00 3.097500e+00 3.103333e+00 2.355707e-04
3.103333e+00 3.109167e+00 3.115000e+00 2.295040e-04
3.115000e+00 3.120833e+00 3.126667e+00 2.235918e-04
3.126667e+00 3.132500e+00 3.138333e+00 2.178301e-04
3.138333e+00 3.144167e+00 3.150000e+00 2.122152e-04
3.150000e+00 3.155833e+00 3.161667e+00 2.067434e-04
3.161667e+00 3.167500e+00 3.173333e+00 2.014112e-04
3.173333e+00 3.179167e+00 3.185000e+00 1.962150e-04
3.185000e+00 3.190833e+00 3.196667e+00 1.911515e-04
3.196667e+00 3.202500e+00 3.208333e+00 1.862173e-04
3.208333e+00 3.214167e+00 3.220000e+00 1.814092e-04
3.220000e+00 3.225833e+00 3.231667e+00 1.767239e-04
3.231667e+00 3.237500e+00 3.243333e+00 1.721585e-04
3.243333e+00 3.249167e+00 3.255000e+00 1.677099e-04
3.255000e+00 3.260833e+00 3.266667e+00 1.633751e-04
3.266667e+00 3.272500e+00 3.278333e+00 1.591513e-04
3.278333e+00 3.284167e+00 3.290000e+00 1.550357e-04
3.290000e+00 3.295833e+00 3.301667e+00 1.510256e-04
3.301667e+00 3.307500e+00 3.313333e+00 1.471182e-04
3.313333e+00 3.319167e+00 3.325000e+00 1.433111e-04
3.325000e+00 3.330833e+00 3.336667e+00 1.396016e-04
3.336667e+00 3.342500e+00 3.348333e+00 1.359873e-04
3.348333e+00 3.354167e+00 3.360000e+00 1.324658e-04
3.360000e+00 3.365833e+00 3.371667e+00 1.290348e-04
3.371667e+00 3.377500e+00 3.383333e+00 1.256919e-04
3.383333e+00 3.389167e+00 3.395000e+00 1.224349e-04
3.395000e+00 3.400833e+00 3.406667e+00 1.192617e-04
3.406667e+00 3.412500e+00 3.418333e+00 1.161700e-04
3.418333e+00 3.424167e+00 3.430000e+00 1.131579e-04
3.430000e+00 3.435833e+00 3.441667e+00 1.102233e-04
3.441667e+00 3.447500e+00 3.453333e+00 1.073643e-04
3.453333e+00 3.459167e+00 3.465000e+00 1.045789e-04
3.465000e+00 3.470833e+00 3.476667e+00 1.018652e-04
3.476667e+00 3.482500e+00 3.488333e+00 9.922146e-05
3.488333e+00 3.494167e+00 3.500000e+00 9.664586e-05
