1.000000e-06 5.834332e-03 1.166766e-02 3.178765e-05
1.166766e-02 1.750099e-02 2.333433e-02 2.603902e-04
2.333433e-02 2.916766e-02 3.500099e-02 6.675113e-04
3.500099e-02 4.083432e-02 4.666765e-02 1.215639e-03
4.666765e-02 5.250099e-02 5.833432e-02 1.875453e-03
5.833432e-02 6.416765e-02 7.000098e-02 2.623158e-03
7.000098e-02 7.583431e-02 8.166764e-02 3.439067e-03
8.166764e-02 8.750097e-02 9.333431e-02 4.306701e-03
9.333431e-02 9.916764e-02 1.050010e-01 5.212168e-03
1.050010e-01 1.108343e-01 1.166676e-01 6.143696e-03
1.166676e-01 1.225010e-01 1.283343e-01 7.091286e-03
1.283343e-01 1.341676e-01 1.400010e-01 8.046433e-03
1.400010e-01 1.458343e-01 1.516676e-01 9.001903e-03
1.516676e-01 1.575010e-01 1.633343e-01 9.951549e-03
1.633343e-01 1.691676e-01 1.750009e-01 1.089016e-02
1.750009e-01 1.808343e-01 1.866676e-01 1.181334e-02
1.866676e-01 1.925009e-01 1.983343e-01 1.271739e-02
1.983343e-01 2.041676e-01 2.100009e-01 1.359921e-02
2.100009e-01 2.158343e-01 2.216676e-01 1.445626e-02
2.216676e-01 2.275009e-01 2.333343e-01 1.528644e-02
2.333343e-01 2.391676e-01 2.450009e-01 1.608806e-02
2.450009e-01 2.508343e-01 2.566676e-01 1.685979e-02
2.566676e-01 2.625009e-01 2.683343e-01 1.760061e-02
2.683343e-01 2.741676e-01 2.800009e-01 1.830976e-02
2.800009e-01 2.858343e-01 2.916676e-01 1.898672e-02
2.916676e-01 2.975009e-01 3.033342e-01 1.963120e-02
3.033342e-01 3.091676e-01 3.150009e-01 2.024304e-02
3.150009e-01 3.208342e-01 3.266676e-01 2.082229e-02
3.266676e-01 3.325009e-01 3.383342e-01 2.136910e-02
3.383342e-01 3.441676e-01 3.500009e-01 2.188374e-02
3.500009e-01 3.558342e-01 3.616676e-01 2.236660e-02
3.616676e-01 3.675009e-01 3.733342e-01 2.281814e-02
3.733342e-01 3.791676e-01 3.850009e-01 2.323890e-02
3.850009e-01 3.908342e-01 3.966676e-01 2.362947e-02
3.966676e-01 4.025009e-01 4.083342e-01 2.399052e-02
4.083342e-01 4.141675e-01 4.200009e-01 2.432273e-02
4.200009e-01 4.258342e-01 4.316675e-01 2.462684e-02
4.316675e-01 4.375009e-01 4.433342e-01 2.490361e-02
4.433342e-01 4.491675e-01 4.550009e-01 2.515381e-02
4.550009e-01 4.608342e-01 4.666675e-01 2.537826e-02
4.666675e-01 4.725009e-01 4.783342e-01 2.557774e-02
4.783342e-01 4.841675e-01 4.900009e-01 2.575309e-02
4.900009e-01 4.958342e-01 5.016675e-01 2.590512e-02
5.016675e-01 5.075009e-01 5.133342e-01 2.603466e-02
5.133342e-01 5.191675e-01 5.250008e-01 2.614252e-02
5.250008e-01 5.308342e-01 5.366675e-01 2.622951e-02
5.366675e-01 5.425008e-01 5.483342e-01 2.629644e-02
5.483342e-01 5.541675e-01 5.600008e-01 2.634411e-02
5.600008e-01 5.658342e-01 5.716675e-01 2.637331e-02
5.716675e-01 5.775008e-01 5.833342e-01 2.638479e-02
5.833342e-01 5.891675e-01 5.950008e-01 2.637933e-02
5.950008e-01 6.008342e-01 6.066675e-01 2.635767e-02
6.066675e-01 6.125008e-01 6.183342e-01 2.632054e-02
6.183342e-01 6.241675e-01 6.300008e-01 2.626865e-02
6.300008e-01 6.358342e-01 6.416675e-01 2.620269e-02
6.416675e-01 6.475008e-01 6.533341e-01 2.612335e-02
6.533341e-01 6.591675e-01 6.650008e-01 2.603128e-02
6.650008e-01 6.708341e-01 6.766675e-01 2.592713e-02
6.766675e-01 6.825008e-01 6.883341e-01 2.581152e-02
6.883341e-01 6.941675e-01 7.000008e-01 2.568506e-02
7.000008e-01 7.058341e-01 7.116675e-01 2.554835e-02
7.116675e-01 7.175008e-01 7.233341e-01 2.540193e-02
7.233341e-01 7.291675e-01 7.350008e-01 2.524639e-02
7.350008e-01 7.408341e-01 7.466675e-01 2.508223e-02
7.466675e-01 7.525008e-01 7.583341e-01 2.490999e-02
7.583341e-01 7.641674e-01 7.700008e-01 2.473016e-02
7.700008e-01 7.758341e-01 7.816674e-01 2.454323e-02
7.816674e-01 7.875008e-01 7.933341e-01 2.434965e-02
7.933341e-01 7.991674e-01 8.050008e-01 2.414988e-02
8.050008e-01 8.108341e-01 8.166674e-01 2.394436e-02
8.166674e-01 8.225008e-01 8.283341e-01 2.373348e-02
8.283341e-01 8.341674e-01 8.400008e-01 2.351767e-02
8.400008e-01 8.458341e-01 8.516674e-01 2.329729e-02
8.516674e-01 8.575008e-01 8.633341e-01 2.307273e-02
8.633341e-01 8.691674e-01 8.750007e-01 2.284433e-02
8.750007e-01 8.808341e-01 8.866674e-01 2.261244e-02
8.866674e-01 8.925007e-01 8.983341e-01 2.237738e-02
8.983341e-01 9.041674e-01 9.100007e-01 2.213947e-02
9.100007e-01 9.158341e-01 9.216674e-01 2.189901e-02
9.216674e-01 9.275007e-01 9.333341e-01 2.165629e-02
9.333341e-01 9.391674e-01 9.450007e-01 2.141157e-02
9.450007e-01 9.508341e-01 9.566674e-01 2.116513e-02
9.566674e-01 9.625007e-01 9.683341e-01 2.091721e-02
9.683341e-01 9.741674e-01 9.800007e-01 2.066805e-02
9.800007e-01 9.858341e-01 9.916674e-01 2.041789e-02
9.916674e-01 9.975007e-01 1.003334e+00 2.016694e-02
1.003334e+00 1.009167e+00 1.015001e+00 1.991542e-02
1.015001e+00 1.020834e+00 1.026667e+00 1.966351e-02
1.026667e+00 1.032501e+00 1.038334e+00 1.941140e-02
1.038334e+00 1.044167e+00 1.050001e+00 1.915929e-02
1.050001e+00 1.055834e+00 1.061667e+00 1.890733e-02
1.061667e+00 1.067501e+00 1.073334e+00 1.865568e-02
1.073334e+00 1.079167e+00 1.085001e+00 1.840451e-02
1.085001e+00 1.090834e+00 1.096667e+00 1.815396e-02
1.096667e+00 1.102501e+00 1.108334e+00 1.790416e-02
1.108334e+00 1.114167e+00 1.120001e+00 1.765525e-02
1.120001e+00 1.125834e+00 1.131667e+00 1.740734e-02
1.131667e+00 1.137501e+00 1.143334e+00 1.716055e-02
1.143334e+00 1.149167e+00 1.155001e+00 1.691500e-02
1.155001e+00 1.160834e+00 1.166667e+00 1.667078e-02
1.166667e+00 1.172501e+00 1.178334e+00 1.642800e-02
1.178334e+00 1.184167e+00 1.190001e+00 1.618674e-02
1.190001e+00 1.195834e+00 1.201667e+00 1.594708e-02
1.201667e+00 1.207501e+00 1.213334e+00 1.570911e-02
1.213334e+00 1.219167e+00 1.225001e+00 1.547291e-02
1.225001e+00 1.230834e+00 1.236667e+00 1.523854e-02
1.236667e+00 1.242501e+00 1.248334e+00 1.500606e-02
1.248334e+00 1.254167e+00 1.260001e+00 1.477553e-02
1.260001e+00 1.265834e+00 1.271667e+00 1.454702e-02
1.271667e+00 1.277501e+00 1.283334e+00 1.432057e-02
1.283334e+00 1.289167e+00 1.295001e+00 1.409623e-02
1.295001e+00 1.300834e+00 1.306667e+00 1.387405e-02
1.306667e+00 1.312501e+00 1.318334e+00 1.365405e-02
1.318334e+00 1.324167e+00 1.330001e+00 1.343628e-02
1.330001e+00 1.335834e+00 1.341667e+00 1.322078e-02
1.341667e+00 1.347501e+00 1.353334e+00 1.300756e-02
1.353334e+00 1.359167e+00 1.365001e+00 1.279666e-02
1.365001e+00 1.370834e+00 1.376667e+00 1.258810e-02
1.376667e+00 1.382501e+00 1.388334e+00 1.238190e-02
1.388334e+00 1.394167e+00 1.400001e+00 1.217808e-02
1.400001e+00 1.405834e+00 1.411667e+00 1.197665e-02
1.411667e+00 1.417501e+00 1.423334e+00 1.177762e-02
1.423334e+00 1.429167e+00 1.435001e+00 1.158101e-02
1.435001e+00 1.440834e+00 1.446667e+00 1.138683e-02
1.446667e+00 1.452501e+00 1.458334e+00 1.119507e-02
1.458334e+00 1.464167e+00 1.470001e+00 1.100575e-02
1.470001e+00 1.475834e+00 1.481667e+00 1.081887e-02
1.481667e+00 1.487501e+00 1.493334e+00 1.063442e-02
1.493334e+00 1.499167e+00 1.505001e+00 1.045241e-02
1.505001e+00 1.510834e+00 1.516667e+00 1.027283e-02
1.516667e+00 1.522501e+00 1.528334e+00 1.009568e-02
1.528334e+00 1.534167e+00 1.540001e+00 9.920950e-03
1.540001e+00 1.545834e+00 1.551667e+00 9.748635e-03
1.551667e+00 1.557501e+00 1.563334e+00 9.578727e-03
1.563334e+00 1.569167e+00 1.575001e+00 9.411214e-03
1.575001e+00 1.580834e+00 1.586667e+00 9.246088e-03
1.586667e+00 1.592501e+00 1.598334e+00 9.083334e-03
1.598334e+00 1.604167e+00 1.610001e+00 8.922941e-03
1.610001e+00 1.615834e+00 1.621667e+00 8.764894e-03
1.621667e+00 1.627501e+00 1.633334e+00 8.609179e-03
1.633334e+00 1.639167e+00 1.645001e+00 8.455779e-03
1.645001e+00 1.650834e+00 1.656667e+00 8.304679e-03
1.656667e+00 1.662501e+00 1.668334e+00 8.155861e-03
1.668334e+00 1.674167e+00 1.680001e+00 8.009306e-03
1.680001e+00 1.685834e+00 1.691667e+00 7.864998e-03
1.691667e+00 1.697501e+00 1.703334e+00 7.722915e-03
1.703334e+00 1.709167e+00 1.715001e+00 7.583040e-03
1.715001e+00 1.720834e+00 1.726667e+00 7.445351e-03
1.726667e+00 1.732501e+00 1.738334e+00 7.309829e-03
1.738334e+00 1.744167e+00 1.750000e+00 7.176451e-03
1.750000e+00 1.755834e+00 1.761667e+00 7.045198e-03
1.761667e+00 1.767500e+00 1.773334e+00 6.916046e-03
1.773334e+00 1.779167e+00 1.785000e+00 6.788974e-03
1.785000e+00 1.790834e+00 1.796667e+00 6.663959e-03
1.796667e+00 1.802500e+00 1.808334e+00 6.540980e-03
1.808334e+00 1.814167e+00 1.820000e+00 6.420013e-03
1.820000e+00 1.825834e+00 1.831667e+00 6.301035e-03
1.831667e+00 1.837500e+00 1.843334e+00 6.184023e-03
1.843334e+00 1.849167e+00 1.855000e+00 6.068954e-03
1.855000e+00 1.860834e+00 1.866667e+00 5.955804e-03
1.866667e+00 1.872500e+00 1.878334e+00 5.844551e-03
1.878334e+00 1.884167e+00 1.890000e+00 5.735169e-03
1.890000e+00 1.895834e+00 1.901667e+00 5.627636e-03
1.901667e+00 1.907500e+00 1.913334e+00 5.521928e-03
1.913334e+00 1.919167e+00 1.925000e+00 5.418022e-03
1.925000e+00 1.930834e+00 1.936667e+00 5.315893e-03
1.936667e+00 1.942500e+00 1.948334e+00 5.215518e-03
1.948334e+00 1.954167e+00 1.960000e+00 5.116873e-03
1.960000e+00 1.965834e+00 1.971667e+00 5.019935e-03
1.971667e+00 1.977500e+00 1.983334e+00 4.924681e-03
1.983334e+00 1.989167e+00 1.995000e+00 4.831086e-03
1.995000e+00 2.000834e+00 2.006667e+00 4.739128e-03
2.006667e+00 2.012500e+00 2.018334e+00 4.648783e-03
2.018334e+00 2.024167e+00 2.030000e+00 4.560029e-03
2.030000e+00 2.035834e+00 2.041667e+00 4.472841e-03
2.041667e+00 2.047500e+00 2.053334e+00 4.387198e-03
2.053334e+00 2.059167e+00 2.065000e+00 4.303077e-03
2.065000e+00 2.070834e+00 2.076667e+00 4.220454e-03
2.076667e+00 2.082500e+00 2.088334e+00 4.139308e-03
2.088334e+00 2.094167e+00 2.100000e+00 4.059616e-03
2.100000e+00 2.105834e+00 2.111667e+00 3.981356e-03
2.111667e+00 2.117500e+00 2.123334e+00 3.904507e-03
2.123334e+00 2.129167e+00 2.135000e+00 3.829046e-03
2.135000e+00 2.140834e+00 2.146667e+00 3.754952e-03
2.146667e+00 2.152500e+00 2.158334e+00 3.682204e-03
2.158334e+00 2.164167e+00 2.170000e+00 3.610781e-03
2.170000e+00 2.175834e+00 2.181667e+00 3.540660e-03
2.181667e+00 2.187500e+00 2.193334e+00 3.471823e-03
2.193334e+00 2.199167e+00 2.205000e+00 3.404248e-03
2.205000e+00 2.210834e+00 2.216667e+00 3.337915e-03
2.216667e+00 2.222500e+00 2.228334e+00 3.272804e-03
2.228334e+00 2.234167e+00 2.240000e+00 3.208895e-03
2.240000e+00 2.245834e+00 2.251667e+00 3.146169e-03
2.251667e+00 2.257500e+00 2.263334e+00 3.084605e-03
2.263334e+00 2.269167e+00 2.275000e+00 3.024185e-03
2.275000e+00 2.280834e+00 2.286667e+00 2.964889e-03
2.286667e+00 2.292500e+00 2.298334e+00 2.906700e-03
2.298334e+00 2.304167e+00 2.310000e+00 2.849598e-03
2.310000e+00 2.315834e+00 2.321667e+00 2.793566e-03
2.321667e+00 2.327500e+00 2.333334e+00 2.738584e-03
2.333334e+00 2.339167e+00 2.345000e+00 2.684636e-03
2.345000e+00 2.350834e+00 2.356667e+00 2.631703e-03
2.356667e+00 2.362500e+00 2.368334e+00 2.579768e-03
2.368334e+00 2.374167e+00 2.380000e+00 2.528815e-03
2.380000e+00 2.385834e+00 2.391667e+00 2.478826e-03
2.391667e+00 2.397500e+00 2.403334e+00 2.429785e-03
2.403334e+00 2.409167e+00 2.415000e+00 2.381674e-03
2.415000e+00 2.420834e+00 2.426667e+00 2.334479e-03
2.426667e+00 2.432500e+00 2.438334e+00 2.288182e-03
2.438334e+00 2.444167e+00 2.450000e+00 2.242768e-03
2.450000e+00 2.455834e+00 2.461667e+00 2.198222e-03
2.461667e+00 2.467500e+00 2.473334e+00 2.154528e-03
2.473334e+00 2.479167e+00 2.485000e+00 2.111672e-03
2.485000e+00 2.490834e+00 2.496667e+00 2.069637e-03
2.496667e+00 2.502500e+00 2.508334e+00 2.028410e-03
2.508334e+00 2.514167e+00 2.520000e+00 1.987977e-03
2.520000e+00 2.525834e+00 2.531667e+00 1.948322e-03
2.531667e+00 2.537500e+00 2.543334e+00 1.909432e-03
2.543334e+00 2.549167e+00 2.555000e+00 1.871294e-03
2.555000e+00 2.560834e+00 2.566667e+00 1.833893e-03
2.566667e+00 2.572500e+00 2.578334e+00 1.797216e-03
2.578334e+00 2.584167e+00 2.590000e+00 1.761250e-03
2.590000e+00 2.595834e+00 2.601667e+00 1.725982e-03
2.601667e+00 2.607500e+00 2.613334e+00 1.691400e-03
2.613334e+00 2.619167e+00 2.625000e+00 1.657491e-03
2.625000e+00 2.630834e+00 2.636667e+00 1.624242e-03
2.636667e+00 2.642500e+00 2.648334e+00 1.591641e-03
2.648334e+00 2.654167e+00 2.660000e+00 1.559677e-03
2.660000e+00 2.665834e+00 2.671667e+00 1.528337e-03
2.671667e+00 2.677500e+00 2.683334e+00 1.497610e-03
2.683334e+00 2.689167e+00 2.695000e+00 1.467486e-03
2.695000e+00 2.700834e+00 2.706667e+00 1.437951e-03
2.706667e+00 2.712500e+00 2.718334e+00 1.408996e-03
2.718334e+00 2.724167e+00 2.730000e+00 1.380610e-03
2.730000e+00 2.735834e+00 2.741667e+00 1.352782e-03
2.741667e+00 2.747500e+00 2.753334e+00 1.325502e-03
2.753334e+00 2.759167e+00 2.765000e+00 1.298759e-03
2.765000e+00 2.770834e+00 2.776667e+00 1.272543e-03
2.776667e+00 2.782500e+00 2.788334e+00 1.246844e-03
2.788334e+00 2.794167e+00 2.800000e+00 1.221653e-03
2.800000e+00 2.805834e+00 2.811667e+00 1.196960e-03
2.811667e+00 2.817500e+00 2.823334e+00 1.172756e-03
2.823334e+00 2.829167e+00 2.835000e+00 1.149030e-03
2.835000e+00 2.840834e+00 2.846667e+00 1.125775e-03
2.846667e+00 2.852500e+00 2.858334e+00 1.102981e-03
2.858334e+00 2.864167e+00 2.870000e+00 1.080640e-03
2.870000e+00 2.875834e+00 2.881667e+00 1.058742e-03
2.881667e+00 2.887500e+00 2.893334e+00 1.037280e-03
2.893334e+00 2.899167e+00 2.905000e+00 1.016244e-03
2.905000e+00 2.910834e+00 2.916667e+00 9.956276e-04
2.916667e+00 2.922500e+00 2.928333e+00 9.754217e-04
2.928333e+00 2.934167e+00 2.940000e+00 9.556186e-04
2.940000e+00 2.945833e+00 2.951667e+00 9.362107e-04
2.951667e+00 2.957500e+00 2.963333e+00 9.171902e-04
2.963333e+00 2.969167e+00 2.975000e+00 8.985497e-04
2.975000e+00 2.980833e+00 2.986667e+00 8.802818e-04
2.986667e+00 2.992500e+00 2.998333e+00 8.623794e-04
2.998333e+00 3.004167e+00 3.010000e+00 8.448354e-04
3.010000e+00 3.015833e+00 3.021667e+00 8.276427e-04
3.021667e+00 3.027500e+00 3.033333e+00 8.107947e-04
3.033333e+00 3.039167e+00 3.045000e+00 7.942845e-04
3.045000e+00 3.050833e+00 3.056667e+00 7.781057e-04
3.056667e+00 3.062500e+00 3.068333e+00 7.622516e-04
3.068333e+00 3.074167e+00 3.080000e+00 7.467161e-04
3.080000e+00 3.085833e+00 3.091667e+00 7.314929e-04
3.091667e+00 3.097500e+00 3.103333e+00 7.165759e-04
3.103333e+00 3.109167e+00 3.115000e+00 7.019590e-04
3.115000e+00 3.120833e+00 3.126667e+00 6.876364e-04
3.126667e+00 3.132500e+00 3.138333e+00 6.736024e-04
3.138333e+00 3.144167e+00 3.150000e+00 6.598512e-04
3.150000e+00 3.155833e+00 3.161667e+00 6.463774e-04
3.161667e+00 3.167500e+00 3.173333e+00 6.331753e-04
3.173333e+00 3.179167e+00 3.185000e+00 6.202398e-04
3.185000e+00 3.190833e+00 3.196667e+00 6.075655e-04
3.196667e+00 3.202500e+00 3.208333e+00 5.951473e-04
3.208333e+00 3.214167e+00 3.220000e+00 5.829802e-04
3.220000e+00 3.225833e+00 3.231667e+00 5.710590e-04
3.231667e+00 3.237500e+00 3.243333e+00 5.593791e-04
3.243333e+00 3.249167e+00 3.255000e+00 5.479357e-04
3.255000e+00 3.260833e+00 3.266667e+00 5.367239e-04
3.266667e+00 3.272500e+00 3.278333e+00 5.257393e-04
3.278333e+00 3.284167e+00 3.290000e+00 5.149774e-04
3.290000e+00 3.295833e+00 3.301667e+00 5.044336e-04
3.301667e+00 3.307500e+00 3.313333e+00 4.941038e-04
3.313333e+00 3.319167e+00 3.325000e+00 4.839835e-04
3.325000e+00 3.330833e+00 3.336667e+00 4.740687e-04
3.336667e+00 3.342500e+00 3.348333e+00 4.643552e-04
3.348333e+00 3.354167e+00 3.360000e+00 4.548391e-04
3.360000e+00 3.365833e+00 3.371667e+00 4.455164e-04
3.371667e+00 3.377500e+00 3.383333e+00 4.363832e-04
3.383333e+00 3.389167e+00 3.395000e+00 4.274358e-04
3.395000e+00 3.400833e+00 3.406667e+00 4.186704e-04
3.406667e+00 3.412500e+00 3.418333e+00 4.100834e-04
3.418333e+00 3.424167e+00 3.430000e+00 4.016712e-04
3.430000e+00 3.435833e+00 3.441667e+00 3.934303e-04
3.441667e+00 3.447500e+00 3.453333e+00 3.853574e-04
3.453333e+00 3.459167e+00 3.465000e+00 3.774489e-04
3.465000e+00 3.470833e+00 3.476667e+00 3.697017e-04
3.476667e+00 3.482500e+00 3.488333e+00 3.621124e-04
3.488333e+00 3.494167e+00 3.500000e+00 3.546779e-04
