1.000000e-06 5.834332e-03 1.166766e-02 3.179122e-05
1.166766e-02 1.750099e-02 2.333433e-02 2.604414e-04
2.333433e-02 2.916766e-02 3.500099e-02 6.676755e-04
3.500099e-02 4.083432e-02 4.666765e-02 1.215979e-03
4.666765e-02 5.250099e-02 5.833432e-02 1.876020e-03
5.833432e-02 6.416765e-02 7.000098e-02 2.623995e-03
7.000098e-02 7.583431e-02 8.166764e-02 3.440203e-03
8.166764e-02 8.750097e-02 9.333431e-02 4.308156e-03
9.333431e-02 9.916764e-02 1.050010e-01 5.213949e-03
1.050010e-01 1.108343e-01 1.166676e-01 6.145803e-03
1.166676e-01 1.225010e-01 1.283343e-01 7.093710e-03
1.283343e-01 1.341676e-01 1.400010e-01 8.049159e-03
1.400010e-01 1.458343e-01 1.516676e-01 9.004908e-03
1.516676e-01 1.575010e-01 1.633343e-01 9.954806e-03
1.633343e-01 1.691676e-01 1.750009e-01 1.089364e-02
1.750009e-01 1.808343e-01 1.866676e-01 1.181700e-02
1.866676e-01 1.925009e-01 1.983343e-01 1.272120e-02
1.983343e-01 2.041676e-01 2.100009e-01 1.360313e-02
2.100009e-01 2.158343e-01 2.216676e-01 1.446025e-02
2.216676e-01 2.275009e-01 2.333343e-01 1.529045e-02
2.333343e-01 2.391676e-01 2.450009e-01 1.609206e-02
2.450009e-01 2.508343e-01 2.566676e-01 1.686373e-02
2.566676e-01 2.625009e-01 2.683343e-01 1.760444e-02
2.683343e-01 2.741676e-01 2.800009e-01 1.831345e-02
2.800009e-01 2.858343e-01 2.916676e-01 1.899023e-02
2.916676e-01 2.975009e-01 3.033342e-01 1.963448e-02
3.033342e-01 3.091676e-01 3.150009e-01 2.024606e-02
3.150009e-01 3.208342e-01 3.266676e-01 2.082501e-02
3.266676e-01 3.325009e-01 3.383342e-01 2.137147e-02
3.383342e-01 3.441676e-01 3.500009e-01 2.188575e-02
3.500009e-01 3.558342e-01 3.616676e-01 2.236820e-02
3.616676e-01 3.675009e-01 3.733342e-01 2.281931e-02
3.733342e-01 3.791676e-01 3.850009e-01 2.323960e-02
3.850009e-01 3.908342e-01 3.966676e-01 2.362969e-02
3.966676e-01 4.025009e-01 4.083342e-01 2.399022e-02
4.083342e-01 4.141675e-01 4.200009e-01 2.432189e-02
4.200009e-01 4.258342e-01 4.316675e-01 2.462544e-02
4.316675e-01 4.375009e-01 4.433342e-01 2.490163e-02
4.433342e-01 4.491675e-01 4.550009e-01 2.515124e-02
4.550009e-01 4.608342e-01 4.666675e-01 2.537506e-02
4.666675e-01 4.725009e-01 4.783342e-01 2.557392e-02
4.783342e-01 4.841675e-01 4.900009e-01 2.574863e-02
4.900009e-01 4.958342e-01 5.016675e-01 2.590001e-02
5.016675e-01 5.075009e-01 5.133342e-01 2.602889e-02
5.133342e-01 5.191675e-01 5.250008e-01 2.613608e-02
5.250008e-01 5.308342e-01 5.366675e-01 2.622240e-02
5.366675e-01 5.425008e-01 5.483342e-01 2.628865e-02
5.483342e-01 5.541675e-01 5.600008e-01 2.633564e-02
5.600008e-01 5.658342e-01 5.716675e-01 2.636415e-02
5.716675e-01 5.775008e-01 5.833342e-01 2.637496e-02
5.833342e-01 5.891675e-01 5.950008e-01 2.636882e-02
5.950008e-01 6.008342e-01 6.066675e-01 2.634648e-02
6.066675e-01 6.125008e-01 6.183342e-01 2.630867e-02
6.183342e-01 6.241675e-01 6.300008e-01 2.625610e-02
6.300008e-01 6.358342e-01 6.416675e-01 2.618947e-02
6.416675e-01 6.475008e-01 6.533341e-01 2.610947e-02
6.533341e-01 6.591675e-01 6.650008e-01 2.601674e-02
6.650008e-01 6.708341e-01 6.766675e-01 2.591195e-02
6.766675e-01 6.825008e-01 6.883341e-01 2.579570e-02
6.883341e-01 6.941675e-01 7.000008e-01 2.566861e-02
7.000008e-01 7.058341e-01 7.116675e-01 2.553127e-02
7.116675e-01 7.175008e-01 7.233341e-01 2.538425e-02
7.233341e-01 7.291675e-01 7.350008e-01 2.522811e-02
7.350008e-01 7.408341e-01 7.466675e-01 2.506336e-02
7.466675e-01 7.525008e-01 7.583341e-01 2.489055e-02
7.583341e-01 7.641674e-01 7.700008e-01 2.471016e-02
7.700008e-01 7.758341e-01 7.816674e-01 2.452267e-02
7.816674e-01 7.875008e-01 7.933341e-01 2.432856e-02
7.933341e-01 7.991674e-01 8.050008e-01 2.412827e-02
8.050008e-01 8.108341e-01 8.166674e-01 2.392224e-02
8.166674e-01 8.225008e-01 8.283341e-01 2.371087e-02
8.283341e-01 8.341674e-01 8.400008e-01 2.349458e-02
8.400008e-01 8.458341e-01 8.516674e-01 2.327374e-02
8.516674e-01 8.575008e-01 8.633341e-01 2.304872e-02
8.633341e-01 8.691674e-01 8.750007e-01 2.281989e-02
8.750007e-01 8.808341e-01 8.866674e-01 2.258758e-02
8.866674e-01 8.925007e-01 8.983341e-01 2.235211e-02
8.983341e-01 9.041674e-01 9.100007e-01 2.211381e-02
9.100007e-01 9.158341e-01 9.216674e-01 2.187297e-02
9.216674e-01 9.275007e-01 9.333341e-01 2.162989e-02
9.333341e-01 9.391674e-01 9.450007e-01 2.138482e-02
9.450007e-01 9.508341e-01 9.566674e-01 2.113805e-02
9.566674e-01 9.625007e-01 9.683341e-01 2.088981e-02
9.683341e-01 9.741674e-01 9.800007e-01 2.064036e-02
9.800007e-01 9.858341e-01 9.916674e-01 2.038991e-02
9.916674e-01 9.975007e-01 1.003334e+00 2.013869e-02
1.003334e+00 1.009167e+00 1.015001e+00 1.988691e-02
1.015001e+00 1.020834e+00 1.026667e+00 1.963475e-02
1.026667e+00 1.032501e+00 1.038334e+00 1.938242e-02
1.038334e+00 1.044167e+00 1.050001e+00 1.913009e-02
1.050001e+00 1.055834e+00 1.061667e+00 1.887793e-02
1.061667e+00 1.067501e+00 1.073334e+00 1.862610e-02
1.073334e+00 1.079167e+00 1.085001e+00 1.837475e-02
1.085001e+00 1.090834e+00 1.096667e+00 1.812404e-02
1.096667e+00 1.102501e+00 1.108334e+00 1.787409e-02
1.108334e+00 1.114167e+00 1.120001e+00 1.762504e-02
1.120001e+00 1.125834e+00 1.131667e+00 1.737701e-02
1.131667e+00 1.137501e+00 1.143334e+00 1.713011e-02
1.143334e+00 1.149167e+00 1.155001e+00 1.688446e-02
1.155001e+00 1.160834e+00 1.166667e+00 1.664016e-02
1.166667e+00 1.172501e+00 1.178334e+00 1.639730e-02
1.178334e+00 1.184167e+00 1.190001e+00 1.615598e-02
1.190001e+00 1.195834e+00 1.201667e+00 1.591627e-02
1.201667e+00 1.207501e+00 1.213334e+00 1.567826e-02
1.213334e+00 1.219167e+00 1.225001e+00 1.544203e-02
1.225001e+00 1.230834e+00 1.236667e+00 1.520763e-02
1.236667e+00 1.242501e+00 1.248334e+00 1.497514e-02
1.248334e+00 1.254167e+00 1.260001e+00 1.474462e-02
1.260001e+00 1.265834e+00 1.271667e+00 1.451612e-02
1.271667e+00 1.277501e+00 1.283334e+00 1.428969e-02
1.283334e+00 1.289167e+00 1.295001e+00 1.406538e-02
1.295001e+00 1.300834e+00 1.306667e+00 1.384323e-02
1.306667e+00 1.312501e+00 1.318334e+00 1.362328e-02
1.318334e+00 1.324167e+00 1.330001e+00 1.340557e-02
1.330001e+00 1.335834e+00 1.341667e+00 1.319013e-02
1.341667e+00 1.347501e+00 1.353334e+00 1.297698e-02
1.353334e+00 1.359167e+00 1.365001e+00 1.276616e-02
1.365001e+00 1.370834e+00 1.376667e+00 1.255768e-02
1.376667e+00 1.382501e+00 1.388334e+00 1.235158e-02
1.388334e+00 1.394167e+00 1.400001e+00 1.214785e-02
1.400001e+00 1.405834e+00 1.411667e+00 1.194653e-02
1.411667e+00 1.417501e+00 1.423334e+00 1.174762e-02
1.423334e+00 1.429167e+00 1.435001e+00 1.155113e-02
1.435001e+00 1.440834e+00 1.446667e+00 1.135707e-02
1.446667e+00 1.452501e+00 1.458334e+00 1.116545e-02
1.458334e+00 1.464167e+00 1.470001e+00 1.097627e-02
1.470001e+00 1.475834e+00 1.481667e+00 1.078952e-02
1.481667e+00 1.487501e+00 1.493334e+00 1.060522e-02
1.493334e+00 1.499167e+00 1.505001e+00 1.042337e-02
1.505001e+00 1.510834e+00 1.516667e+00 1.024394e-02
1.516667e+00 1.522501e+00 1.528334e+00 1.006695e-02
1.528334e+00 1.534167e+00 1.540001e+00 9.892392e-03
1.540001e+00 1.545834e+00 1.551667e+00 9.720248e-03
1.551667e+00 1.557501e+00 1.563334e+00 9.550515e-03
1.563334e+00 1.569167e+00 1.575001e+00 9.383181e-03
1.575001e+00 1.580834e+00 1.586667e+00 9.218237e-03
1.586667e+00 1.592501e+00 1.598334e+00 9.055669e-03
1.598334e+00 1.604167e+00 1.610001e+00 8.895466e-03
1.610001e+00 1.615834e+00 1.621667e+00 8.737611e-03
1.621667e+00 1.627501e+00 1.633334e+00 8.582091e-03
1.633334e+00 1.639167e+00 1.645001e+00 8.428890e-03
1.645001e+00 1.650834e+00 1.656667e+00 8.277990e-03
1.656667e+00 1.662501e+00 1.668334e+00 8.129375e-03
1.668334e+00 1.674167e+00 1.680001e+00 7.983026e-03
1.680001e+00 1.685834e+00 1.691667e+00 7.838925e-03
1.691667e+00 1.697501e+00 1.703334e+00 7.697053e-03
1.703334e+00 1.709167e+00 1.715001e+00 7.557389e-03
1.715001e+00 1.720834e+00 1.726667e+00 7.419914e-03
1.726667e+00 1.732501e+00 1.738334e+00 7.284606e-03
1.738334e+00 1.744167e+00 1.750000e+00 7.151445e-03
1.750000e+00 1.755834e+00 1.761667e+00 7.020409e-03
1.761667e+00 1.767500e+00 1.773334e+00 6.891476e-03
1.773334e+00 1.779167e+00 1.785000e+00 6.764624e-03
1.785000e+00 1.790834e+00 1.796667e+00 6.639831e-03
1.796667e+00 1.802500e+00 1.808334e+00 6.517074e-03
1.808334e+00 1.814167e+00 1.820000e+00 6.396329e-03
1.820000e+00 1.825834e+00 1.831667e+00 6.277575e-03
1.831667e+00 1.837500e+00 1.843334e+00 6.160787e-03
1.843334e+00 1.849167e+00 1.855000e+00 6.045943e-03
1.855000e+00 1.860834e+00 1.866667e+00 5.933018e-03
1.866667e+00 1.872500e+00 1.878334e+00 5.821989e-03
1.878334e+00 1.884167e+00 1.890000e+00 5.712833e-03
1.890000e+00 1.895834e+00 1.901667e+00 5.605525e-03
1.901667e+00 1.907500e+00 1.913334e+00 5.500043e-03
1.913334e+00 1.919167e+00 1.925000e+00 5.396362e-03
1.925000e+00 1.930834e+00 1.936667e+00 5.294458e-03
1.936667e+00 1.942500e+00 1.948334e+00 5.194308e-03
1.948334e+00 1.954167e+00 1.960000e+00 5.095888e-03
1.960000e+00 1.965834e+00 1.971667e+00 4.999174e-03
1.971667e+00 1.977500e+00 1.983334e+00 4.904144e-03
1.983334e+00 1.989167e+00 1.995000e+00 4.810772e-03
1.995000e+00 2.000834e+00 2.006667e+00 4.719037e-03
2.006667e+00 2.012500e+00 2.018334e+00 4.628914e-03
2.018334e+00 2.024167e+00 2.030000e+00 4.540381e-03
2.030000e+00 2.035834e+00 2.041667e+00 4.453414e-03
2.041667e+00 2.047500e+00 2.053334e+00 4.367990e-03
2.053334e+00 2.059167e+00 2.065000e+00 4.284087e-03
2.065000e+00 2.070834e+00 2.076667e+00 4.201683e-03
2.076667e+00 2.082500e+00 2.088334e+00 4.120754e-03
2.088334e+00 2.094167e+00 2.100000e+00 4.041278e-03
2.100000e+00 2.105834e+00 2.111667e+00 3.963233e-03
2.111667e+00 2.117500e+00 2.123334e+00 3.886597e-03
2.123334e+00 2.129167e+00 2.135000e+00 3.811349e-03
2.135000e+00 2.140834e+00 2.146667e+00 3.737467e-03
2.146667e+00 2.152500e+00 2.158334e+00 3.664929e-03
2.158334e+00 2.164167e+00 2.170000e+00 3.593714e-03
2.170000e+00 2.175834e+00 2.181667e+00 3.523801e-03
2.181667e+00 2.187500e+00 2.193334e+00 3.455171e-03
2.193334e+00 2.199167e+00 2.205000e+00 3.387801e-03
2.205000e+00 2.210834e+00 2.216667e+00 3.321671e-03
2.216667e+00 2.222500e+00 2.228334e+00 3.256762e-03
2.228334e+00 2.234167e+00 2.240000e+00 3.193054e-03
2.240000e+00 2.245834e+00 2.251667e+00 3.130527e-03
2.251667e+00 2.257500e+00 2.263334e+00 3.069161e-03
2.263334e+00 2.269167e+00 2.275000e+00 3.008937e-03
2.275000e+00 2.280834e+00 2.286667e+00 2.949836e-03
2.286667e+00 2.292500e+00 2.298334e+00 2.891840e-03
2.298334e+00 2.304167e+00 2.310000e+00 2.834930e-03
2.310000e+00 2.315834e+00 2.321667e+00 2.779087e-03
2.321667e+00 2.327500e+00 2.333334e+00 2.724294e-03
2.333334e+00 2.339167e+00 2.345000e+00 2.670533e-03
2.345000e+00 2.350834e+00 2.356667e+00 2.617785e-03
2.356667e+00 2.362500e+00 2.368334e+00 2.566034e-03
2.368334e+00 2.374167e+00 2.380000e+00 2.515263e-03
2.380000e+00 2.385834e+00 2.391667e+00 2.465454e-03
2.391667e+00 2.397500e+00 2.403334e+00 2.416592e-03
2.403334e+00 2.409167e+00 2.415000e+00 2.368658e-03
2.415000e+00 2.420834e+00 2.426667e+00 2.321638e-03
2.426667e+00 2.432500e+00 2.438334e+00 2.275515e-03
2.438334e+00 2.444167e+00 2.450000e+00 2.230273e-03
2.450000e+00 2.455834e+00 2.461667e+00 2.185897e-03
2.461667e+00 2.467500e+00 2.473334e+00 2.142372e-03
2.473334e+00 2.479167e+00 2.485000e+00 2.099682e-03
2.485000e+00 2.490834e+00 2.496667e+00 2.057813e-03
2.496667e+00 2.502500e+00 2.508334e+00 2.016750e-03
2.508334e+00 2.514167e+00 2.520000e+00 1.976478e-03
2.520000e+00 2.525834e+00 2.531667e+00 1.936984e-03
2.531667e+00 2.537500e+00 2.543334e+00 1.898252e-03
2.543334e+00 2.549167e+00 2.555000e+00 1.860270e-03
2.555000e+00 2.560834e+00 2.566667e+00 1.823024e-03
2.566667e+00 2.572500e+00 2.578334e+00 1.786501e-03
2.578334e+00 2.584167e+00 2.590000e+00 1.750687e-03
2.590000e+00 2.595834e+00 2.601667e+00 1.715569e-03
2.601667e+00 2.607500e+00 2.613334e+00 1.681135e-03
2.613334e+00 2.619167e+00 2.625000e+00 1.647373e-03
2.625000e+00 2.630834e+00 2.636667e+00 1.614269e-03
2.636667e+00 2.642500e+00 2.648334e+00 1.581811e-03
2.648334e+00 2.654167e+00 2.660000e+00 1.549989e-03
2.660000e+00 2.665834e+00 2.671667e+00 1.518789e-03
2.671667e+00 2.677500e+00 2.683334e+00 1.488201e-03
2.683334e+00 2.689167e+00 2.695000e+00 1.458213e-03
2.695000e+00 2.700834e+00 2.706667e+00 1.428814e-03
2.706667e+00 2.712500e+00 2.718334e+00 1.399993e-03
2.718334e+00 2.724167e+00 2.730000e+00 1.371738e-03
2.730000e+00 2.735834e+00 2.741667e+00 1.344041e-03
2.741667e+00 2.747500e+00 2.753334e+00 1.316889e-03
2.753334e+00 2.759167e+00 2.765000e+00 1.290273e-03
2.765000e+00 2.770834e+00 2.776667e+00 1.264183e-03
2.776667e+00 2.782500e+00 2.788334e+00 1.238609e-03
2.788334e+00 2.794167e+00 2.800000e+00 1.213540e-03
2.800000e+00 2.805834e+00 2.811667e+00 1.188968e-03
2.811667e+00 2.817500e+00 2.823334e+00 1.164883e-03
2.823334e+00 2.829167e+00 2.835000e+00 1.141276e-03
2.835000e+00 2.840834e+00 2.846667e+00 1.118137e-03
2.846667e+00 2.852500e+00 2.858334e+00 1.095458e-03
2.858334e+00 2.864167e+00 2.870000e+00 1.073230e-03
2.870000e+00 2.875834e+00 2.881667e+00 1.051445e-03
2.881667e+00 2.887500e+00 2.893334e+00 1.030093e-03
2.893334e+00 2.899167e+00 2.905000e+00 1.009167e-03
2.905000e+00 2.910834e+00 2.916667e+00 9.886578e-04
2.916667e+00 2.922500e+00 2.928333e+00 9.685582e-04
2.928333e+00 2.934167e+00 2.940000e+00 9.488601e-04
2.940000e+00 2.945833e+00 2.951667e+00 9.295557e-04
2.951667e+00 2.957500e+00 2.963333e+00 9.106373e-04
2.963333e+00 2.969167e+00 2.975000e+00 8.920976e-04
2.975000e+00 2.980833e+00 2.986667e+00 8.739292e-04
2.986667e+00 2.992500e+00 2.998333e+00 8.561249e-04
2.998333e+00 3.004167e+00 3.010000e+00 8.386776e-04
3.010000e+00 3.015833e+00 3.021667e+00 8.215804e-04
3.021667e+00 3.027500e+00 3.033333e+00 8.048265e-04
3.033333e+00 3.039167e+00 3.045000e+00 7.884091e-04
3.045000e+00 3.050833e+00 3.056667e+00 7.723218e-04
3.056667e+00 3.062500e+00 3.068333e+00 7.565581e-04
3.068333e+00 3.074167e+00 3.080000e+00 7.411116e-04
3.080000e+00 3.085833e+00 3.091667e+00 7.259762e-04
3.091667e+00 3.097500e+00 3.103333e+00 7.111457e-04
3.103333e+00 3.109167e+00 3.115000e+00 6.966142e-04
3.115000e+00 3.120833e+00 3.126667e+00 6.823758e-04
3.126667e+00 3.132500e+00 3.138333e+00 6.684248e-04
3.138333e+00 3.144167e+00 3.150000e+00 6.547554e-04
3.150000e+00 3.155833e+00 3.161667e+00 6.413622e-04
3.161667e+00 3.167500e+00 3.173333e+00 6.282397e-04
3.173333e+00 3.179167e+00 3.185000e+00 6.153825e-04
3.185000e+00 3.190833e+00 3.196667e+00 6.027854e-04
3.196667e+00 3.202500e+00 3.208333e+00 5.904433e-04
3.208333e+00 3.214167e+00 3.220000e+00 5.783512e-04
3.220000e+00 3.225833e+00 3.231667e+00 5.665040e-04
3.231667e+00 3.237500e+00 3.243333e+00 5.548970e-04
3.243333e+00 3.249167e+00 3.255000e+00 5.435253e-04
3.255000e+00 3.260833e+00 3.266667e+00 5.323843e-04
3.266667e+00 3.272500e+00 3.278333e+00 5.214694e-04
3.278333e+00 3.284167e+00 3.290000e+00 5.107762e-04
3.290000e+00 3.295833e+00 3.301667e+00 5.003001e-04
3.301667e+00 3.307500e+00 3.313333e+00 4.900369e-04
3.313333e+00 3.319167e+00 3.325000e+00 4.799824e-04
3.325000e+00 3.330833e+00 3.336667e+00 4.701323e-04
3.336667e+00 3.342500e+00 3.348333e+00 4.604826e-04
3.348333e+00 3.354167e+00 3.360000e+00 4.510293e-04
3.360000e+00 3.365833e+00 3.371667e+00 4.417684e-04
3.371667e+00 3.377500e+00 3.383333e+00 4.326962e-04
3.383333e+00 3.389167e+00 3.395000e+00 4.238088e-04
3.395000e+00 3.400833e+00 3.406667e+00 4.151025e-04
3.406667e+00 3.412500e+00 3.418333e+00 4.065738e-04
3.418333e+00 3.424167e+00 3.430000e+00 3.982190e-04
3.430000e+00 3.435833e+00 3.441667e+00 3.900346e-04
3.441667e+00 3.447500e+00 3.453333e+00 3.820172e-04
3.453333e+00 3.459167e+00 3.465000e+00 3.741636e-04
3.465000e+00 3.470833e+00 3.476667e+00 3.664703e-04
3.476667e+00 3.482500e+00 3.488333e+00 3.589341e-04
3.488333e+00 3.494167e+00 3.500000e+00 3.515520e-04
