1.000000e-06 5.834332e-03 1.166766e-02 3.174187e-05
1.166766e-02 1.750099e-02 2.333433e-02 2.597348e-04
2.333433e-02 2.916766e-02 3.500099e-02 6.654157e-04
3.500099e-02 4.083432e-02 4.666765e-02 1.211314e-03
4.666765e-02 5.250099e-02 5.833432e-02 1.868229e-03
5.833432e-02 6.416765e-02 7.000098e-02 2.612510e-03
7.000098e-02 7.583431e-02 8.166764e-02 3.424619e-03
8.166764e-02 8.750097e-02 9.333431e-02 4.288219e-03
9.333431e-02 9.916764e-02 1.050010e-01 5.189546e-03
1.050010e-01 1.108343e-01 1.166676e-01 6.116946e-03
1.166676e-01 1.225010e-01 1.283343e-01 7.060523e-03
1.283343e-01 1.341676e-01 1.400010e-01 8.011863e-03
1.400010e-01 1.458343e-01 1.516676e-01 8.963806e-03
1.516676e-01 1.575010e-01 1.633343e-01 9.910273e-03
1.633343e-01 1.691676e-01 1.750009e-01 1.084611e-02
1.750009e-01 1.808343e-01 1.866676e-01 1.176695e-02
1.866676e-01 1.925009e-01 1.983343e-01 1.266914e-02
1.983343e-01 2.041676e-01 2.100009e-01 1.354961e-02
2.100009e-01 2.158343e-01 2.216676e-01 1.440583e-02
2.216676e-01 2.275009e-01 2.333343e-01 1.523571e-02
2.333343e-01 2.391676e-01 2.450009e-01 1.603758e-02
2.450009e-01 2.508343e-01 2.566676e-01 1.681010e-02
2.566676e-01 2.625009e-01 2.683343e-01 1.755224e-02
2.683343e-01 2.741676e-01 2.800009e-01 1.826325e-02
2.800009e-01 2.858343e-01 2.916676e-01 1.894260e-02
2.916676e-01 2.975009e-01 3.033342e-01 1.958997e-02
3.033342e-01 3.091676e-01 3.150009e-01 2.020520e-02
3.150009e-01 3.208342e-01 3.266676e-01 2.078830e-02
3.266676e-01 3.325009e-01 3.383342e-01 2.133942e-02
3.383342e-01 3.441676e-01 3.500009e-01 2.185882e-02
3.500009e-01 3.558342e-01 3.616676e-01 2.234684e-02
3.616676e-01 3.675009e-01 3.733342e-01 2.280393e-02
3.733342e-01 3.791676e-01 3.850009e-01 2.323061e-02
3.850009e-01 3.908342e-01 3.966676e-01 2.362745e-02
3.966676e-01 4.025009e-01 4.083342e-01 2.399509e-02
4.083342e-01 4.141675e-01 4.200009e-01 2.433418e-02
4.200009e-01 4.258342e-01 4.316675e-01 2.464545e-02
4.316675e-01 4.375009e-01 4.433342e-01 2.492962e-02
4.433342e-01 4.491675e-01 4.550009e-01 2.518746e-02
4.550009e-01 4.608342e-01 4.666675e-01 2.541973e-02
4.666675e-01 4.725009e-01 4.783342e-01 2.562723e-02
4.783342e-01 4.841675e-01 4.900009e-01 2.581076e-02
4.900009e-01 4.958342e-01 5.016675e-01 2.597110e-02
5.016675e-01 5.075009e-01 5.133342e-01 2.610906e-02
5.133342e-01 5.191675e-01 5.250008e-01 2.622544e-02
5.250008e-01 5.308342e-01 5.366675e-01 2.632104e-02
5.366675e-01 5.425008e-01 5.483342e-01 2.639663e-02
5.483342e-01 5.541675e-01 5.600008e-01 2.645301e-02
5.600008e-01 5.658342e-01 5.716675e-01 2.649092e-02
5.716675e-01 5.775008e-01 5.833342e-01 2.651114e-02
5.833342e-01 5.891675e-01 5.950008e-01 2.651441e-02
5.950008e-01 6.008342e-01 6.066675e-01 2.650145e-02
6.066675e-01 6.125008e-01 6.183342e-01 2.647299e-02
6.183342e-01 6.241675e-01 6.300008e-01 2.642971e-02
6.300008e-01 6.358342e-01 6.416675e-01 2.637230e-02
6.416675e-01 6.475008e-01 6.533341e-01 2.630144e-02
6.533341e-01 6.591675e-01 6.650008e-01 2.621776e-02
6.650008e-01 6.708341e-01 6.766675e-01 2.612190e-02
6.766675e-01 6.825008e-01 6.883341e-01 2.601448e-02
6.883341e-01 6.941675e-01 7.000008e-01 2.589609e-02
7.000008e-01 7.058341e-01 7.116675e-01 2.576732e-02
7.116675e-01 7.175008e-01 7.233341e-01 2.562872e-02
7.233341e-01 7.291675e-01 7.350008e-01 2.548085e-02
7.350008e-01 7.408341e-01 7.466675e-01 2.532423e-02
7.466675e-01 7.525008e-01 7.583341e-01 2.515936e-02
7.583341e-01 7.641674e-01 7.700008e-01 2.498675e-02
7.700008e-01 7.758341e-01 7.816674e-01 2.480687e-02
7.816674e-01 7.875008e-01 7.933341e-01 2.462018e-02
7.933341e-01 7.991674e-01 8.050008e-01 2.442713e-02
8.050008e-01 8.108341e-01 8.166674e-01 2.422814e-02
8.166674e-01 8.225008e-01 8.283341e-01 2.402363e-02
8.283341e-01 8.341674e-01 8.400008e-01 2.381400e-02
8.400008e-01 8.458341e-01 8.516674e-01 2.359962e-02
8.516674e-01 8.575008e-01 8.633341e-01 2.338087e-02
8.633341e-01 8.691674e-01 8.750007e-01 2.315809e-02
8.750007e-01 8.808341e-01 8.866674e-01 2.293163e-02
8.866674e-01 8.925007e-01 8.983341e-01 2.270182e-02
8.983341e-01 9.041674e-01 9.100007e-01 2.246897e-02
9.100007e-01 9.158341e-01 9.216674e-01 2.223337e-02
9.216674e-01 9.275007e-01 9.333341e-01 2.199532e-02
9.333341e-01 9.391674e-01 9.450007e-01 2.175509e-02
9.450007e-01 9.508341e-01 9.566674e-01 2.151294e-02
9.566674e-01 9.625007e-01 9.683341e-01 2.126912e-02
9.683341e-01 9.741674e-01 9.800007e-01 2.102389e-02
9.800007e-01 9.858341e-01 9.916674e-01 2.077746e-02
9.916674e-01 9.975007e-01 1.003334e+00 2.053005e-02
1.003334e+00 1.009167e+00 1.015001e+00 2.028189e-02
1.015001e+00 1.020834e+00 1.026667e+00 2.003316e-02
1.026667e+00 1.032501e+00 1.038334e+00 1.978405e-02
1.038334e+00 1.044167e+00 1.050001e+00 1.953476e-02
1.050001e+00 1.055834e+00 1.061667e+00 1.928544e-02
1.061667e+00 1.067501e+00 1.073334e+00 1.903627e-02
1.073334e+00 1.079167e+00 1.085001e+00 1.878740e-02
1.085001e+00 1.090834e+00 1.096667e+00 1.853897e-02
1.096667e+00 1.102501e+00 1.108334e+00 1.829114e-02
1.108334e+00 1.114167e+00 1.120001e+00 1.804402e-02
1.120001e+00 1.125834e+00 1.131667e+00 1.779775e-02
1.131667e+00 1.137501e+00 1.143334e+00 1.755245e-02
1.143334e+00 1.149167e+00 1.155001e+00 1.730822e-02
1.155001e+00 1.160834e+00 1.166667e+00 1.706517e-02
1.166667e+00 1.172501e+00 1.178334e+00 1.682341e-02
1.178334e+00 1.184167e+00 1.190001e+00 1.658303e-02
1.190001e+00 1.195834e+00 1.201667e+00 1.634411e-02
1.201667e+00 1.207501e+00 1.213334e+00 1.610673e-02
1.213334e+00 1.219167e+00 1.225001e+00 1.587098e-02
1.225001e+00 1.230834e+00 1.236667e+00 1.563693e-02
1.236667e+00 1.242501e+00 1.248334e+00 1.540465e-02
1.248334e+00 1.254167e+00 1.260001e+00 1.517419e-02
1.260001e+00 1.265834e+00 1.271667e+00 1.494562e-02
1.271667e+00 1.277501e+00 1.283334e+00 1.471899e-02
1.283334e+00 1.289167e+00 1.295001e+00 1.449435e-02
1.295001e+00 1.300834e+00 1.306667e+00 1.427174e-02
1.306667e+00 1.312501e+00 1.318334e+00 1.405122e-02
1.318334e+00 1.324167e+00 1.330001e+00 1.383282e-02
1.330001e+00 1.335834e+00 1.341667e+00 1.361657e-02
1.341667e+00 1.347501e+00 1.353334e+00 1.340252e-02
1.353334e+00 1.359167e+00 1.365001e+00 1.319067e-02
1.365001e+00 1.370834e+00 1.376667e+00 1.298107e-02
1.376667e+00 1.382501e+00 1.388334e+00 1.277374e-02
1.388334e+00 1.394167e+00 1.400001e+00 1.256870e-02
1.400001e+00 1.405834e+00 1.411667e+00 1.236596e-02
1.411667e+00 1.417501e+00 1.423334e+00 1.216554e-02
1.423334e+00 1.429167e+00 1.435001e+00 1.196745e-02
1.435001e+00 1.440834e+00 1.446667e+00 1.177171e-02
1.446667e+00 1.452501e+00 1.458334e+00 1.157833e-02
1.458334e+00 1.464167e+00 1.470001e+00 1.138730e-02
1.470001e+00 1.475834e+00 1.481667e+00 1.119864e-02
1.481667e+00 1.487501e+00 1.493334e+00 1.101235e-02
1.493334e+00 1.499167e+00 1.505001e+00 1.082843e-02
1.505001e+00 1.510834e+00 1.516667e+00 1.064689e-02
1.516667e+00 1.522501e+00 1.528334e+00 1.046770e-02
1.528334e+00 1.534167e+00 1.540001e+00 1.029089e-02
1.540001e+00 1.545834e+00 1.551667e+00 1.011643e-02
1.551667e+00 1.557501e+00 1.563334e+00 9.944326e-03
1.563334e+00 1.569167e+00 1.575001e+00 9.774568e-03
1.575001e+00 1.580834e+00 1.586667e+00 9.607148e-03
1.586667e+00 1.592501e+00 1.598334e+00 9.442056e-03
1.598334e+00 1.604167e+00 1.610001e+00 9.279280e-03
1.610001e+00 1.615834e+00 1.621667e+00 9.118810e-03
1.621667e+00 1.627501e+00 1.633334e+00 8.960632e-03
1.633334e+00 1.639167e+00 1.645001e+00 8.804732e-03
1.645001e+00 1.650834e+00 1.656667e+00 8.651097e-03
1.656667e+00 1.662501e+00 1.668334e+00 8.499711e-03
1.668334e+00 1.674167e+00 1.680001e+00 8.350558e-03
1.680001e+00 1.685834e+00 1.691667e+00 8.203622e-03
1.691667e+00 1.697501e+00 1.703334e+00 8.058885e-03
1.703334e+00 1.709167e+00 1.715001e+00 7.916329e-03
1.715001e+00 1.720834e+00 1.726667e+00 7.775936e-03
1.726667e+00 1.732501e+00 1.738334e+00 7.637687e-03
1.738334e+00 1.744167e+00 1.750000e+00 7.501563e-03
1.750000e+00 1.755834e+00 1.761667e+00 7.367544e-03
1.761667e+00 1.767500e+00 1.773334e+00 7.235610e-03
1.773334e+00 1.779167e+00 1.785000e+00 7.105741e-03
1.785000e+00 1.790834e+00 1.796667e+00 6.977915e-03
1.796667e+00 1.802500e+00 1.808334e+00 6.852111e-03
1.808334e+00 1.814167e+00 1.820000e+00 6.728309e-03
1.820000e+00 1.825834e+00 1.831667e+00 6.606486e-03
1.831667e+00 1.837500e+00 1.843334e+00 6.486621e-03
1.843334e+00 1.849167e+00 1.855000e+00 6.368691e-03
1.855000e+00 1.860834e+00 1.866667e+00 6.252675e-03
1.866667e+00 1.872500e+00 1.878334e+00 6.138551e-03
1.878334e+00 1.884167e+00 1.890000e+00 6.026295e-03
1.890000e+00 1.895834e+00 1.901667e+00 5.915885e-03
1.901667e+00 1.907500e+00 1.913334e+00 5.807300e-03
1.913334e+00 1.919167e+00 1.925000e+00 5.700516e-03
1.925000e+00 1.930834e+00 1.936667e+00 5.595510e-03
1.936667e+00 1.942500e+00 1.948334e+00 5.492260e-03
1.948334e+00 1.954167e+00 1.960000e+00 5.390744e-03
1.960000e+00 1.965834e+00 1.971667e+00 5.290938e-03
1.971667e+00 1.977500e+00 1.983334e+00 5.192821e-03
1.983334e+00 1.989167e+00 1.995000e+00 5.096368e-03
1.995000e+00 2.000834e+00 2.006667e+00 5.001559e-03
2.006667e+00 2.012500e+00 2.018334e+00 4.908371e-03
2.018334e+00 2.024167e+00 2.030000e+00 4.816781e-03
2.030000e+00 2.035834e+00 2.041667e+00 4.726767e-03
2.041667e+00 2.047500e+00 2.053334e+00 4.638307e-03
2.053334e+00 2.059167e+00 2.065000e+00 4.551378e-03
2.065000e+00 2.070834e+00 2.076667e+00 4.465960e-03
2.076667e+00 2.082500e+00 2.088334e+00 4.382030e-03
2.088334e+00 2.094167e+00 2.100000e+00 4.299566e-03
2.100000e+00 2.105834e+00 2.111667e+00 4.218547e-03
2.111667e+00 2.117500e+00 2.123334e+00 4.138952e-03
2.123334e+00 2.129167e+00 2.135000e+00 4.060759e-03
2.135000e+00 2.140834e+00 2.146667e+00 3.983947e-03
2.146667e+00 2.152500e+00 2.158334e+00 3.908497e-03
2.158334e+00 2.164167e+00 2.170000e+00 3.834386e-03
2.170000e+00 2.175834e+00 2.181667e+00 3.761594e-03
2.181667e+00 2.187500e+00 2.193334e+00 3.690102e-03
2.193334e+00 2.199167e+00 2.205000e+00 3.619888e-03
2.205000e+00 2.210834e+00 2.216667e+00 3.550934e-03
2.216667e+00 2.222500e+00 2.228334e+00 3.483219e-03
2.228334e+00 2.234167e+00 2.240000e+00 3.416723e-03
2.240000e+00 2.245834e+00 2.251667e+00 3.351428e-03
2.251667e+00 2.257500e+00 2.263334e+00 3.287314e-03
2.263334e+00 2.269167e+00 2.275000e+00 3.224363e-03
2.275000e+00 2.280834e+00 2.286667e+00 3.162556e-03
2.286667e+00 2.292500e+00 2.298334e+00 3.101873e-03
2.298334e+00 2.304167e+00 2.310000e+00 3.042297e-03
2.310000e+00 2.315834e+00 2.321667e+00 2.983811e-03
2.321667e+00 2.327500e+00 2.333334e+00 2.926395e-03
2.333334e+00 2.339167e+00 2.345000e+00 2.870032e-03
2.345000e+00 2.350834e+00 2.356667e+00 2.814706e-03
2.356667e+00 2.362500e+00 2.368334e+00 2.760398e-03
2.368334e+00 2.374167e+00 2.380000e+00 2.707091e-03
2.380000e+00 2.385834e+00 2.391667e+00 2.654770e-03
2.391667e+00 2.397500e+00 2.403334e+00 2.603417e-03
2.403334e+00 2.409167e+00 2.415000e+00 2.553016e-03
2.415000e+00 2.420834e+00 2.426667e+00 2.503550e-03
2.426667e+00 2.432500e+00 2.438334e+00 2.455005e-03
2.438334e+00 2.444167e+00 2.450000e+00 2.407364e-03
2.450000e+00 2.455834e+00 2.461667e+00 2.360612e-03
2.461667e+00 2.467500e+00 2.473334e+00 2.314733e-03
2.473334e+00 2.479167e+00 2.485000e+00 2.269713e-03
2.485000e+00 2.490834e+00 2.496667e+00 2.225536e-03
2.496667e+00 2.502500e+00 2.508334e+00 2.182188e-03
2.508334e+00 2.514167e+00 2.520000e+00 2.139655e-03
2.520000e+00 2.525834e+00 2.531667e+00 2.097922e-03
2.531667e+00 2.537500e+00 2.543334e+00 2.056976e-03
2.543334e+00 2.549167e+00 2.555000e+00 2.016802e-03
2.555000e+00 2.560834e+00 2.566667e+00 1.977387e-03
2.566667e+00 2.572500e+00 2.578334e+00 1.938718e-03
2.578334e+00 2.584167e+00 2.590000e+00 1.900781e-03
2.590000e+00 2.595834e+00 2.601667e+00 1.863563e-03
2.601667e+00 2.607500e+00 2.613334e+00 1.827052e-03
2.613334e+00 2.619167e+00 2.625000e+00 1.791235e-03
2.625000e+00 2.630834e+00 2.636667e+00 1.756099e-03
2.636667e+00 2.642500e+00 2.648334e+00 1.721633e-03
2.648334e+00 2.654167e+00 2.660000e+00 1.687824e-03
2.660000e+00 2.665834e+00 2.671667e+00 1.654661e-03
2.671667e+00 2.677500e+00 2.683334e+00 1.622132e-03
2.683334e+00 2.689167e+00 2.695000e+00 1.590225e-03
2.695000e+00 2.700834e+00 2.706667e+00 1.558929e-03
2.706667e+00 2.712500e+00 2.718334e+00 1.528233e-03
2.718334e+00 2.724167e+00 2.730000e+00 1.498127e-03
2.730000e+00 2.735834e+00 2.741667e+00 1.468599e-03
2.741667e+00 2.747500e+00 2.753334e+00 1.439638e-03
2.753334e+00 2.759167e+00 2.765000e+00 1.411235e-03
2.765000e+00 2.770834e+00 2.776667e+00 1.383380e-03
2.776667e+00 2.782500e+00 2.788334e+00 1.356061e-03
2.788334e+00 2.794167e+00 2.800000e+00 1.329270e-03
2.800000e+00 2.805834e+00 2.811667e+00 1.302996e-03
2.811667e+00 2.817500e+00 2.823334e+00 1.277230e-03
2.823334e+00 2.829167e+00 2.835000e+00 1.251963e-03
2.835000e+00 2.840834e+00 2.846667e+00 1.227186e-03
2.846667e+00 2.852500e+00 2.858334e+00 1.202888e-03
2.858334e+00 2.864167e+00 2.870000e+00 1.179062e-03
2.870000e+00 2.875834e+00 2.881667e+00 1.155698e-03
2.881667e+00 2.887500e+00 2.893334e+00 1.132789e-03
2.893334e+00 2.899167e+00 2.905000e+00 1.110325e-03
2.905000e+00 2.910834e+00 2.916667e+00 1.088298e-03
2.916667e+00 2.922500e+00 2.928333e+00 1.066700e-03
2.928333e+00 2.934167e+00 2.940000e+00 1.045522e-03
2.940000e+00 2.945833e+00 2.951667e+00 1.024758e-03
2.951667e+00 2.957500e+00 2.963333e+00 1.004399e-03
2.963333e+00 2.969167e+00 2.975000e+00 9.844380e-04
2.975000e+00 2.980833e+00 2.986667e+00 9.648667e-04
2.986667e+00 2.992500e+00 2.998333e+00 9.456781e-04
2.998333e+00 3.004167e+00 3.010000e+00 9.268650e-04
3.010000e+00 3.015833e+00 3.021667e+00 9.084203e-04
3.021667e+00 3.027500e+00 3.033333e+00 8.903369e-04
3.033333e+00 3.039167e+00 3.045000e+00 8.726081e-04
3.045000e+00 3.050833e+00 3.056667e+00 8.552270e-04
3.056667e+00 3.062500e+00 3.068333e+00 8.381871e-04
3.068333e+00 3.074167e+00 3.080000e+00 8.214818e-04
3.080000e+00 3.085833e+00 3.091667e+00 8.051049e-04
3.091667e+00 3.097500e+00 3.103333e+00 7.890499e-04
3.103333e+00 3.109167e+00 3.115000e+00 7.733108e-04
3.115000e+00 3.120833e+00 3.126667e+00 7.578814e-04
3.126667e+00 3.132500e+00 3.138333e+00 7.427560e-04
3.138333e+00 3.144167e+00 3.150000e+00 7.279286e-04
3.150000e+00 3.155833e+00 3.161667e+00 7.133935e-04
3.161667e+00 3.167500e+00 3.173333e+00 6.991452e-04
3.173333e+00 3.179167e+00 3.185000e+00 6.851780e-04
3.185000e+00 3.190833e+00 3.196667e+00 6.714866e-04
3.196667e+00 3.202500e+00 3.208333e+00 6.580656e-04
3.208333e+00 3.214167e+00 3.220000e+00 6.449099e-04
3.220000e+00 3.225833e+00 3.231667e+00 6.320144e-04
3.231667e+00 3.237500e+00 3.243333e+00 6.193739e-04
3.243333e+00 3.249167e+00 3.255000e+00 6.069836e-04
3.255000e+00 3.260833e+00 3.266667e+00 5.948386e-04
3.266667e+00 3.272500e+00 3.278333e+00 5.829341e-04
3.278333e+00 3.284167e+00 3.290000e+00 5.712656e-04
3.290000e+00 3.295833e+00 3.301667e+00 5.598284e-04
3.301667e+00 3.307500e+00 3.313333e+00 5.486180e-04
3.313333e+00 3.319167e+00 3.325000e+00 5.376301e-04
3.325000e+00 3.330833e+00 3.336667e+00 5.268602e-04
3.336667e+00 3.342500e+00 3.348333e+00 5.163042e-04
3.348333e+00 3.354167e+00 3.360000e+00 5.059579e-04
3.360000e+00 3.365833e+00 3.371667e+00 4.958172e-04
3.371667e+00 3.377500e+00 3.383333e+00 4.858780e-04
3.383333e+00 3.389167e+00 3.395000e+00 4.761365e-04
3.395000e+00 3.400833e+00 3.406667e+00 4.665888e-04
3.406667e+00 3.412500e+00 3.418333e+00 4.572311e-04
3.418333e+00 3.424167e+00 3.430000e+00 4.480597e-04
3.430000e+00 3.435833e+00 3.441667e+00 4.390709e-04
3.441667e+00 3.447500e+00 3.453333e+00 4.302611e-04
3.453333e+00 3.459167e+00 3.465000e+00 4.216269e-04
3.465000e+00 3.470833e+00 3.476667e+00 4.131648e-04
3.476667e+00 3.482500e+00 3.488333e+00 4.048714e-04
3.488333e+00 3.494167e+00 3.500000e+00 3.967434e-04
