1.000000e-06 5.834332e-03 1.166766e-02 3.159745e-05
1.166766e-02 1.750099e-02 2.333433e-02 2.576964e-04
2.333433e-02 2.916766e-02 3.500099e-02 6.589448e-04
3.500099e-02 4.083432e-02 4.666765e-02 1.198024e-03
4.666765e-02 5.250099e-02 5.833432e-02 1.846115e-03
5.833432e-02 6.416765e-02 7.000098e-02 2.580019e-03
7.000098e-02 7.583431e-02 8.166764e-02 3.380648e-03
8.166764e-02 8.750097e-02 9.333431e-02 4.232098e-03
9.333431e-02 9.916764e-02 1.050010e-01 5.120997e-03
1.050010e-01 1.108343e-01 1.166676e-01 6.036044e-03
1.166676e-01 1.225010e-01 1.283343e-01 6.967653e-03
1.283343e-01 1.341676e-01 1.400010e-01 7.907675e-03
1.400010e-01 1.458343e-01 1.516676e-01 8.849184e-03
1.516676e-01 1.575010e-01 1.633343e-01 9.786288e-03
1.633343e-01 1.691676e-01 1.750009e-01 1.071399e-02
1.750009e-01 1.808343e-01 1.866676e-01 1.162807e-02
1.866676e-01 1.925009e-01 1.983343e-01 1.252495e-02
1.983343e-01 2.041676e-01 2.100009e-01 1.340165e-02
2.100009e-01 2.158343e-01 2.216676e-01 1.425569e-02
2.216676e-01 2.275009e-01 2.333343e-01 1.508502e-02
2.333343e-01 2.391676e-01 2.450009e-01 1.588798e-02
2.450009e-01 2.508343e-01 2.566676e-01 1.666324e-02
2.566676e-01 2.625009e-01 2.683343e-01 1.740977e-02
2.683343e-01 2.741676e-01 2.800009e-01 1.812677e-02
2.800009e-01 2.858343e-01 2.916676e-01 1.881370e-02
2.916676e-01 2.975009e-01 3.033342e-01 1.947018e-02
3.033342e-01 3.091676e-01 3.150009e-01 2.009602e-02
3.150009e-01 3.208342e-01 3.266676e-01 2.069119e-02
3.266676e-01 3.325009e-01 3.383342e-01 2.125575e-02
3.383342e-01 3.441676e-01 3.500009e-01 2.178991e-02
3.500009e-01 3.558342e-01 3.616676e-01 2.229396e-02
3.616676e-01 3.675009e-01 3.733342e-01 2.276827e-02
3.733342e-01 3.791676e-01 3.850009e-01 2.321328e-02
3.850009e-01 3.908342e-01 3.966676e-01 2.362951e-02
3.966676e-01 4.025009e-01 4.083342e-01 2.401751e-02
4.083342e-01 4.141675e-01 4.200009e-01 2.437788e-02
4.200009e-01 4.258342e-01 4.316675e-01 2.471126e-02
4.316675e-01 4.375009e-01 4.433342e-01 2.501831e-02
4.433342e-01 4.491675e-01 4.550009e-01 2.529972e-02
4.550009e-01 4.608342e-01 4.666675e-01 2.555621e-02
4.666675e-01 4.725009e-01 4.783342e-01 2.578848e-02
4.783342e-01 4.841675e-01 4.900009e-01 2.599726e-02
4.900009e-01 4.958342e-01 5.016675e-01 2.618331e-02
5.016675e-01 5.075009e-01 5.133342e-01 2.634734e-02
5.133342e-01 5.191675e-01 5.250008e-01 2.649010e-02
5.250008e-01 5.308342e-01 5.366675e-01 2.661233e-02
5.366675e-01 5.425008e-01 5.483342e-01 2.671476e-02
5.483342e-01 5.541675e-01 5.600008e-01 2.679810e-02
5.600008e-01 5.658342e-01 5.716675e-01 2.686309e-02
5.716675e-01 5.775008e-01 5.833342e-01 2.691042e-02
5.833342e-01 5.891675e-01 5.950008e-01 2.694079e-02
5.950008e-01 6.008342e-01 6.066675e-01 2.695488e-02
6.066675e-01 6.125008e-01 6.183342e-01 2.695338e-02
6.183342e-01 6.241675e-01 6.300008e-01 2.693693e-02
6.300008e-01 6.358342e-01 6.416675e-01 2.690618e-02
6.416675e-01 6.475008e-01 6.533341e-01 2.686176e-02
6.533341e-01 6.591675e-01 6.650008e-01 2.680429e-02
6.650008e-01 6.708341e-01 6.766675e-01 2.673436e-02
6.766675e-01 6.825008e-01 6.883341e-01 2.665257e-02
6.883341e-01 6.941675e-01 7.000008e-01 2.655947e-02
7.000008e-01 7.058341e-01 7.116675e-01 2.645564e-02
7.116675e-01 7.175008e-01 7.233341e-01 2.634159e-02
7.233341e-01 7.291675e-01 7.350008e-01 2.621786e-02
7.350008e-01 7.408341e-01 7.466675e-01 2.608495e-02
7.466675e-01 7.525008e-01 7.583341e-01 2.594336e-02
7.583341e-01 7.641674e-01 7.700008e-01 2.579355e-02
7.700008e-01 7.758341e-01 7.816674e-01 2.563600e-02
7.816674e-01 7.875008e-01 7.933341e-01 2.547114e-02
7.933341e-01 7.991674e-01 8.050008e-01 2.529941e-02
8.050008e-01 8.108341e-01 8.166674e-01 2.512123e-02
8.166674e-01 8.225008e-01 8.283341e-01 2.493699e-02
8.283341e-01 8.341674e-01 8.400008e-01 2.474708e-02
8.400008e-01 8.458341e-01 8.516674e-01 2.455189e-02
8.516674e-01 8.575008e-01 8.633341e-01 2.435176e-02
8.633341e-01 8.691674e-01 8.750007e-01 2.414706e-02
8.750007e-01 8.808341e-01 8.866674e-01 2.393810e-02
8.866674e-01 8.925007e-01 8.983341e-01 2.372523e-02
8.983341e-01 9.041674e-01 9.100007e-01 2.350873e-02
9.100007e-01 9.158341e-01 9.216674e-01 2.328893e-02
9.216674e-01 9.275007e-01 9.333341e-01 2.306609e-02
9.333341e-01 9.391674e-01 9.450007e-01 2.284050e-02
9.450007e-01 9.508341e-01 9.566674e-01 2.261242e-02
9.566674e-01 9.625007e-01 9.683341e-01 2.238210e-02
9.683341e-01 9.741674e-01 9.800007e-01 2.214979e-02
9.800007e-01 9.858341e-01 9.916674e-01 2.191572e-02
9.916674e-01 9.975007e-01 1.003334e+00 2.168011e-02
1.003334e+00 1.009167e+00 1.015001e+00 2.144318e-02
1.015001e+00 1.020834e+00 1.026667e+00 2.120513e-02
1.026667e+00 1.032501e+00 1.038334e+00 2.096615e-02
1.038334e+00 1.044167e+00 1.050001e+00 2.072644e-02
1.050001e+00 1.055834e+00 1.061667e+00 2.048616e-02
1.061667e+00 1.067501e+00 1.073334e+00 2.024550e-02
1.073334e+00 1.079167e+00 1.085001e+00 2.000461e-02
1.085001e+00 1.090834e+00 1.096667e+00 1.976365e-02
1.096667e+00 1.102501e+00 1.108334e+00 1.952276e-02
1.108334e+00 1.114167e+00 1.120001e+00 1.928209e-02
1.120001e+00 1.125834e+00 1.131667e+00 1.904176e-02
1.131667e+00 1.137501e+00 1.143334e+00 1.880191e-02
1.143334e+00 1.149167e+00 1.155001e+00 1.856266e-02
1.155001e+00 1.160834e+00 1.166667e+00 1.832412e-02
1.166667e+00 1.172501e+00 1.178334e+00 1.808639e-02
1.178334e+00 1.184167e+00 1.190001e+00 1.784958e-02
1.190001e+00 1.195834e+00 1.201667e+00 1.761379e-02
1.201667e+00 1.207501e+00 1.213334e+00 1.737911e-02
1.213334e+00 1.219167e+00 1.225001e+00 1.714563e-02
1.225001e+00 1.230834e+00 1.236667e+00 1.691342e-02
1.236667e+00 1.242501e+00 1.248334e+00 1.668257e-02
1.248334e+00 1.254167e+00 1.260001e+00 1.645314e-02
1.260001e+00 1.265834e+00 1.271667e+00 1.622521e-02
1.271667e+00 1.277501e+00 1.283334e+00 1.599883e-02
1.283334e+00 1.289167e+00 1.295001e+00 1.577407e-02
1.295001e+00 1.300834e+00 1.306667e+00 1.555098e-02
1.306667e+00 1.312501e+00 1.318334e+00 1.532962e-02
1.318334e+00 1.324167e+00 1.330001e+00 1.511003e-02
1.330001e+00 1.335834e+00 1.341667e+00 1.489226e-02
1.341667e+00 1.347501e+00 1.353334e+00 1.467634e-02
1.353334e+00 1.359167e+00 1.365001e+00 1.446233e-02
1.365001e+00 1.370834e+00 1.376667e+00 1.425024e-02
1.376667e+00 1.382501e+00 1.388334e+00 1.404013e-02
1.388334e+00 1.394167e+00 1.400001e+00 1.383200e-02
1.400001e+00 1.405834e+00 1.411667e+00 1.362590e-02
1.411667e+00 1.417501e+00 1.423334e+00 1.342185e-02
1.423334e+00 1.429167e+00 1.435001e+00 1.321986e-02
1.435001e+00 1.440834e+00 1.446667e+00 1.301997e-02
1.446667e+00 1.452501e+00 1.458334e+00 1.282217e-02
1.458334e+00 1.464167e+00 1.470001e+00 1.262650e-02
1.470001e+00 1.475834e+00 1.481667e+00 1.243296e-02
1.481667e+00 1.487501e+00 1.493334e+00 1.224156e-02
1.493334e+00 1.499167e+00 1.505001e+00 1.205232e-02
1.505001e+00 1.510834e+00 1.516667e+00 1.186524e-02
1.516667e+00 1.522501e+00 1.528334e+00 1.168032e-02
1.528334e+00 1.534167e+00 1.540001e+00 1.149758e-02
1.540001e+00 1.545834e+00 1.551667e+00 1.131701e-02
1.551667e+00 1.557501e+00 1.563334e+00 1.113862e-02
1.563334e+00 1.569167e+00 1.575001e+00 1.096240e-02
1.575001e+00 1.580834e+00 1.586667e+00 1.078836e-02
1.586667e+00 1.592501e+00 1.598334e+00 1.061648e-02
1.598334e+00 1.604167e+00 1.610001e+00 1.044677e-02
1.610001e+00 1.615834e+00 1.621667e+00 1.027923e-02
1.621667e+00 1.627501e+00 1.633334e+00 1.011384e-02
1.633334e+00 1.639167e+00 1.645001e+00 9.950594e-03
1.645001e+00 1.650834e+00 1.656667e+00 9.789492e-03
1.656667e+00 1.662501e+00 1.668334e+00 9.630521e-03
1.668334e+00 1.674167e+00 1.680001e+00 9.473672e-03
1.680001e+00 1.685834e+00 1.691667e+00 9.318933e-03
1.691667e+00 1.697501e+00 1.703334e+00 9.166293e-03
1.703334e+00 1.709167e+00 1.715001e+00 9.015740e-03
1.715001e+00 1.720834e+00 1.726667e+00 8.867262e-03
1.726667e+00 1.732501e+00 1.738334e+00 8.720844e-03
1.738334e+00 1.744167e+00 1.750000e+00 8.576474e-03
1.750000e+00 1.755834e+00 1.761667e+00 8.434135e-03
1.761667e+00 1.767500e+00 1.773334e+00 8.293813e-03
1.773334e+00 1.779167e+00 1.785000e+00 8.155493e-03
1.785000e+00 1.790834e+00 1.796667e+00 8.019158e-03
1.796667e+00 1.802500e+00 1.808334e+00 7.884792e-03
1.808334e+00 1.814167e+00 1.820000e+00 7.752378e-03
1.820000e+00 1.825834e+00 1.831667e+00 7.621899e-03
1.831667e+00 1.837500e+00 1.843334e+00 7.493337e-03
1.843334e+00 1.849167e+00 1.855000e+00 7.366675e-03
1.855000e+00 1.860834e+00 1.866667e+00 7.241894e-03
1.866667e+00 1.872500e+00 1.878334e+00 7.118977e-03
1.878334e+00 1.884167e+00 1.890000e+00 6.997904e-03
1.890000e+00 1.895834e+00 1.901667e+00 6.878657e-03
1.901667e+00 1.907500e+00 1.913334e+00 6.761217e-03
1.913334e+00 1.919167e+00 1.925000e+00 6.645565e-03
1.925000e+00 1.930834e+00 1.936667e+00 6.531681e-03
1.936667e+00 1.942500e+00 1.948334e+00 6.419547e-03
1.948334e+00 1.954167e+00 1.960000e+00 6.309143e-03
1.960000e+00 1.965834e+00 1.971667e+00 6.200449e-03
1.971667e+00 1.977500e+00 1.983334e+00 6.093445e-03
1.983334e+00 1.989167e+00 1.995000e+00 5.988113e-03
1.995000e+00 2.000834e+00 2.006667e+00 5.884432e-03
2.006667e+00 2.012500e+00 2.018334e+00 5.782383e-03
2.018334e+00 2.024167e+00 2.030000e+00 5.681945e-03
2.030000e+00 2.035834e+00 2.041667e+00 5.583100e-03
2.041667e+00 2.047500e+00 2.053334e+00 5.485828e-03
2.053334e+00 2.059167e+00 2.065000e+00 5.390108e-03
2.065000e+00 2.070834e+00 2.076667e+00 5.295921e-03
2.076667e+00 2.082500e+00 2.088334e+00 5.203248e-03
2.088334e+00 2.094167e+00 2.100000e+00 5.112069e-03
2.100000e+00 2.105834e+00 2.111667e+00 5.022365e-03
2.111667e+00 2.117500e+00 2.123334e+00 4.934116e-03
2.123334e+00 2.129167e+00 2.135000e+00 4.847303e-03
2.135000e+00 2.140834e+00 2.146667e+00 4.761906e-03
2.146667e+00 2.152500e+00 2.158334e+00 4.677907e-03
2.158334e+00 2.164167e+00 2.170000e+00 4.595287e-03
2.170000e+00 2.175834e+00 2.181667e+00 4.514026e-03
2.181667e+00 2.187500e+00 2.193334e+00 4.434106e-03
2.193334e+00 2.199167e+00 2.205000e+00 4.355508e-03
2.205000e+00 2.210834e+00 2.216667e+00 4.278214e-03
2.216667e+00 2.222500e+00 2.228334e+00 4.202205e-03
2.228334e+00 2.234167e+00 2.240000e+00 4.127463e-03
2.240000e+00 2.245834e+00 2.251667e+00 4.053969e-03
2.251667e+00 2.257500e+00 2.263334e+00 3.981707e-03
2.263334e+00 2.269167e+00 2.275000e+00 3.910658e-03
2.275000e+00 2.280834e+00 2.286667e+00 3.840804e-03
2.286667e+00 2.292500e+00 2.298334e+00 3.772128e-03
2.298334e+00 2.304167e+00 2.310000e+00 3.704612e-03
2.310000e+00 2.315834e+00 2.321667e+00 3.638240e-03
2.321667e+00 2.327500e+00 2.333334e+00 3.572994e-03
2.333334e+00 2.339167e+00 2.345000e+00 3.508857e-03
2.345000e+00 2.350834e+00 2.356667e+00 3.445813e-03
2.356667e+00 2.362500e+00 2.368334e+00 3.383845e-03
2.368334e+00 2.374167e+00 2.380000e+00 3.322937e-03
2.380000e+00 2.385834e+00 2.391667e+00 3.263073e-03
2.391667e+00 2.397500e+00 2.403334e+00 3.204237e-03
2.403334e+00 2.409167e+00 2.415000e+00 3.146412e-03
2.415000e+00 2.420834e+00 2.426667e+00 3.089584e-03
2.426667e+00 2.432500e+00 2.438334e+00 3.033736e-03
2.438334e+00 2.444167e+00 2.450000e+00 2.978853e-03
2.450000e+00 2.455834e+00 2.461667e+00 2.924922e-03
2.461667e+00 2.467500e+00 2.473334e+00 2.871925e-03
2.473334e+00 2.479167e+00 2.485000e+00 2.819849e-03
2.485000e+00 2.490834e+00 2.496667e+00 2.768679e-03
2.496667e+00 2.502500e+00 2.508334e+00 2.718401e-03
2.508334e+00 2.514167e+00 2.520000e+00 2.669000e-03
2.520000e+00 2.525834e+00 2.531667e+00 2.620463e-03
2.531667e+00 2.537500e+00 2.543334e+00 2.572775e-03
2.543334e+00 2.549167e+00 2.555000e+00 2.525924e-03
2.555000e+00 2.560834e+00 2.566667e+00 2.479894e-03
2.566667e+00 2.572500e+00 2.578334e+00 2.434674e-03
2.578334e+00 2.584167e+00 2.590000e+00 2.390249e-03
2.590000e+00 2.595834e+00 2.601667e+00 2.346607e-03
2.601667e+00 2.607500e+00 2.613334e+00 2.303736e-03
2.613334e+00 2.619167e+00 2.625000e+00 2.261622e-03
2.625000e+00 2.630834e+00 2.636667e+00 2.220253e-03
2.636667e+00 2.642500e+00 2.648334e+00 2.179617e-03
2.648334e+00 2.654167e+00 2.660000e+00 2.139701e-03
2.660000e+00 2.665834e+00 2.671667e+00 2.100494e-03
2.671667e+00 2.677500e+00 2.683334e+00 2.061984e-03
2.683334e+00 2.689167e+00 2.695000e+00 2.024159e-03
2.695000e+00 2.700834e+00 2.706667e+00 1.987009e-03
2.706667e+00 2.712500e+00 2.718334e+00 1.950520e-03
2.718334e+00 2.724167e+00 2.730000e+00 1.914683e-03
2.730000e+00 2.735834e+00 2.741667e+00 1.879487e-03
2.741667e+00 2.747500e+00 2.753334e+00 1.844921e-03
2.753334e+00 2.759167e+00 2.765000e+00 1.810973e-03
2.765000e+00 2.770834e+00 2.776667e+00 1.777634e-03
2.776667e+00 2.782500e+00 2.788334e+00 1.744893e-03
2.788334e+00 2.794167e+00 2.800000e+00 1.712741e-03
2.800000e+00 2.805834e+00 2.811667e+00 1.681166e-03
2.811667e+00 2.817500e+00 2.823334e+00 1.650160e-03
2.823334e+00 2.829167e+00 2.835000e+00 1.619712e-03
2.835000e+00 2.840834e+00 2.846667e+00 1.589813e-03
2.846667e+00 2.852500e+00 2.858334e+00 1.560454e-03
2.858334e+00 2.864167e+00 2.870000e+00 1.531624e-03
2.870000e+00 2.875834e+00 2.881667e+00 1.503316e-03
2.881667e+00 2.887500e+00 2.893334e+00 1.475520e-03
2.893334e+00 2.899167e+00 2.905000e+00 1.448228e-03
2.905000e+00 2.910834e+00 2.916667e+00 1.421429e-03
2.916667e+00 2.922500e+00 2.928333e+00 1.395117e-03
2.928333e+00 2.934167e+00 2.940000e+00 1.369282e-03
2.940000e+00 2.945833e+00 2.951667e+00 1.343917e-03
2.951667e+00 2.957500e+00 2.963333e+00 1.319012e-03
2.963333e+00 2.969167e+00 2.975000e+00 1.294561e-03
2.975000e+00 2.980833e+00 2.986667e+00 1.270554e-03
2.986667e+00 2.992500e+00 2.998333e+00 1.246985e-03
2.998333e+00 3.004167e+00 3.010000e+00 1.223845e-03
3.010000e+00 3.015833e+00 3.021667e+00 1.201128e-03
3.021667e+00 3.027500e+00 3.033333e+00 1.178825e-03
3.033333e+00 3.039167e+00 3.045000e+00 1.156929e-03
3.045000e+00 3.050833e+00 3.056667e+00 1.135434e-03
3.056667e+00 3.062500e+00 3.068333e+00 1.114331e-03
3.068333e+00 3.074167e+00 3.080000e+00 1.093615e-03
3.080000e+00 3.085833e+00 3.091667e+00 1.073278e-03
3.091667e+00 3.097500e+00 3.103333e+00 1.053314e-03
3.103333e+00 3.109167e+00 3.115000e+00 1.033715e-03
3.115000e+00 3.120833e+00 3.126667e+00 1.014476e-03
3.126667e+00 3.132500e+00 3.138333e+00 9.955907e-04
3.138333e+00 3.144167e+00 3.150000e+00 9.770517e-04
3.150000e+00 3.155833e+00 3.161667e+00 9.588533e-04
3.161667e+00 3.167500e+00 3.173333e+00 9.409895e-04
3.173333e+00 3.179167e+00 3.185000e+00 9.234542e-04
3.185000e+00 3.190833e+00 3.196667e+00 9.062416e-04
3.196667e+00 3.202500e+00 3.208333e+00 8.893460e-04
3.208333e+00 3.214167e+00 3.220000e+00 8.727616e-04
3.220000e+00 3.225833e+00 3.231667e+00 8.564828e-04
3.231667e+00 3.237500e+00 3.243333e+00 8.405042e-04
3.243333e+00 3.249167e+00 3.255000e+00 8.248204e-04
3.255000e+00 3.260833e+00 3.266667e+00 8.094260e-04
3.266667e+00 3.272500e+00 3.278333e+00 7.943159e-04
3.278333e+00 3.284167e+00 3.290000e+00 7.794849e-04
3.290000e+00 3.295833e+00 3.301667e+00 7.649280e-04
3.301667e+00 3.307500e+00 3.313333e+00 7.506403e-04
3.313333e+00 3.319167e+00 3.325000e+00 7.366168e-04
3.325000e+00 3.330833e+00 3.336667e+00 7.228528e-04
3.336667e+00 3.342500e+00 3.348333e+00 7.093437e-04
3.348333e+00 3.354167e+00 3.360000e+00 6.960847e-04
3.360000e+00 3.365833e+00 3.371667e+00 6.830714e-04
3.371667e+00 3.377500e+00 3.383333e+00 6.702993e-04
3.383333e+00 3.389167e+00 3.395000e+00 6.577640e-04
3.395000e+00 3.400833e+00 3.406667e+00 6.454611e-04
3.406667e+00 3.412500e+00 3.418333e+00 6.333866e-04
3.418333e+00 3.424167e+00 3.430000e+00 6.215362e-04
3.430000e+00 3.435833e+00 3.441667e+00 6.099059e-04
3.441667e+00 3.447500e+00 3.453333e+00 5.984915e-04
3.453333e+00 3.459167e+00 3.465000e+00 5.872893e-04
3.465000e+00 3.470833e+00 3.476667e+00 5.762953e-04
3.476667e+00 3.482500e+00 3.488333e+00 5.655057e-04
3.488333e+00 3.494167e+00 3.500000e+00 5.549167e-04
