1.000000e-06 5.834332e-03 1.166766e-02 3.190301e-05
1.166766e-02 1.750099e-02 2.333433e-02 2.620628e-04
2.333433e-02 2.916766e-02 3.500099e-02 6.728933e-04
3.500099e-02 4.083432e-02 4.666765e-02 1.226796e-03
4.666765e-02 5.250099e-02 5.833432e-02 1.894151e-03
5.833432e-02 6.416765e-02 7.000098e-02 2.650791e-03
7.000098e-02 7.583431e-02 8.166764e-02 3.476650e-03
8.166764e-02 8.750097e-02 9.333431e-02 4.354881e-03
9.333431e-02 9.916764e-02 1.050010e-01 5.271250e-03
1.050010e-01 1.108343e-01 1.166676e-01 6.213678e-03
1.166676e-01 1.225010e-01 1.283343e-01 7.171895e-03
1.283343e-01 1.341676e-01 1.400010e-01 8.137158e-03
1.400010e-01 1.458343e-01 1.516676e-01 9.102028e-03
1.516676e-01 1.575010e-01 1.633343e-01 1.006019e-02
1.633343e-01 1.691676e-01 1.750009e-01 1.100628e-02
1.750009e-01 1.808343e-01 1.866676e-01 1.193580e-02
1.866676e-01 1.925009e-01 1.983343e-01 1.284494e-02
1.983343e-01 2.041676e-01 2.100009e-01 1.373055e-02
2.100009e-01 2.158343e-01 2.216676e-01 1.459003e-02
2.216676e-01 2.275009e-01 2.333343e-01 1.542124e-02
2.333343e-01 2.391676e-01 2.450009e-01 1.622248e-02
2.450009e-01 2.508343e-01 2.566676e-01 1.699242e-02
2.566676e-01 2.625009e-01 2.683343e-01 1.773004e-02
2.683343e-01 2.741676e-01 2.800009e-01 1.843460e-02
2.800009e-01 2.858343e-01 2.916676e-01 1.910561e-02
2.916676e-01 2.975009e-01 3.033342e-01 1.974281e-02
3.033342e-01 3.091676e-01 3.150009e-01 2.034609e-02
3.150009e-01 3.208342e-01 3.266676e-01 2.091553e-02
3.266676e-01 3.325009e-01 3.383342e-01 2.145134e-02
3.383342e-01 3.441676e-01 3.500009e-01 2.195385e-02
3.500009e-01 3.558342e-01 3.616676e-01 2.242350e-02
3.616676e-01 3.675009e-01 3.733342e-01 2.286082e-02
3.733342e-01 3.791676e-01 3.850009e-01 2.326640e-02
3.850009e-01 3.908342e-01 3.966676e-01 2.364090e-02
3.966676e-01 4.025009e-01 4.083342e-01 2.398504e-02
4.083342e-01 4.141675e-01 4.200009e-01 2.429958e-02
4.200009e-01 4.258342e-01 4.316675e-01 2.458531e-02
4.316675e-01 4.375009e-01 4.433342e-01 2.484306e-02
4.433342e-01 4.491675e-01 4.550009e-01 2.507367e-02
4.550009e-01 4.608342e-01 4.666675e-01 2.527799e-02
4.666675e-01 4.725009e-01 4.783342e-01 2.545689e-02
4.783342e-01 4.841675e-01 4.900009e-01 2.561125e-02
4.900009e-01 4.958342e-01 5.016675e-01 2.574195e-02
5.016675e-01 5.075009e-01 5.133342e-01 2.584986e-02
5.133342e-01 5.191675e-01 5.250008e-01 2.593585e-02
5.250008e-01 5.308342e-01 5.366675e-01 2.600079e-02
5.366675e-01 5.425008e-01 5.483342e-01 2.604552e-02
5.483342e-01 5.541675e-01 5.600008e-01 2.607090e-02
5.600008e-01 5.658342e-01 5.716675e-01 2.607776e-02
5.716675e-01 5.775008e-01 5.833342e-01 2.606690e-02
5.833342e-01 5.891675e-01 5.950008e-01 2.603913e-02
5.950008e-01 6.008342e-01 6.066675e-01 2.599524e-02
6.066675e-01 6.125008e-01 6.183342e-01 2.593598e-02
6.183342e-01 6.241675e-01 6.300008e-01 2.586211e-02
6.300008e-01 6.358342e-01 6.416675e-01 2.577436e-02
6.416675e-01 6.475008e-01 6.533341e-01 2.567343e-02
6.533341e-01 6.591675e-01 6.650008e-01 2.556001e-02
6.650008e-01 6.708341e-01 6.766675e-01 2.543478e-02
6.766675e-01 6.825008e-01 6.883341e-01 2.529839e-02
6.883341e-01 6.941675e-01 7.000008e-01 2.515145e-02
7.000008e-01 7.058341e-01 7.116675e-01 2.499460e-02
7.116675e-01 7.175008e-01 7.233341e-01 2.482841e-02
7.233341e-01 7.291675e-01 7.350008e-01 2.465346e-02
7.350008e-01 7.408341e-01 7.466675e-01 2.447029e-02
7.466675e-01 7.525008e-01 7.583341e-01 2.427945e-02
7.583341e-01 7.641674e-01 7.700008e-01 2.408145e-02
7.700008e-01 7.758341e-01 7.816674e-01 2.387677e-02
7.816674e-01 7.875008e-01 7.933341e-01 2.366590e-02
7.933341e-01 7.991674e-01 8.050008e-01 2.344930e-02
8.050008e-01 8.108341e-01 8.166674e-01 2.322740e-02
8.166674e-01 8.225008e-01 8.283341e-01 2.300063e-02
8.283341e-01 8.341674e-01 8.400008e-01 2.276940e-02
8.400008e-01 8.458341e-01 8.516674e-01 2.253410e-02
8.516674e-01 8.575008e-01 8.633341e-01 2.229509e-02
8.633341e-01 8.691674e-01 8.750007e-01 2.205275e-02
8.750007e-01 8.808341e-01 8.866674e-01 2.180741e-02
8.866674e-01 8.925007e-01 8.983341e-01 2.155941e-02
8.983341e-01 9.041674e-01 9.100007e-01 2.130905e-02
9.100007e-01 9.158341e-01 9.216674e-01 2.105663e-02
9.216674e-01 9.275007e-01 9.333341e-01 2.080246e-02
9.333341e-01 9.391674e-01 9.450007e-01 2.054679e-02
9.450007e-01 9.508341e-01 9.566674e-01 2.028989e-02
9.566674e-01 9.625007e-01 9.683341e-01 2.003200e-02
9.683341e-01 9.741674e-01 9.800007e-01 1.977337e-02
9.800007e-01 9.858341e-01 9.916674e-01 1.951423e-02
9.916674e-01 9.975007e-01 1.003334e+00 1.925477e-02
1.003334e+00 1.009167e+00 1.015001e+00 1.899521e-02
1.015001e+00 1.020834e+00 1.026667e+00 1.873575e-02
1.026667e+00 1.032501e+00 1.038334e+00 1.847656e-02
1.038334e+00 1.044167e+00 1.050001e+00 1.821781e-02
1.050001e+00 1.055834e+00 1.061667e+00 1.795968e-02
1.061667e+00 1.067501e+00 1.073334e+00 1.770231e-02
1.073334e+00 1.079167e+00 1.085001e+00 1.744586e-02
1.085001e+00 1.090834e+00 1.096667e+00 1.719046e-02
1.096667e+00 1.102501e+00 1.108334e+00 1.693624e-02
1.108334e+00 1.114167e+00 1.120001e+00 1.668332e-02
1.120001e+00 1.125834e+00 1.131667e+00 1.643183e-02
1.131667e+00 1.137501e+00 1.143334e+00 1.618186e-02
1.143334e+00 1.149167e+00 1.155001e+00 1.593352e-02
1.155001e+00 1.160834e+00 1.166667e+00 1.568691e-02
1.166667e+00 1.172501e+00 1.178334e+00 1.544211e-02
1.178334e+00 1.184167e+00 1.190001e+00 1.519920e-02
1.190001e+00 1.195834e+00 1.201667e+00 1.495826e-02
1.201667e+00 1.207501e+00 1.213334e+00 1.471937e-02
1.213334e+00 1.219167e+00 1.225001e+00 1.448258e-02
1.225001e+00 1.230834e+00 1.236667e+00 1.424797e-02
1.236667e+00 1.242501e+00 1.248334e+00 1.401558e-02
1.248334e+00 1.254167e+00 1.260001e+00 1.378546e-02
1.260001e+00 1.265834e+00 1.271667e+00 1.355768e-02
1.271667e+00 1.277501e+00 1.283334e+00 1.333225e-02
1.283334e+00 1.289167e+00 1.295001e+00 1.310923e-02
1.295001e+00 1.300834e+00 1.306667e+00 1.288866e-02
1.306667e+00 1.312501e+00 1.318334e+00 1.267055e-02
1.318334e+00 1.324167e+00 1.330001e+00 1.245494e-02
1.330001e+00 1.335834e+00 1.341667e+00 1.224186e-02
1.341667e+00 1.347501e+00 1.353334e+00 1.203131e-02
1.353334e+00 1.359167e+00 1.365001e+00 1.182333e-02
1.365001e+00 1.370834e+00 1.376667e+00 1.161793e-02
1.376667e+00 1.382501e+00 1.388334e+00 1.141512e-02
1.388334e+00 1.394167e+00 1.400001e+00 1.121491e-02
1.400001e+00 1.405834e+00 1.411667e+00 1.101730e-02
1.411667e+00 1.417501e+00 1.423334e+00 1.082231e-02
1.423334e+00 1.429167e+00 1.435001e+00 1.062993e-02
1.435001e+00 1.440834e+00 1.446667e+00 1.044017e-02
1.446667e+00 1.452501e+00 1.458334e+00 1.025302e-02
1.458334e+00 1.464167e+00 1.470001e+00 1.006848e-02
1.470001e+00 1.475834e+00 1.481667e+00 9.886546e-03
1.481667e+00 1.487501e+00 1.493334e+00 9.707214e-03
1.493334e+00 1.499167e+00 1.505001e+00 9.530473e-03
1.505001e+00 1.510834e+00 1.516667e+00 9.356313e-03
1.516667e+00 1.522501e+00 1.528334e+00 9.184724e-03
1.528334e+00 1.534167e+00 1.540001e+00 9.015693e-03
1.540001e+00 1.545834e+00 1.551667e+00 8.849207e-03
1.551667e+00 1.557501e+00 1.563334e+00 8.685250e-03
1.563334e+00 1.569167e+00 1.575001e+00 8.523806e-03
1.575001e+00 1.580834e+00 1.586667e+00 8.364859e-03
1.586667e+00 1.592501e+00 1.598334e+00 8.208392e-03
1.598334e+00 1.604167e+00 1.610001e+00 8.054384e-03
1.610001e+00 1.615834e+00 1.621667e+00 7.902816e-03
1.621667e+00 1.627501e+00 1.633334e+00 7.753669e-03
1.633334e+00 1.639167e+00 1.645001e+00 7.606921e-03
1.645001e+00 1.650834e+00 1.656667e+00 7.462550e-03
1.656667e+00 1.662501e+00 1.668334e+00 7.320535e-03
1.668334e+00 1.674167e+00 1.680001e+00 7.180851e-03
1.680001e+00 1.685834e+00 1.691667e+00 7.043476e-03
1.691667e+00 1.697501e+00 1.703334e+00 6.908387e-03
1.703334e+00 1.709167e+00 1.715001e+00 6.775558e-03
1.715001e+00 1.720834e+00 1.726667e+00 6.644965e-03
1.726667e+00 1.732501e+00 1.738334e+00 6.516584e-03
1.738334e+00 1.744167e+00 1.750000e+00 6.390389e-03
1.750000e+00 1.755834e+00 1.761667e+00 6.266354e-03
1.761667e+00 1.767500e+00 1.773334e+00 6.144454e-03
1.773334e+00 1.779167e+00 1.785000e+00 6.024663e-03
1.785000e+00 1.790834e+00 1.796667e+00 5.906955e-03
1.796667e+00 1.802500e+00 1.808334e+00 5.791303e-03
1.808334e+00 1.814167e+00 1.820000e+00 5.677682e-03
1.820000e+00 1.825834e+00 1.831667e+00 5.566064e-03
1.831667e+00 1.837500e+00 1.843334e+00 5.456425e-03
1.843334e+00 1.849167e+00 1.855000e+00 5.348736e-03
1.855000e+00 1.860834e+00 1.866667e+00 5.242971e-03
1.866667e+00 1.872500e+00 1.878334e+00 5.139104e-03
1.878334e+00 1.884167e+00 1.890000e+00 5.037109e-03
1.890000e+00 1.895834e+00 1.901667e+00 4.936959e-03
1.901667e+00 1.907500e+00 1.913334e+00 4.838627e-03
1.913334e+00 1.919167e+00 1.925000e+00 4.742088e-03
1.925000e+00 1.930834e+00 1.936667e+00 4.647314e-03
1.936667e+00 1.942500e+00 1.948334e+00 4.554281e-03
1.948334e+00 1.954167e+00 1.960000e+00 4.462962e-03
1.960000e+00 1.965834e+00 1.971667e+00 4.373331e-03
1.971667e+00 1.977500e+00 1.983334e+00 4.285363e-03
1.983334e+00 1.989167e+00 1.995000e+00 4.199032e-03
1.995000e+00 2.000834e+00 2.006667e+00 4.114312e-03
2.006667e+00 2.012500e+00 2.018334e+00 4.031179e-03
2.018334e+00 2.024167e+00 2.030000e+00 3.949608e-03
2.030000e+00 2.035834e+00 2.041667e+00 3.869574e-03
2.041667e+00 2.047500e+00 2.053334e+00 3.791051e-03
2.053334e+00 2.059167e+00 2.065000e+00 3.714017e-03
2.065000e+00 2.070834e+00 2.076667e+00 3.638446e-03
2.076667e+00 2.082500e+00 2.088334e+00 3.564316e-03
2.088334e+00 2.094167e+00 2.100000e+00 3.491601e-03
2.100000e+00 2.105834e+00 2.111667e+00 3.420279e-03
2.111667e+00 2.117500e+00 2.123334e+00 3.350327e-03
2.123334e+00 2.129167e+00 2.135000e+00 3.281721e-03
2.135000e+00 2.140834e+00 2.146667e+00 3.214439e-03
2.146667e+00 2.152500e+00 2.158334e+00 3.148458e-03
2.158334e+00 2.164167e+00 2.170000e+00 3.083757e-03
2.170000e+00 2.175834e+00 2.181667e+00 3.020313e-03
2.181667e+00 2.187500e+00 2.193334e+00 2.958105e-03
2.193334e+00 2.199167e+00 2.205000e+00 2.897111e-03
2.205000e+00 2.210834e+00 2.216667e+00 2.837310e-03
2.216667e+00 2.222500e+00 2.228334e+00 2.778681e-03
2.228334e+00 2.234167e+00 2.240000e+00 2.721203e-03
2.240000e+00 2.245834e+00 2.251667e+00 2.664857e-03
2.251667e+00 2.257500e+00 2.263334e+00 2.609623e-03
2.263334e+00 2.269167e+00 2.275000e+00 2.555479e-03
2.275000e+00 2.280834e+00 2.286667e+00 2.502407e-03
2.286667e+00 2.292500e+00 2.298334e+00 2.450388e-03
2.298334e+00 2.304167e+00 2.310000e+00 2.399403e-03
2.310000e+00 2.315834e+00 2.321667e+00 2.349432e-03
2.321667e+00 2.327500e+00 2.333334e+00 2.300458e-03
2.333334e+00 2.339167e+00 2.345000e+00 2.252462e-03
2.345000e+00 2.350834e+00 2.356667e+00 2.205426e-03
2.356667e+00 2.362500e+00 2.368334e+00 2.159333e-03
2.368334e+00 2.374167e+00 2.380000e+00 2.114166e-03
2.380000e+00 2.385834e+00 2.391667e+00 2.069906e-03
2.391667e+00 2.397500e+00 2.403334e+00 2.026538e-03
2.403334e+00 2.409167e+00 2.415000e+00 1.984044e-03
2.415000e+00 2.420834e+00 2.426667e+00 1.942408e-03
2.426667e+00 2.432500e+00 2.438334e+00 1.901615e-03
2.438334e+00 2.444167e+00 2.450000e+00 1.861648e-03
2.450000e+00 2.455834e+00 2.461667e+00 1.822492e-03
2.461667e+00 2.467500e+00 2.473334e+00 1.784131e-03
2.473334e+00 2.479167e+00 2.485000e+00 1.746551e-03
2.485000e+00 2.490834e+00 2.496667e+00 1.709736e-03
2.496667e+00 2.502500e+00 2.508334e+00 1.673672e-03
2.508334e+00 2.514167e+00 2.520000e+00 1.638345e-03
2.520000e+00 2.525834e+00 2.531667e+00 1.603740e-03
2.531667e+00 2.537500e+00 2.543334e+00 1.569843e-03
2.543334e+00 2.549167e+00 2.555000e+00 1.536641e-03
2.555000e+00 2.560834e+00 2.566667e+00 1.504121e-03
2.566667e+00 2.572500e+00 2.578334e+00 1.472269e-03
2.578334e+00 2.584167e+00 2.590000e+00 1.441072e-03
2.590000e+00 2.595834e+00 2.601667e+00 1.410518e-03
2.601667e+00 2.607500e+00 2.613334e+00 1.380594e-03
2.613334e+00 2.619167e+00 2.625000e+00 1.351287e-03
2.625000e+00 2.630834e+00 2.636667e+00 1.322586e-03
2.636667e+00 2.642500e+00 2.648334e+00 1.294479e-03
2.648334e+00 2.654167e+00 2.660000e+00 1.266953e-03
2.660000e+00 2.665834e+00 2.671667e+00 1.239998e-03
2.671667e+00 2.677500e+00 2.683334e+00 1.213603e-03
2.683334e+00 2.689167e+00 2.695000e+00 1.187756e-03
2.695000e+00 2.700834e+00 2.706667e+00 1.162446e-03
2.706667e+00 2.712500e+00 2.718334e+00 1.137662e-03
2.718334e+00 2.724167e+00 2.730000e+00 1.113395e-03
2.730000e+00 2.735834e+00 2.741667e+00 1.089634e-03
2.741667e+00 2.747500e+00 2.753334e+00 1.066368e-03
2.753334e+00 2.759167e+00 2.765000e+00 1.043589e-03
2.765000e+00 2.770834e+00 2.776667e+00 1.021286e-03
2.776667e+00 2.782500e+00 2.788334e+00 9.994488e-04
2.788334e+00 2.794167e+00 2.800000e+00 9.780693e-04
2.800000e+00 2.805834e+00 2.811667e+00 9.571379e-04
2.811667e+00 2.817500e+00 2.823334e+00 9.366454e-04
2.823334e+00 2.829167e+00 2.835000e+00 9.165831e-04
2.835000e+00 2.840834e+00 2.846667e+00 8.969422e-04
2.846667e+00 2.852500e+00 2.858334e+00 8.777142e-04
2.858334e+00 2.864167e+00 2.870000e+00 8.588907e-04
2.870000e+00 2.875834e+00 2.881667e+00 8.404636e-04
2.881667e+00 2.887500e+00 2.893334e+00 8.224247e-04
2.893334e+00 2.899167e+00 2.905000e+00 8.047661e-04
2.905000e+00 2.910834e+00 2.916667e+00 7.874802e-04
2.916667e+00 2.922500e+00 2.928333e+00 7.705592e-04
2.928333e+00 2.934167e+00 2.940000e+00 7.539957e-04
2.940000e+00 2.945833e+00 2.951667e+00 7.377825e-04
2.951667e+00 2.957500e+00 2.963333e+00 7.219123e-04
2.963333e+00 2.969167e+00 2.975000e+00 7.063780e-04
2.975000e+00 2.980833e+00 2.986667e+00 6.911729e-04
2.986667e+00 2.992500e+00 2.998333e+00 6.762901e-04
2.998333e+00 3.004167e+00 3.010000e+00 6.617229e-04
3.010000e+00 3.015833e+00 3.021667e+00 6.474649e-04
3.021667e+00 3.027500e+00 3.033333e+00 6.335097e-04
3.033333e+00 3.039167e+00 3.045000e+00 6.198510e-04
3.045000e+00 3.050833e+00 3.056667e+00 6.064828e-04
3.056667e+00 3.062500e+00 3.068333e+00 5.933989e-04
3.068333e+00 3.074167e+00 3.080000e+00 5.805935e-04
3.080000e+00 3.085833e+00 3.091667e+00 5.680608e-04
3.091667e+00 3.097500e+00 3.103333e+00 5.557951e-04
3.103333e+00 3.109167e+00 3.115000e+00 5.437910e-04
3.115000e+00 3.120833e+00 3.126667e+00 5.320429e-04
3.126667e+00 3.132500e+00 3.138333e+00 5.205455e-04
3.138333e+00 3.144167e+00 3.150000e+00 5.092936e-04
3.150000e+00 3.155833e+00 3.161667e+00 4.982821e-04
3.161667e+00 3.167500e+00 3.173333e+00 4.875060e-04
3.173333e+00 3.179167e+00 3.185000e+00 4.769602e-04
3.185000e+00 3.190833e+00 3.196667e+00 4.666401e-04
3.196667e+00 3.202500e+00 3.208333e+00 4.565408e-04
3.208333e+00 3.214167e+00 3.220000e+00 4.466578e-04
3.220000e+00 3.225833e+00 3.231667e+00 4.369866e-04
3.231667e+00 3.237500e+00 3.243333e+00 4.275226e-04
3.243333e+00 3.249167e+00 3.255000e+00 4.182615e-04
3.255000e+00 3.260833e+00 3.266667e+00 4.091990e-04
3.266667e+00 3.272500e+00 3.278333e+00 4.003310e-04
3.278333e+00 3.284167e+00 3.290000e+00 3.916534e-04
3.290000e+00 3.295833e+00 3.301667e+00 3.831622e-04
3.301667e+00 3.307500e+00 3.313333e+00 3.748534e-04
3.313333e+00 3.319167e+00 3.325000e+00 3.667232e-04
3.325000e+00 3.330833e+00 3.336667e+00 3.587677e-04
3.336667e+00 3.342500e+00 3.348333e+00 3.509834e-04
3.348333e+00 3.354167e+00 3.360000e+00 3.433666e-04
3.360000e+00 3.365833e+00 3.371667e+00 3.359138e-04
3.371667e+00 3.377500e+00 3.383333e+00 3.286214e-04
3.383333e+00 3.389167e+00 3.395000e+00 3.214861e-04
3.395000e+00 3.400833e+00 3.406667e+00 3.145045e-04
3.406667e+00 3.412500e+00 3.418333e+00 3.076734e-04
3.418333e+00 3.424167e+00 3.430000e+00 3.009896e-04
3.430000e+00 3.435833e+00 3.441667e+00 2.944500e-04
3.441667e+00 3.447500e+00 3.453333e+00 2.880515e-04
3.453333e+00 3.459167e+00 3.465000e+00 2.817910e-04
3.465000e+00 3.470833e+00 3.476667e+00 2.756658e-04
3.476667e+00 3.482500e+00 3.488333e+00 2.696728e-04
3.488333e+00 3.494167e+00 3.500000e+00 2.638092e-04
