1.000000e-06 5.834332e-03 1.166766e-02 3.249325e-05
1.166766e-02 1.750099e-02 2.333433e-02 2.711627e-04
2.333433e-02 2.916766e-02 3.500099e-02 7.031083e-04
3.500099e-02 4.083432e-02 4.666765e-02 1.290814e-03
4.666765e-02 5.250099e-02 5.833432e-02 2.003267e-03
5.833432e-02 6.416765e-02 7.000098e-02 2.814321e-03
7.000098e-02 7.583431e-02 8.166764e-02 3.701726e-03
8.166764e-02 8.750097e-02 9.333431e-02 4.646451e-03
9.333431e-02 9.916764e-02 1.050010e-01 5.632178e-03
1.050010e-01 1.108343e-01 1.166676e-01 6.644900e-03
1.166676e-01 1.225010e-01 1.283343e-01 7.672606e-03
1.283343e-01 1.341676e-01 1.400010e-01 8.705005e-03
1.400010e-01 1.458343e-01 1.516676e-01 9.733312e-03
1.516676e-01 1.575010e-01 1.633343e-01 1.075005e-02
1.633343e-01 1.691676e-01 1.750009e-01 1.174889e-02
1.750009e-01 1.808343e-01 1.866676e-01 1.272450e-02
1.866676e-01 1.925009e-01 1.983343e-01 1.367245e-02
1.983343e-01 2.041676e-01 2.100009e-01 1.458907e-02
2.100009e-01 2.158343e-01 2.216676e-01 1.547138e-02
2.216676e-01 2.275009e-01 2.333343e-01 1.631699e-02
2.333343e-01 2.391676e-01 2.450009e-01 1.712404e-02
2.450009e-01 2.508343e-01 2.566676e-01 1.789114e-02
2.566676e-01 2.625009e-01 2.683343e-01 1.861728e-02
2.683343e-01 2.741676e-01 2.800009e-01 1.930182e-02
2.800009e-01 2.858343e-01 2.916676e-01 1.994443e-02
2.916676e-01 2.975009e-01 3.033342e-01 2.054504e-02
3.033342e-01 3.091676e-01 3.150009e-01 2.110382e-02
3.150009e-01 3.208342e-01 3.266676e-01 2.162112e-02
3.266676e-01 3.325009e-01 3.383342e-01 2.209749e-02
3.383342e-01 3.441676e-01 3.500009e-01 2.253360e-02
3.500009e-01 3.558342e-01 3.616676e-01 2.293026e-02
3.616676e-01 3.675009e-01 3.733342e-01 2.328839e-02
3.733342e-01 3.791676e-01 3.850009e-01 2.360898e-02
3.850009e-01 3.908342e-01 3.966676e-01 2.389310e-02
3.966676e-01 4.025009e-01 4.083342e-01 2.414188e-02
4.083342e-01 4.141675e-01 4.200009e-01 2.435648e-02
4.200009e-01 4.258342e-01 4.316675e-01 2.453812e-02
4.316675e-01 4.375009e-01 4.433342e-01 2.468802e-02
4.433342e-01 4.491675e-01 4.550009e-01 2.480742e-02
4.550009e-01 4.608342e-01 4.666675e-01 2.489757e-02
4.666675e-01 4.725009e-01 4.783342e-01 2.495974e-02
4.783342e-01 4.841675e-01 4.900009e-01 2.499518e-02
4.900009e-01 4.958342e-01 5.016675e-01 2.500511e-02
5.016675e-01 5.075009e-01 5.133342e-01 2.499077e-02
5.133342e-01 5.191675e-01 5.250008e-01 2.495337e-02
5.250008e-01 5.308342e-01 5.366675e-01 2.489410e-02
5.366675e-01 5.425008e-01 5.483342e-01 2.481413e-02
5.483342e-01 5.541675e-01 5.600008e-01 2.471459e-02
5.600008e-01 5.658342e-01 5.716675e-01 2.459661e-02
5.716675e-01 5.775008e-01 5.833342e-01 2.446126e-02
5.833342e-01 5.891675e-01 5.950008e-01 2.430960e-02
5.950008e-01 6.008342e-01 6.066675e-01 2.414266e-02
6.066675e-01 6.125008e-01 6.183342e-01 2.396143e-02
6.183342e-01 6.241675e-01 6.300008e-01 2.376687e-02
6.300008e-01 6.358342e-01 6.416675e-01 2.355990e-02
6.416675e-01 6.475008e-01 6.533341e-01 2.334143e-02
6.533341e-01 6.591675e-01 6.650008e-01 2.311231e-02
6.650008e-01 6.708341e-01 6.766675e-01 2.287338e-02
6.766675e-01 6.825008e-01 6.883341e-01 2.262543e-02
6.883341e-01 6.941675e-01 7.000008e-01 2.236922e-02
7.000008e-01 7.058341e-01 7.116675e-01 2.210549e-02
7.116675e-01 7.175008e-01 7.233341e-01 2.183494e-02
7.233341e-01 7.291675e-01 7.350008e-01 2.155825e-02
7.350008e-01 7.408341e-01 7.466675e-01 2.127606e-02
7.466675e-01 7.525008e-01 7.583341e-01 2.098897e-02
7.583341e-01 7.641674e-01 7.700008e-01 2.069757e-02
7.700008e-01 7.758341e-01 7.816674e-01 2.040242e-02
7.816674e-01 7.875008e-01 7.933341e-01 2.010405e-02
7.933341e-01 7.991674e-01 8.050008e-01 1.980295e-02
8.050008e-01 8.108341e-01 8.166674e-01 1.949961e-02
8.166674e-01 8.225008e-01 8.283341e-01 1.919448e-02
8.283341e-01 8.341674e-01 8.400008e-01 1.888798e-02
8.400008e-01 8.458341e-01 8.516674e-01 1.858052e-02
8.516674e-01 8.575008e-01 8.633341e-01 1.827248e-02
8.633341e-01 8.691674e-01 8.750007e-01 1.796423e-02
8.750007e-01 8.808341e-01 8.866674e-01 1.765609e-02
8.866674e-01 8.925007e-01 8.983341e-01 1.734840e-02
8.983341e-01 9.041674e-01 9.100007e-01 1.704145e-02
9.100007e-01 9.158341e-01 9.216674e-01 1.673552e-02
9.216674e-01 9.275007e-01 9.333341e-01 1.643087e-02
9.333341e-01 9.391674e-01 9.450007e-01 1.612776e-02
9.450007e-01 9.508341e-01 9.566674e-01 1.582641e-02
9.566674e-01 9.625007e-01 9.683341e-01 1.552704e-02
9.683341e-01 9.741674e-01 9.800007e-01 1.522984e-02
9.800007e-01 9.858341e-01 9.916674e-01 1.493500e-02
9.916674e-01 9.975007e-01 1.003334e+00 1.464269e-02
1.003334e+00 1.009167e+00 1.015001e+00 1.435307e-02
1.015001e+00 1.020834e+00 1.026667e+00 1.406629e-02
1.026667e+00 1.032501e+00 1.038334e+00 1.378247e-02
1.038334e+00 1.044167e+00 1.050001e+00 1.350173e-02
1.050001e+00 1.055834e+00 1.061667e+00 1.322420e-02
1.061667e+00 1.067501e+00 1.073334e+00 1.294997e-02
1.073334e+00 1.079167e+00 1.085001e+00 1.267912e-02
1.085001e+00 1.090834e+00 1.096667e+00 1.241175e-02
1.096667e+00 1.102501e+00 1.108334e+00 1.214792e-02
1.108334e+00 1.114167e+00 1.120001e+00 1.188770e-02
1.120001e+00 1.125834e+00 1.131667e+00 1.163115e-02
1.131667e+00 1.137501e+00 1.143334e+00 1.137830e-02
1.143334e+00 1.149167e+00 1.155001e+00 1.112921e-02
1.155001e+00 1.160834e+00 1.166667e+00 1.088391e-02
1.166667e+00 1.172501e+00 1.178334e+00 1.064242e-02
1.178334e+00 1.184167e+00 1.190001e+00 1.040477e-02
1.190001e+00 1.195834e+00 1.201667e+00 1.017097e-02
1.201667e+00 1.207501e+00 1.213334e+00 9.941046e-03
1.213334e+00 1.219167e+00 1.225001e+00 9.714991e-03
1.225001e+00 1.230834e+00 1.236667e+00 9.492809e-03
1.236667e+00 1.242501e+00 1.248334e+00 9.274499e-03
1.248334e+00 1.254167e+00 1.260001e+00 9.060053e-03
1.260001e+00 1.265834e+00 1.271667e+00 8.849460e-03
1.271667e+00 1.277501e+00 1.283334e+00 8.642706e-03
1.283334e+00 1.289167e+00 1.295001e+00 8.439773e-03
1.295001e+00 1.300834e+00 1.306667e+00 8.240640e-03
1.306667e+00 1.312501e+00 1.318334e+00 8.045283e-03
1.318334e+00 1.324167e+00 1.330001e+00 7.853677e-03
1.330001e+00 1.335834e+00 1.341667e+00 7.665790e-03
1.341667e+00 1.347501e+00 1.353334e+00 7.481594e-03
1.353334e+00 1.359167e+00 1.365001e+00 7.301053e-03
1.365001e+00 1.370834e+00 1.376667e+00 7.124133e-03
1.376667e+00 1.382501e+00 1.388334e+00 6.950796e-03
1.388334e+00 1.394167e+00 1.400001e+00 6.781003e-03
1.400001e+00 1.405834e+00 1.411667e+00 6.614715e-03
1.411667e+00 1.417501e+00 1.423334e+00 6.451890e-03
1.423334e+00 1.429167e+00 1.435001e+00 6.292484e-03
1.435001e+00 1.440834e+00 1.446667e+00 6.136454e-03
1.446667e+00 1.452501e+00 1.458334e+00 5.983756e-03
1.458334e+00 1.464167e+00 1.470001e+00 5.834342e-03
1.470001e+00 1.475834e+00 1.481667e+00 5.688168e-03
1.481667e+00 1.487501e+00 1.493334e+00 5.545185e-03
1.493334e+00 1.499167e+00 1.505001e+00 5.405347e-03
1.505001e+00 1.510834e+00 1.516667e+00 5.268604e-03
1.516667e+00 1.522501e+00 1.528334e+00 5.134909e-03
1.528334e+00 1.534167e+00 1.540001e+00 5.004214e-03
1.540001e+00 1.545834e+00 1.551667e+00 4.876468e-03
1.551667e+00 1.557501e+00 1.563334e+00 4.751622e-03
1.563334e+00 1.569167e+00 1.575001e+00 4.629629e-03
1.575001e+00 1.580834e+00 1.586667e+00 4.510438e-03
1.586667e+00 1.592501e+00 1.598334e+00 4.394000e-03
1.598334e+00 1.604167e+00 1.610001e+00 4.280266e-03
1.610001e+00 1.615834e+00 1.621667e+00 4.169188e-03
1.621667e+00 1.627501e+00 1.633334e+00 4.060716e-03
1.633334e+00 1.639167e+00 1.645001e+00 3.954802e-03
1.645001e+00 1.650834e+00 1.656667e+00 3.851397e-03
1.656667e+00 1.662501e+00 1.668334e+00 3.750455e-03
1.668334e+00 1.674167e+00 1.680001e+00 3.651926e-03
1.680001e+00 1.685834e+00 1.691667e+00 3.555765e-03
1.691667e+00 1.697501e+00 1.703334e+00 3.461924e-03
1.703334e+00 1.709167e+00 1.715001e+00 3.370356e-03
1.715001e+00 1.720834e+00 1.726667e+00 3.281017e-03
1.726667e+00 1.732501e+00 1.738334e+00 3.193860e-03
1.738334e+00 1.744167e+00 1.750000e+00 3.108840e-03
1.750000e+00 1.755834e+00 1.761667e+00 3.025914e-03
1.761667e+00 1.767500e+00 1.773334e+00 2.945036e-03
1.773334e+00 1.779167e+00 1.785000e+00 2.866165e-03
1.785000e+00 1.790834e+00 1.796667e+00 2.789257e-03
1.796667e+00 1.802500e+00 1.808334e+00 2.714270e-03
1.808334e+00 1.814167e+00 1.820000e+00 2.641162e-03
1.820000e+00 1.825834e+00 1.831667e+00 2.569893e-03
1.831667e+00 1.837500e+00 1.843334e+00 2.500421e-03
1.843334e+00 1.849167e+00 1.855000e+00 2.432708e-03
1.855000e+00 1.860834e+00 1.866667e+00 2.366714e-03
1.866667e+00 1.872500e+00 1.878334e+00 2.302400e-03
1.878334e+00 1.884167e+00 1.890000e+00 2.239729e-03
1.890000e+00 1.895834e+00 1.901667e+00 2.178663e-03
1.901667e+00 1.907500e+00 1.913334e+00 2.119166e-03
1.913334e+00 1.919167e+00 1.925000e+00 2.061202e-03
1.925000e+00 1.930834e+00 1.936667e+00 2.004735e-03
1.936667e+00 1.942500e+00 1.948334e+00 1.949730e-03
1.948334e+00 1.954167e+00 1.960000e+00 1.896153e-03
1.960000e+00 1.965834e+00 1.971667e+00 1.843972e-03
1.971667e+00 1.977500e+00 1.983334e+00 1.793152e-03
1.983334e+00 1.989167e+00 1.995000e+00 1.743662e-03
1.995000e+00 2.000834e+00 2.006667e+00 1.695469e-03
2.006667e+00 2.012500e+00 2.018334e+00 1.648544e-03
2.018334e+00 2.024167e+00 2.030000e+00 1.602855e-03
2.030000e+00 2.035834e+00 2.041667e+00 1.558373e-03
2.041667e+00 2.047500e+00 2.053334e+00 1.515068e-03
2.053334e+00 2.059167e+00 2.065000e+00 1.472911e-03
2.065000e+00 2.070834e+00 2.076667e+00 1.431875e-03
2.076667e+00 2.082500e+00 2.088334e+00 1.391933e-03
2.088334e+00 2.094167e+00 2.100000e+00 1.353056e-03
2.100000e+00 2.105834e+00 2.111667e+00 1.315220e-03
2.111667e+00 2.117500e+00 2.123334e+00 1.278397e-03
2.123334e+00 2.129167e+00 2.135000e+00 1.242563e-03
2.135000e+00 2.140834e+00 2.146667e+00 1.207693e-03
2.146667e+00 2.152500e+00 2.158334e+00 1.173763e-03
2.158334e+00 2.164167e+00 2.170000e+00 1.140749e-03
2.170000e+00 2.175834e+00 2.181667e+00 1.108629e-03
2.181667e+00 2.187500e+00 2.193334e+00 1.077378e-03
2.193334e+00 2.199167e+00 2.205000e+00 1.046977e-03
2.205000e+00 2.210834e+00 2.216667e+00 1.017401e-03
2.216667e+00 2.222500e+00 2.228334e+00 9.886317e-04
2.228334e+00 2.234167e+00 2.240000e+00 9.606471e-04
2.240000e+00 2.245834e+00 2.251667e+00 9.334272e-04
2.251667e+00 2.257500e+00 2.263334e+00 9.069523e-04
2.263334e+00 2.269167e+00 2.275000e+00 8.812032e-04
2.275000e+00 2.280834e+00 2.286667e+00 8.561611e-04
2.286667e+00 2.292500e+00 2.298334e+00 8.318076e-04
2.298334e+00 2.304167e+00 2.310000e+00 8.081248e-04
2.310000e+00 2.315834e+00 2.321667e+00 7.850951e-04
2.321667e+00 2.327500e+00 2.333334e+00 7.627014e-04
2.333334e+00 2.339167e+00 2.345000e+00 7.409271e-04
2.345000e+00 2.350834e+00 2.356667e+00 7.197558e-04
2.356667e+00 2.362500e+00 2.368334e+00 6.991717e-04
2.368334e+00 2.374167e+00 2.380000e+00 6.791592e-04
2.380000e+00 2.385834e+00 2.391667e+00 6.597032e-04
2.391667e+00 2.397500e+00 2.403334e+00 6.407889e-04
2.403334e+00 2.409167e+00 2.415000e+00 6.224019e-04
2.415000e+00 2.420834e+00 2.426667e+00 6.045282e-04
2.426667e+00 2.432500e+00 2.438334e+00 5.871540e-04
2.438334e+00 2.444167e+00 2.450000e+00 5.702659e-04
2.450000e+00 2.455834e+00 2.461667e+00 5.538510e-04
2.461667e+00 2.467500e+00 2.473334e+00 5.378965e-04
2.473334e+00 2.479167e+00 2.485000e+00 5.223900e-04
2.485000e+00 2.490834e+00 2.496667e+00 5.073194e-04
2.496667e+00 2.502500e+00 2.508334e+00 4.926730e-04
2.508334e+00 2.514167e+00 2.520000e+00 4.784392e-04
2.520000e+00 2.525834e+00 2.531667e+00 4.646069e-04
2.531667e+00 2.537500e+00 2.543334e+00 4.511651e-04
2.543334e+00 2.549167e+00 2.555000e+00 4.381033e-04
2.555000e+00 2.560834e+00 2.566667e+00 4.254111e-04
2.566667e+00 2.572500e+00 2.578334e+00 4.130784e-04
2.578334e+00 2.584167e+00 2.590000e+00 4.010953e-04
2.590000e+00 2.595834e+00 2.601667e+00 3.894523e-04
2.601667e+00 2.607500e+00 2.613334e+00 3.781400e-04
2.613334e+00 2.619167e+00 2.625000e+00 3.671494e-04
2.625000e+00 2.630834e+00 2.636667e+00 3.564716e-04
2.636667e+00 2.642500e+00 2.648334e+00 3.460980e-04
2.648334e+00 2.654167e+00 2.660000e+00 3.360202e-04
2.660000e+00 2.665834e+00 2.671667e+00 3.262300e-04
2.671667e+00 2.677500e+00 2.683334e+00 3.167195e-04
2.683334e+00 2.689167e+00 2.695000e+00 3.074809e-04
2.695000e+00 2.700834e+00 2.706667e+00 2.985066e-04
2.706667e+00 2.712500e+00 2.718334e+00 2.897893e-04
2.718334e+00 2.724167e+00 2.730000e+00 2.813219e-04
2.730000e+00 2.735834e+00 2.741667e+00 2.730975e-04
2.741667e+00 2.747500e+00 2.753334e+00 2.651091e-04
2.753334e+00 2.759167e+00 2.765000e+00 2.573502e-04
2.765000e+00 2.770834e+00 2.776667e+00 2.498145e-04
2.776667e+00 2.782500e+00 2.788334e+00 2.424956e-04
2.788334e+00 2.794167e+00 2.800000e+00 2.353875e-04
2.800000e+00 2.805834e+00 2.811667e+00 2.284843e-04
2.811667e+00 2.817500e+00 2.823334e+00 2.217802e-04
2.823334e+00 2.829167e+00 2.835000e+00 2.152696e-04
2.835000e+00 2.840834e+00 2.846667e+00 2.089470e-04
2.846667e+00 2.852500e+00 2.858334e+00 2.028072e-04
2.858334e+00 2.864167e+00 2.870000e+00 1.968451e-04
2.870000e+00 2.875834e+00 2.881667e+00 1.910554e-04
2.881667e+00 2.887500e+00 2.893334e+00 1.854335e-04
2.893334e+00 2.899167e+00 2.905000e+00 1.799746e-04
2.905000e+00 2.910834e+00 2.916667e+00 1.746739e-04
2.916667e+00 2.922500e+00 2.928333e+00 1.695271e-04
2.928333e+00 2.934167e+00 2.940000e+00 1.645298e-04
2.940000e+00 2.945833e+00 2.951667e+00 1.596777e-04
2.951667e+00 2.957500e+00 2.963333e+00 1.549667e-04
2.963333e+00 2.969167e+00 2.975000e+00 1.503928e-04
2.975000e+00 2.980833e+00 2.986667e+00 1.459521e-04
2.986667e+00 2.992500e+00 2.998333e+00 1.416407e-04
2.998333e+00 3.004167e+00 3.010000e+00 1.374550e-04
3.010000e+00 3.015833e+00 3.021667e+00 1.333913e-04
3.021667e+00 3.027500e+00 3.033333e+00 1.294463e-04
3.033333e+00 3.039167e+00 3.045000e+00 1.256164e-04
3.045000e+00 3.050833e+00 3.056667e+00 1.218985e-04
3.056667e+00 3.062500e+00 3.068333e+00 1.182892e-04
3.068333e+00 3.074167e+00 3.080000e+00 1.147855e-04
3.080000e+00 3.085833e+00 3.091667e+00 1.113843e-04
3.091667e+00 3.097500e+00 3.103333e+00 1.080827e-04
3.103333e+00 3.109167e+00 3.115000e+00 1.048779e-04
3.115000e+00 3.120833e+00 3.126667e+00 1.017669e-04
3.126667e+00 3.132500e+00 3.138333e+00 9.874720e-05
3.138333e+00 3.144167e+00 3.150000e+00 9.581609e-05
3.150000e+00 3.155833e+00 3.161667e+00 9.297102e-05
3.161667e+00 3.167500e+00 3.173333e+00 9.020950e-05
3.173333e+00 3.179167e+00 3.185000e+00 8.752912e-05
3.185000e+00 3.190833e+00 3.196667e+00 8.492754e-05
3.196667e+00 3.202500e+00 3.208333e+00 8.240247e-05
3.208333e+00 3.214167e+00 3.220000e+00 7.995170e-05
3.220000e+00 3.225833e+00 3.231667e+00 7.757307e-05
3.231667e+00 3.237500e+00 3.243333e+00 7.526449e-05
3.243333e+00 3.249167e+00 3.255000e+00 7.302394e-05
3.255000e+00 3.260833e+00 3.266667e+00 7.084943e-05
3.266667e+00 3.272500e+00 3.278333e+00 6.873904e-05
3.278333e+00 3.284167e+00 3.290000e+00 6.669092e-05
3.290000e+00 3.295833e+00 3.301667e+00 6.470325e-05
3.301667e+00 3.307500e+00 3.313333e+00 6.277426e-05
3.313333e+00 3.319167e+00 3.325000e+00 6.090226e-05
3.325000e+00 3.330833e+00 3.336667e+00 5.908558e-05
3.336667e+00 3.342500e+00 3.348333e+00 5.732260e-05
3.348333e+00 3.354167e+00 3.360000e+00 5.561176e-05
3.360000e+00 3.365833e+00 3.371667e+00 5.395154e-05
3.371667e+00 3.377500e+00 3.383333e+00 5.234046e-05
3.383333e+00 3.389167e+00 3.395000e+00 5.077708e-05
3.395000e+00 3.400833e+00 3.406667e+00 4.926001e-05
3.406667e+00 3.412500e+00 3.418333e+00 4.778789e-05
3.418333e+00 3.424167e+00 3.430000e+00 4.635941e-05
3.430000e+00 3.435833e+00 3.441667e+00 4.497328e-05
3.441667e+00 3.447500e+00 3.453333e+00 4.362827e-05
3.453333e+00 3.459167e+00 3.465000e+00 4.232317e-05
3.465000e+00 3.470833e+00 3.476667e+00 4.105681e-05
3.476667e+00 3.482500e+00 3.488333e+00 3.982806e-05
3.488333e+00 3.494167e+00 3.500000e+00 3.863580e-05
