1.000000e-06 5.834332e-03 1.166766e-02 3.254164e-05
1.166766e-02 1.750099e-02 2.333433e-02 2.719559e-04
2.333433e-02 2.916766e-02 3.500099e-02 7.058239e-04
3.500099e-02 4.083432e-02 4.666765e-02 1.296691e-03
4.666765e-02 5.250099e-02 5.833432e-02 2.013447e-03
5.833432e-02 6.416765e-02 7.000098e-02 2.829781e-03
7.000098e-02 7.583431e-02 8.166764e-02 3.723247e-03
8.166764e-02 8.750097e-02 9.333431e-02 4.674607e-03
9.333431e-02 9.916764e-02 1.050010e-01 5.667339e-03
1.050010e-01 1.108343e-01 1.166676e-01 6.687247e-03
1.166676e-01 1.225010e-01 1.283343e-01 7.722141e-03
1.283343e-01 1.341676e-01 1.400010e-01 8.761574e-03
1.400010e-01 1.458343e-01 1.516676e-01 9.796616e-03
1.516676e-01 1.575010e-01 1.633343e-01 1.081967e-02
1.633343e-01 1.691676e-01 1.750009e-01 1.182430e-02
1.750009e-01 1.808343e-01 1.866676e-01 1.280509e-02
1.866676e-01 1.925009e-01 1.983343e-01 1.375753e-02
1.983343e-01 2.041676e-01 2.100009e-01 1.467789e-02
2.100009e-01 2.158343e-01 2.216676e-01 1.556316e-02
2.216676e-01 2.275009e-01 2.333343e-01 1.641091e-02
2.333343e-01 2.391676e-01 2.450009e-01 1.721927e-02
2.450009e-01 2.508343e-01 2.566676e-01 1.798681e-02
2.566676e-01 2.625009e-01 2.683343e-01 1.871256e-02
2.683343e-01 2.741676e-01 2.800009e-01 1.939586e-02
2.800009e-01 2.858343e-01 2.916676e-01 2.003640e-02
2.916676e-01 2.975009e-01 3.033342e-01 2.063413e-02
3.033342e-01 3.091676e-01 3.150009e-01 2.118924e-02
3.150009e-01 3.208342e-01 3.266676e-01 2.170212e-02
3.266676e-01 3.325009e-01 3.383342e-01 2.217334e-02
3.383342e-01 3.441676e-01 3.500009e-01 2.260362e-02
3.500009e-01 3.558342e-01 3.616676e-01 2.299380e-02
3.616676e-01 3.675009e-01 3.733342e-01 2.334483e-02
3.733342e-01 3.791676e-01 3.850009e-01 2.365776e-02
3.850009e-01 3.908342e-01 3.966676e-01 2.393369e-02
3.966676e-01 4.025009e-01 4.083342e-01 2.417379e-02
4.083342e-01 4.141675e-01 4.200009e-01 2.437927e-02
4.200009e-01 4.258342e-01 4.316675e-01 2.455139e-02
4.316675e-01 4.375009e-01 4.433342e-01 2.469140e-02
4.433342e-01 4.491675e-01 4.550009e-01 2.480061e-02
4.550009e-01 4.608342e-01 4.666675e-01 2.488030e-02
4.666675e-01 4.725009e-01 4.783342e-01 2.493177e-02
4.783342e-01 4.841675e-01 4.900009e-01 2.495630e-02
4.900009e-01 4.958342e-01 5.016675e-01 2.495517e-02
5.016675e-01 5.075009e-01 5.133342e-01 2.492965e-02
5.133342e-01 5.191675e-01 5.250008e-01 2.488098e-02
5.250008e-01 5.308342e-01 5.366675e-01 2.481039e-02
5.366675e-01 5.425008e-01 5.483342e-01 2.471907e-02
5.483342e-01 5.541675e-01 5.600008e-01 2.460820e-02
5.600008e-01 5.658342e-01 5.716675e-01 2.447891e-02
5.716675e-01 5.775008e-01 5.833342e-01 2.433233e-02
5.833342e-01 5.891675e-01 5.950008e-01 2.416952e-02
5.950008e-01 6.008342e-01 6.066675e-01 2.399155e-02
6.066675e-01 6.125008e-01 6.183342e-01 2.379941e-02
6.183342e-01 6.241675e-01 6.300008e-01 2.359411e-02
6.300008e-01 6.358342e-01 6.416675e-01 2.337657e-02
6.416675e-01 6.475008e-01 6.533341e-01 2.314773e-02
6.533341e-01 6.591675e-01 6.650008e-01 2.290844e-02
6.650008e-01 6.708341e-01 6.766675e-01 2.265956e-02
6.766675e-01 6.825008e-01 6.883341e-01 2.240191e-02
6.883341e-01 6.941675e-01 7.000008e-01 2.213625e-02
7.000008e-01 7.058341e-01 7.116675e-01 2.186333e-02
7.116675e-01 7.175008e-01 7.233341e-01 2.158386e-02
7.233341e-01 7.291675e-01 7.350008e-01 2.129853e-02
7.350008e-01 7.408341e-01 7.466675e-01 2.100797e-02
7.466675e-01 7.525008e-01 7.583341e-01 2.071283e-02
7.583341e-01 7.641674e-01 7.700008e-01 2.041367e-02
7.700008e-01 7.758341e-01 7.816674e-01 2.011106e-02
7.816674e-01 7.875008e-01 7.933341e-01 1.980554e-02
7.933341e-01 7.991674e-01 8.050008e-01 1.949760e-02
8.050008e-01 8.108341e-01 8.166674e-01 1.918773e-02
8.166674e-01 8.225008e-01 8.283341e-01 1.887638e-02
8.283341e-01 8.341674e-01 8.400008e-01 1.856398e-02
8.400008e-01 8.458341e-01 8.516674e-01 1.825093e-02
8.516674e-01 8.575008e-01 8.633341e-01 1.793761e-02
8.633341e-01 8.691674e-01 8.750007e-01 1.762439e-02
8.750007e-01 8.808341e-01 8.866674e-01 1.731159e-02
8.866674e-01 8.925007e-01 8.983341e-01 1.699954e-02
8.983341e-01 9.041674e-01 9.100007e-01 1.668853e-02
9.100007e-01 9.158341e-01 9.216674e-01 1.637884e-02
9.216674e-01 9.275007e-01 9.333341e-01 1.607074e-02
9.333341e-01 9.391674e-01 9.450007e-01 1.576445e-02
9.450007e-01 9.508341e-01 9.566674e-01 1.546021e-02
9.566674e-01 9.625007e-01 9.683341e-01 1.515823e-02
9.683341e-01 9.741674e-01 9.800007e-01 1.485870e-02
9.800007e-01 9.858341e-01 9.916674e-01 1.456180e-02
9.916674e-01 9.975007e-01 1.003334e+00 1.426769e-02
1.003334e+00 1.009167e+00 1.015001e+00 1.397653e-02
1.015001e+00 1.020834e+00 1.026667e+00 1.368845e-02
1.026667e+00 1.032501e+00 1.038334e+00 1.340358e-02
1.038334e+00 1.044167e+00 1.050001e+00 1.312204e-02
1.050001e+00 1.055834e+00 1.061667e+00 1.284394e-02
1.061667e+00 1.067501e+00 1.073334e+00 1.256935e-02
1.073334e+00 1.079167e+00 1.085001e+00 1.229838e-02
1.085001e+00 1.090834e+00 1.096667e+00 1.203109e-02
1.096667e+00 1.102501e+00 1.108334e+00 1.176755e-02
1.108334e+00 1.114167e+00 1.120001e+00 1.150782e-02
1.120001e+00 1.125834e+00 1.131667e+00 1.125194e-02
1.131667e+00 1.137501e+00 1.143334e+00 1.099996e-02
1.143334e+00 1.149167e+00 1.155001e+00 1.075191e-02
1.155001e+00 1.160834e+00 1.166667e+00 1.050782e-02
1.166667e+00 1.172501e+00 1.178334e+00 1.026772e-02
1.178334e+00 1.184167e+00 1.190001e+00 1.003161e-02
1.190001e+00 1.195834e+00 1.201667e+00 9.799505e-03
1.201667e+00 1.207501e+00 1.213334e+00 9.571415e-03
1.213334e+00 1.219167e+00 1.225001e+00 9.347338e-03
1.225001e+00 1.230834e+00 1.236667e+00 9.127268e-03
1.236667e+00 1.242501e+00 1.248334e+00 8.911197e-03
1.248334e+00 1.254167e+00 1.260001e+00 8.699111e-03
1.260001e+00 1.265834e+00 1.271667e+00 8.490994e-03
1.271667e+00 1.277501e+00 1.283334e+00 8.286825e-03
1.283334e+00 1.289167e+00 1.295001e+00 8.086581e-03
1.295001e+00 1.300834e+00 1.306667e+00 7.890236e-03
1.306667e+00 1.312501e+00 1.318334e+00 7.697759e-03
1.318334e+00 1.324167e+00 1.330001e+00 7.509119e-03
1.330001e+00 1.335834e+00 1.341667e+00 7.324282e-03
1.341667e+00 1.347501e+00 1.353334e+00 7.143211e-03
1.353334e+00 1.359167e+00 1.365001e+00 6.965867e-03
1.365001e+00 1.370834e+00 1.376667e+00 6.792212e-03
1.376667e+00 1.382501e+00 1.388334e+00 6.622202e-03
1.388334e+00 1.394167e+00 1.400001e+00 6.455794e-03
1.400001e+00 1.405834e+00 1.411667e+00 6.292944e-03
1.411667e+00 1.417501e+00 1.423334e+00 6.133605e-03
1.423334e+00 1.429167e+00 1.435001e+00 5.977731e-03
1.435001e+00 1.440834e+00 1.446667e+00 5.825273e-03
1.446667e+00 1.452501e+00 1.458334e+00 5.676183e-03
1.458334e+00 1.464167e+00 1.470001e+00 5.530411e-03
1.470001e+00 1.475834e+00 1.481667e+00 5.387907e-03
1.481667e+00 1.487501e+00 1.493334e+00 5.248620e-03
1.493334e+00 1.499167e+00 1.505001e+00 5.112500e-03
1.505001e+00 1.510834e+00 1.516667e+00 4.979494e-03
1.516667e+00 1.522501e+00 1.528334e+00 4.849551e-03
1.528334e+00 1.534167e+00 1.540001e+00 4.722620e-03
1.540001e+00 1.545834e+00 1.551667e+00 4.598648e-03
1.551667e+00 1.557501e+00 1.563334e+00 4.477583e-03
1.563334e+00 1.569167e+00 1.575001e+00 4.359374e-03
1.575001e+00 1.580834e+00 1.586667e+00 4.243969e-03
1.586667e+00 1.592501e+00 1.598334e+00 4.131315e-03
1.598334e+00 1.604167e+00 1.610001e+00 4.021361e-03
1.610001e+00 1.615834e+00 1.621667e+00 3.914057e-03
1.621667e+00 1.627501e+00 1.633334e+00 3.809351e-03
1.633334e+00 1.639167e+00 1.645001e+00 3.707192e-03
1.645001e+00 1.650834e+00 1.656667e+00 3.607531e-03
1.656667e+00 1.662501e+00 1.668334e+00 3.510317e-03
1.668334e+00 1.674167e+00 1.680001e+00 3.415501e-03
1.680001e+00 1.685834e+00 1.691667e+00 3.323034e-03
1.691667e+00 1.697501e+00 1.703334e+00 3.232868e-03
1.703334e+00 1.709167e+00 1.715001e+00 3.144955e-03
1.715001e+00 1.720834e+00 1.726667e+00 3.059246e-03
1.726667e+00 1.732501e+00 1.738334e+00 2.975696e-03
1.738334e+00 1.744167e+00 1.750000e+00 2.894258e-03
1.750000e+00 1.755834e+00 1.761667e+00 2.814887e-03
1.761667e+00 1.767500e+00 1.773334e+00 2.737537e-03
1.773334e+00 1.779167e+00 1.785000e+00 2.662164e-03
1.785000e+00 1.790834e+00 1.796667e+00 2.588725e-03
1.796667e+00 1.802500e+00 1.808334e+00 2.517175e-03
1.808334e+00 1.814167e+00 1.820000e+00 2.447473e-03
1.820000e+00 1.825834e+00 1.831667e+00 2.379577e-03
1.831667e+00 1.837500e+00 1.843334e+00 2.313445e-03
1.843334e+00 1.849167e+00 1.855000e+00 2.249038e-03
1.855000e+00 1.860834e+00 1.866667e+00 2.186315e-03
1.866667e+00 1.872500e+00 1.878334e+00 2.125237e-03
1.878334e+00 1.884167e+00 1.890000e+00 2.065765e-03
1.890000e+00 1.895834e+00 1.901667e+00 2.007863e-03
1.901667e+00 1.907500e+00 1.913334e+00 1.951492e-03
1.913334e+00 1.919167e+00 1.925000e+00 1.896617e-03
1.925000e+00 1.930834e+00 1.936667e+00 1.843201e-03
1.936667e+00 1.942500e+00 1.948334e+00 1.791210e-03
1.948334e+00 1.954167e+00 1.960000e+00 1.740609e-03
1.960000e+00 1.965834e+00 1.971667e+00 1.691364e-03
1.971667e+00 1.977500e+00 1.983334e+00 1.643443e-03
1.983334e+00 1.989167e+00 1.995000e+00 1.596812e-03
1.995000e+00 2.000834e+00 2.006667e+00 1.551440e-03
2.006667e+00 2.012500e+00 2.018334e+00 1.507297e-03
2.018334e+00 2.024167e+00 2.030000e+00 1.464350e-03
2.030000e+00 2.035834e+00 2.041667e+00 1.422571e-03
2.041667e+00 2.047500e+00 2.053334e+00 1.381930e-03
2.053334e+00 2.059167e+00 2.065000e+00 1.342399e-03
2.065000e+00 2.070834e+00 2.076667e+00 1.303950e-03
2.076667e+00 2.082500e+00 2.088334e+00 1.266555e-03
2.088334e+00 2.094167e+00 2.100000e+00 1.230187e-03
2.100000e+00 2.105834e+00 2.111667e+00 1.194820e-03
2.111667e+00 2.117500e+00 2.123334e+00 1.160428e-03
2.123334e+00 2.129167e+00 2.135000e+00 1.126987e-03
2.135000e+00 2.140834e+00 2.146667e+00 1.094472e-03
2.146667e+00 2.152500e+00 2.158334e+00 1.062859e-03
2.158334e+00 2.164167e+00 2.170000e+00 1.032124e-03
2.170000e+00 2.175834e+00 2.181667e+00 1.002245e-03
2.181667e+00 2.187500e+00 2.193334e+00 9.731993e-04
2.193334e+00 2.199167e+00 2.205000e+00 9.449647e-04
2.205000e+00 2.210834e+00 2.216667e+00 9.175203e-04
2.216667e+00 2.222500e+00 2.228334e+00 8.908450e-04
2.228334e+00 2.234167e+00 2.240000e+00 8.649187e-04
2.240000e+00 2.245834e+00 2.251667e+00 8.397213e-04
2.251667e+00 2.257500e+00 2.263334e+00 8.152336e-04
2.263334e+00 2.269167e+00 2.275000e+00 7.914366e-04
2.275000e+00 2.280834e+00 2.286667e+00 7.683119e-04
2.286667e+00 2.292500e+00 2.298334e+00 7.458415e-04
2.298334e+00 2.304167e+00 2.310000e+00 7.240077e-04
2.310000e+00 2.315834e+00 2.321667e+00 7.027934e-04
2.321667e+00 2.327500e+00 2.333334e+00 6.821820e-04
2.333334e+00 2.339167e+00 2.345000e+00 6.621570e-04
2.345000e+00 2.350834e+00 2.356667e+00 6.427027e-04
2.356667e+00 2.362500e+00 2.368334e+00 6.238034e-04
2.368334e+00 2.374167e+00 2.380000e+00 6.054441e-04
2.380000e+00 2.385834e+00 2.391667e+00 5.876100e-04
2.391667e+00 2.397500e+00 2.403334e+00 5.702868e-04
2.403334e+00 2.409167e+00 2.415000e+00 5.534604e-04
2.415000e+00 2.420834e+00 2.426667e+00 5.371172e-04
2.426667e+00 2.432500e+00 2.438334e+00 5.212439e-04
2.438334e+00 2.444167e+00 2.450000e+00 5.058276e-04
2.450000e+00 2.455834e+00 2.461667e+00 4.908555e-04
2.461667e+00 2.467500e+00 2.473334e+00 4.763155e-04
2.473334e+00 2.479167e+00 2.485000e+00 4.621955e-04
2.485000e+00 2.490834e+00 2.496667e+00 4.484839e-04
2.496667e+00 2.502500e+00 2.508334e+00 4.351692e-04
2.508334e+00 2.514167e+00 2.520000e+00 4.222405e-04
2.520000e+00 2.525834e+00 2.531667e+00 4.096869e-04
2.531667e+00 2.537500e+00 2.543334e+00 3.974980e-04
2.543334e+00 2.549167e+00 2.555000e+00 3.856635e-04
2.555000e+00 2.560834e+00 2.566667e+00 3.741734e-04
2.566667e+00 2.572500e+00 2.578334e+00 3.630181e-04
2.578334e+00 2.584167e+00 2.590000e+00 3.521882e-04
2.590000e+00 2.595834e+00 2.601667e+00 3.416745e-04
2.601667e+00 2.607500e+00 2.613334e+00 3.314680e-04
2.613334e+00 2.619167e+00 2.625000e+00 3.215601e-04
2.625000e+00 2.630834e+00 2.636667e+00 3.119422e-04
2.636667e+00 2.642500e+00 2.648334e+00 3.026062e-04
2.648334e+00 2.654167e+00 2.660000e+00 2.935441e-04
2.660000e+00 2.665834e+00 2.671667e+00 2.847480e-04
2.671667e+00 2.677500e+00 2.683334e+00 2.762104e-04
2.683334e+00 2.689167e+00 2.695000e+00 2.679239e-04
2.695000e+00 2.700834e+00 2.706667e+00 2.598813e-04
2.706667e+00 2.712500e+00 2.718334e+00 2.520756e-04
2.718334e+00 2.724167e+00 2.730000e+00 2.445002e-04
2.730000e+00 2.735834e+00 2.741667e+00 2.371482e-04
2.741667e+00 2.747500e+00 2.753334e+00 2.300134e-04
2.753334e+00 2.759167e+00 2.765000e+00 2.230895e-04
2.765000e+00 2.770834e+00 2.776667e+00 2.163704e-04
2.776667e+00 2.782500e+00 2.788334e+00 2.098502e-04
2.788334e+00 2.794167e+00 2.800000e+00 2.035232e-04
2.800000e+00 2.805834e+00 2.811667e+00 1.973838e-04
2.811667e+00 2.817500e+00 2.823334e+00 1.914266e-04
2.823334e+00 2.829167e+00 2.835000e+00 1.856462e-04
2.835000e+00 2.840834e+00 2.846667e+00 1.800376e-04
2.846667e+00 2.852500e+00 2.858334e+00 1.745958e-04
2.858334e+00 2.864167e+00 2.870000e+00 1.693159e-04
2.870000e+00 2.875834e+00 2.881667e+00 1.641933e-04
2.881667e+00 2.887500e+00 2.893334e+00 1.592233e-04
2.893334e+00 2.899167e+00 2.905000e+00 1.544015e-04
2.905000e+00 2.910834e+00 2.916667e+00 1.497235e-04
2.916667e+00 2.922500e+00 2.928333e+00 1.451853e-04
2.928333e+00 2.934167e+00 2.940000e+00 1.407826e-04
2.940000e+00 2.945833e+00 2.951667e+00 1.365116e-04
2.951667e+00 2.957500e+00 2.963333e+00 1.323683e-04
2.963333e+00 2.969167e+00 2.975000e+00 1.283491e-04
2.975000e+00 2.980833e+00 2.986667e+00 1.244502e-04
2.986667e+00 2.992500e+00 2.998333e+00 1.206682e-04
2.998333e+00 3.004167e+00 3.010000e+00 1.169996e-04
3.010000e+00 3.015833e+00 3.021667e+00 1.134411e-04
3.021667e+00 3.027500e+00 3.033333e+00 1.099894e-04
3.033333e+00 3.039167e+00 3.045000e+00 1.066415e-04
3.045000e+00 3.050833e+00 3.056667e+00 1.033941e-04
3.056667e+00 3.062500e+00 3.068333e+00 1.002444e-04
3.068333e+00 3.074167e+00 3.080000e+00 9.718953e-05
3.080000e+00 3.085833e+00 3.091667e+00 9.422661e-05
3.091667e+00 3.097500e+00 3.103333e+00 9.135294e-05
3.103333e+00 3.109167e+00 3.115000e+00 8.856588e-05
3.115000e+00 3.120833e+00 3.126667e+00 8.586287e-05
3.126667e+00 3.132500e+00 3.138333e+00 8.324141e-05
3.138333e+00 3.144167e+00 3.150000e+00 8.069909e-05
3.150000e+00 3.155833e+00 3.161667e+00 7.823355e-05
3.161667e+00 3.167500e+00 3.173333e+00 7.584251e-05
3.173333e+00 3.179167e+00 3.185000e+00 7.352376e-05
3.185000e+00 3.190833e+00 3.196667e+00 7.127514e-05
3.196667e+00 3.202500e+00 3.208333e+00 6.909456e-05
3.208333e+00 3.214167e+00 3.220000e+00 6.698001e-05
3.220000e+00 3.225833e+00 3.231667e+00 6.492949e-05
3.231667e+00 3.237500e+00 3.243333e+00 6.294112e-05
3.243333e+00 3.249167e+00 3.255000e+00 6.101303e-05
3.255000e+00 3.260833e+00 3.266667e+00 5.914341e-05
3.266667e+00 3.272500e+00 3.278333e+00 5.733053e-05
3.278333e+00 3.284167e+00 3.290000e+00 5.557268e-05
3.290000e+00 3.295833e+00 3.301667e+00 5.386822e-05
3.301667e+00 3.307500e+00 3.313333e+00 5.221554e-05
3.313333e+00 3.319167e+00 3.325000e+00 5.061310e-05
3.325000e+00 3.330833e+00 3.336667e+00 4.905938e-05
3.336667e+00 3.342500e+00 3.348333e+00 4.755293e-05
3.348333e+00 3.354167e+00 3.360000e+00 4.609232e-05
3.360000e+00 3.365833e+00 3.371667e+00 4.467619e-05
3.371667e+00 3.377500e+00 3.383333e+00 4.330318e-05
3.383333e+00 3.389167e+00 3.395000e+00 4.197200e-05
3.395000e+00 3.400833e+00 3.406667e+00 4.068141e-05
3.406667e+00 3.412500e+00 3.418333e+00 3.943016e-05
3.418333e+00 3.424167e+00 3.430000e+00 3.821708e-05
3.430000e+00 3.435833e+00 3.441667e+00 3.704102e-05
3.441667e+00 3.447500e+00 3.453333e+00 3.590085e-05
3.453333e+00 3.459167e+00 3.465000e+00 3.479551e-05
3.465000e+00 3.470833e+00 3.476667e+00 3.372393e-05
3.476667e+00 3.482500e+00 3.488333e+00 3.268509e-05
3.488333e+00 3.494167e+00 3.500000e+00 3.167801e-05
