1.000000e-06 5.834332e-03 1.166766e-02 3.154354e-05
1.166766e-02 1.750099e-02 2.333433e-02 2.569464e-04
2.333433e-02 2.916766e-02 3.500099e-02 6.565815e-04
3.500099e-02 4.083432e-02 4.666765e-02 1.193194e-03
4.666765e-02 5.250099e-02 5.833432e-02 1.838110e-03
5.833432e-02 6.416765e-02 7.000098e-02 2.568294e-03
7.000098e-02 7.583431e-02 8.166764e-02 3.364825e-03
8.166764e-02 8.750097e-02 9.333431e-02 4.211950e-03
9.333431e-02 9.916764e-02 1.050010e-01 5.096440e-03
1.050010e-01 1.108343e-01 1.166676e-01 6.007119e-03
1.166676e-01 1.225010e-01 1.283343e-01 6.934510e-03
1.283343e-01 1.341676e-01 1.400010e-01 7.870560e-03
1.400010e-01 1.458343e-01 1.516676e-01 8.808421e-03
1.516676e-01 1.575010e-01 1.633343e-01 9.742271e-03
1.633343e-01 1.691676e-01 1.750009e-01 1.066717e-02
1.750009e-01 1.808343e-01 1.866676e-01 1.157893e-02
1.866676e-01 1.925009e-01 1.983343e-01 1.247403e-02
1.983343e-01 2.041676e-01 2.100009e-01 1.334950e-02
2.100009e-01 2.158343e-01 2.216676e-01 1.420289e-02
2.216676e-01 2.275009e-01 2.333343e-01 1.503215e-02
2.333343e-01 2.391676e-01 2.450009e-01 1.583563e-02
2.450009e-01 2.508343e-01 2.566676e-01 1.661201e-02
2.566676e-01 2.625009e-01 2.683343e-01 1.736023e-02
2.683343e-01 2.741676e-01 2.800009e-01 1.807951e-02
2.800009e-01 2.858343e-01 2.916676e-01 1.876929e-02
2.916676e-01 2.975009e-01 3.033342e-01 1.942917e-02
3.033342e-01 3.091676e-01 3.150009e-01 2.005896e-02
3.150009e-01 3.208342e-01 3.266676e-01 2.065858e-02
3.266676e-01 3.325009e-01 3.383342e-01 2.122810e-02
3.383342e-01 3.441676e-01 3.500009e-01 2.176769e-02
3.500009e-01 3.558342e-01 3.616676e-01 2.227762e-02
3.616676e-01 3.675009e-01 3.733342e-01 2.275824e-02
3.733342e-01 3.791676e-01 3.850009e-01 2.320998e-02
3.850009e-01 3.908342e-01 3.966676e-01 2.363330e-02
3.966676e-01 4.025009e-01 4.083342e-01 2.402875e-02
4.083342e-01 4.141675e-01 4.200009e-01 2.439691e-02
4.200009e-01 4.258342e-01 4.316675e-01 2.473837e-02
4.316675e-01 4.375009e-01 4.433342e-01 2.505379e-02
4.433342e-01 4.491675e-01 4.550009e-01 2.534382e-02
4.550009e-01 4.608342e-01 4.666675e-01 2.560916e-02
4.666675e-01 4.725009e-01 4.783342e-01 2.585049e-02
4.783342e-01 4.841675e-01 4.900009e-01 2.606852e-02
4.900009e-01 4.958342e-01 5.016675e-01 2.626397e-02
5.016675e-01 5.075009e-01 5.133342e-01 2.643755e-02
5.133342e-01 5.191675e-01 5.250008e-01 2.658997e-02
5.250008e-01 5.308342e-01 5.366675e-01 2.672196e-02
5.366675e-01 5.425008e-01 5.483342e-01 2.683423e-02
5.483342e-01 5.541675e-01 5.600008e-01 2.692747e-02
5.600008e-01 5.658342e-01 5.716675e-01 2.700239e-02
5.716675e-01 5.775008e-01 5.833342e-01 2.705968e-02
5.833342e-01 5.891675e-01 5.950008e-01 2.710002e-02
5.950008e-01 6.008342e-01 6.066675e-01 2.712407e-02
6.066675e-01 6.125008e-01 6.183342e-01 2.713249e-02
6.183342e-01 6.241675e-01 6.300008e-01 2.712593e-02
6.300008e-01 6.358342e-01 6.416675e-01 2.710502e-02
6.416675e-01 6.475008e-01 6.533341e-01 2.707037e-02
6.533341e-01 6.591675e-01 6.650008e-01 2.702258e-02
6.650008e-01 6.708341e-01 6.766675e-01 2.696226e-02
6.766675e-01 6.825008e-01 6.883341e-01 2.688996e-02
6.883341e-01 6.941675e-01 7.000008e-01 2.680625e-02
7.000008e-01 7.058341e-01 7.116675e-01 2.671167e-02
7.116675e-01 7.175008e-01 7.233341e-01 2.660676e-02
7.233341e-01 7.291675e-01 7.350008e-01 2.649202e-02
7.350008e-01 7.408341e-01 7.466675e-01 2.636796e-02
7.466675e-01 7.525008e-01 7.583341e-01 2.623505e-02
7.583341e-01 7.641674e-01 7.700008e-01 2.609378e-02
7.700008e-01 7.758341e-01 7.816674e-01 2.594459e-02
7.816674e-01 7.875008e-01 7.933341e-01 2.578792e-02
7.933341e-01 7.991674e-01 8.050008e-01 2.562420e-02
8.050008e-01 8.108341e-01 8.166674e-01 2.545385e-02
8.166674e-01 8.225008e-01 8.283341e-01 2.527725e-02
8.283341e-01 8.341674e-01 8.400008e-01 2.509480e-02
8.400008e-01 8.458341e-01 8.516674e-01 2.490687e-02
8.516674e-01 8.575008e-01 8.633341e-01 2.471381e-02
8.633341e-01 8.691674e-01 8.750007e-01 2.451598e-02
8.750007e-01 8.808341e-01 8.866674e-01 2.431370e-02
8.866674e-01 8.925007e-01 8.983341e-01 2.410729e-02
8.983341e-01 9.041674e-01 9.100007e-01 2.389706e-02
9.100007e-01 9.158341e-01 9.216674e-01 2.368332e-02
9.216674e-01 9.275007e-01 9.333341e-01 2.346634e-02
9.333341e-01 9.391674e-01 9.450007e-01 2.324640e-02
9.450007e-01 9.508341e-01 9.566674e-01 2.302377e-02
9.566674e-01 9.625007e-01 9.683341e-01 2.279870e-02
9.683341e-01 9.741674e-01 9.800007e-01 2.257143e-02
9.800007e-01 9.858341e-01 9.916674e-01 2.234219e-02
9.916674e-01 9.975007e-01 1.003334e+00 2.211122e-02
1.003334e+00 1.009167e+00 1.015001e+00 2.187872e-02
1.015001e+00 1.020834e+00 1.026667e+00 2.164490e-02
1.026667e+00 1.032501e+00 1.038334e+00 2.140995e-02
1.038334e+00 1.044167e+00 1.050001e+00 2.117408e-02
1.050001e+00 1.055834e+00 1.061667e+00 2.093744e-02
1.061667e+00 1.067501e+00 1.073334e+00 2.070023e-02
1.073334e+00 1.079167e+00 1.085001e+00 2.046259e-02
1.085001e+00 1.090834e+00 1.096667e+00 2.022470e-02
1.096667e+00 1.102501e+00 1.108334e+00 1.998669e-02
1.108334e+00 1.114167e+00 1.120001e+00 1.974871e-02
1.120001e+00 1.125834e+00 1.131667e+00 1.951090e-02
1.131667e+00 1.137501e+00 1.143334e+00 1.927339e-02
1.143334e+00 1.149167e+00 1.155001e+00 1.903629e-02
1.155001e+00 1.160834e+00 1.166667e+00 1.879974e-02
1.166667e+00 1.172501e+00 1.178334e+00 1.856382e-02
1.178334e+00 1.184167e+00 1.190001e+00 1.832866e-02
1.190001e+00 1.195834e+00 1.201667e+00 1.809435e-02
1.201667e+00 1.207501e+00 1.213334e+00 1.786099e-02
1.213334e+00 1.219167e+00 1.225001e+00 1.762867e-02
1.225001e+00 1.230834e+00 1.236667e+00 1.739746e-02
1.236667e+00 1.242501e+00 1.248334e+00 1.716746e-02
1.248334e+00 1.254167e+00 1.260001e+00 1.693873e-02
1.260001e+00 1.265834e+00 1.271667e+00 1.671136e-02
1.271667e+00 1.277501e+00 1.283334e+00 1.648539e-02
1.283334e+00 1.289167e+00 1.295001e+00 1.626090e-02
1.295001e+00 1.300834e+00 1.306667e+00 1.603795e-02
1.306667e+00 1.312501e+00 1.318334e+00 1.581659e-02
1.318334e+00 1.324167e+00 1.330001e+00 1.559687e-02
1.330001e+00 1.335834e+00 1.341667e+00 1.537884e-02
1.341667e+00 1.347501e+00 1.353334e+00 1.516255e-02
1.353334e+00 1.359167e+00 1.365001e+00 1.494803e-02
1.365001e+00 1.370834e+00 1.376667e+00 1.473533e-02
1.376667e+00 1.382501e+00 1.388334e+00 1.452447e-02
1.388334e+00 1.394167e+00 1.400001e+00 1.431551e-02
1.400001e+00 1.405834e+00 1.411667e+00 1.410845e-02
1.411667e+00 1.417501e+00 1.423334e+00 1.390334e-02
1.423334e+00 1.429167e+00 1.435001e+00 1.370019e-02
1.435001e+00 1.440834e+00 1.446667e+00 1.349903e-02
1.446667e+00 1.452501e+00 1.458334e+00 1.329988e-02
1.458334e+00 1.464167e+00 1.470001e+00 1.310275e-02
1.470001e+00 1.475834e+00 1.481667e+00 1.290767e-02
1.481667e+00 1.487501e+00 1.493334e+00 1.271465e-02
1.493334e+00 1.499167e+00 1.505001e+00 1.252369e-02
1.505001e+00 1.510834e+00 1.516667e+00 1.233481e-02
1.516667e+00 1.522501e+00 1.528334e+00 1.214802e-02
1.528334e+00 1.534167e+00 1.540001e+00 1.196333e-02
1.540001e+00 1.545834e+00 1.551667e+00 1.178074e-02
1.551667e+00 1.557501e+00 1.563334e+00 1.160025e-02
1.563334e+00 1.569167e+00 1.575001e+00 1.142186e-02
1.575001e+00 1.580834e+00 1.586667e+00 1.124559e-02
1.586667e+00 1.592501e+00 1.598334e+00 1.107142e-02
1.598334e+00 1.604167e+00 1.610001e+00 1.089936e-02
1.610001e+00 1.615834e+00 1.621667e+00 1.072940e-02
1.621667e+00 1.627501e+00 1.633334e+00 1.056154e-02
1.633334e+00 1.639167e+00 1.645001e+00 1.039577e-02
1.645001e+00 1.650834e+00 1.656667e+00 1.023210e-02
1.656667e+00 1.662501e+00 1.668334e+00 1.007050e-02
1.668334e+00 1.674167e+00 1.680001e+00 9.910983e-03
1.680001e+00 1.685834e+00 1.691667e+00 9.753530e-03
1.691667e+00 1.697501e+00 1.703334e+00 9.598133e-03
1.703334e+00 1.709167e+00 1.715001e+00 9.444784e-03
1.715001e+00 1.720834e+00 1.726667e+00 9.293470e-03
1.726667e+00 1.732501e+00 1.738334e+00 9.144180e-03
1.738334e+00 1.744167e+00 1.750000e+00 8.996903e-03
1.750000e+00 1.755834e+00 1.761667e+00 8.851625e-03
1.761667e+00 1.767500e+00 1.773334e+00 8.708334e-03
1.773334e+00 1.779167e+00 1.785000e+00 8.567015e-03
1.785000e+00 1.790834e+00 1.796667e+00 8.427655e-03
1.796667e+00 1.802500e+00 1.808334e+00 8.290238e-03
1.808334e+00 1.814167e+00 1.820000e+00 8.154750e-03
1.820000e+00 1.825834e+00 1.831667e+00 8.021175e-03
1.831667e+00 1.837500e+00 1.843334e+00 7.889497e-03
1.843334e+00 1.849167e+00 1.855000e+00 7.759700e-03
1.855000e+00 1.860834e+00 1.866667e+00 7.631768e-03
1.866667e+00 1.872500e+00 1.878334e+00 7.505683e-03
1.878334e+00 1.884167e+00 1.890000e+00 7.381428e-03
1.890000e+00 1.895834e+00 1.901667e+00 7.258987e-03
1.901667e+00 1.907500e+00 1.913334e+00 7.138341e-03
1.913334e+00 1.919167e+00 1.925000e+00 7.019473e-03
1.925000e+00 1.930834e+00 1.936667e+00 6.902365e-03
1.936667e+00 1.942500e+00 1.948334e+00 6.786999e-03
1.948334e+00 1.954167e+00 1.960000e+00 6.673356e-03
1.960000e+00 1.965834e+00 1.971667e+00 6.561419e-03
1.971667e+00 1.977500e+00 1.983334e+00 6.451169e-03
1.983334e+00 1.989167e+00 1.995000e+00 6.342587e-03
1.995000e+00 2.000834e+00 2.006667e+00 6.235654e-03
2.006667e+00 2.012500e+00 2.018334e+00 6.130353e-03
2.018334e+00 2.024167e+00 2.030000e+00 6.026665e-03
2.030000e+00 2.035834e+00 2.041667e+00 5.924570e-03
2.041667e+00 2.047500e+00 2.053334e+00 5.824050e-03
2.053334e+00 2.059167e+00 2.065000e+00 5.725086e-03
2.065000e+00 2.070834e+00 2.076667e+00 5.627660e-03
2.076667e+00 2.082500e+00 2.088334e+00 5.531753e-03
2.088334e+00 2.094167e+00 2.100000e+00 5.437346e-03
2.100000e+00 2.105834e+00 2.111667e+00 5.344420e-03
2.111667e+00 2.117500e+00 2.123334e+00 5.252957e-03
2.123334e+00 2.129167e+00 2.135000e+00 5.162938e-03
2.135000e+00 2.140834e+00 2.146667e+00 5.074346e-03
2.146667e+00 2.152500e+00 2.158334e+00 4.987160e-03
2.158334e+00 2.164167e+00 2.170000e+00 4.901364e-03
2.170000e+00 2.175834e+00 2.181667e+00 4.816938e-03
2.181667e+00 2.187500e+00 2.193334e+00 4.733865e-03
2.193334e+00 2.199167e+00 2.205000e+00 4.652127e-03
2.205000e+00 2.210834e+00 2.216667e+00 4.571706e-03
2.216667e+00 2.222500e+00 2.228334e+00 4.492583e-03
2.228334e+00 2.234167e+00 2.240000e+00 4.414741e-03
2.240000e+00 2.245834e+00 2.251667e+00 4.338163e-03
2.251667e+00 2.257500e+00 2.263334e+00 4.262831e-03
2.263334e+00 2.269167e+00 2.275000e+00 4.188727e-03
2.275000e+00 2.280834e+00 2.286667e+00 4.115835e-03
2.286667e+00 2.292500e+00 2.298334e+00 4.044137e-03
2.298334e+00 2.304167e+00 2.310000e+00 3.973617e-03
2.310000e+00 2.315834e+00 2.321667e+00 3.904257e-03
2.321667e+00 2.327500e+00 2.333334e+00 3.836042e-03
2.333334e+00 2.339167e+00 2.345000e+00 3.768953e-03
2.345000e+00 2.350834e+00 2.356667e+00 3.702976e-03
2.356667e+00 2.362500e+00 2.368334e+00 3.638094e-03
2.368334e+00 2.374167e+00 2.380000e+00 3.574290e-03
2.380000e+00 2.385834e+00 2.391667e+00 3.511550e-03
2.391667e+00 2.397500e+00 2.403334e+00 3.449857e-03
2.403334e+00 2.409167e+00 2.415000e+00 3.389195e-03
2.415000e+00 2.420834e+00 2.426667e+00 3.329550e-03
2.426667e+00 2.432500e+00 2.438334e+00 3.270906e-03
2.438334e+00 2.444167e+00 2.450000e+00 3.213248e-03
2.450000e+00 2.455834e+00 2.461667e+00 3.156561e-03
2.461667e+00 2.467500e+00 2.473334e+00 3.100830e-03
2.473334e+00 2.479167e+00 2.485000e+00 3.046041e-03
2.485000e+00 2.490834e+00 2.496667e+00 2.992179e-03
2.496667e+00 2.502500e+00 2.508334e+00 2.939230e-03
2.508334e+00 2.514167e+00 2.520000e+00 2.887180e-03
2.520000e+00 2.525834e+00 2.531667e+00 2.836016e-03
2.531667e+00 2.537500e+00 2.543334e+00 2.785722e-03
2.543334e+00 2.549167e+00 2.555000e+00 2.736287e-03
2.555000e+00 2.560834e+00 2.566667e+00 2.687695e-03
2.566667e+00 2.572500e+00 2.578334e+00 2.639935e-03
2.578334e+00 2.584167e+00 2.590000e+00 2.592993e-03
2.590000e+00 2.595834e+00 2.601667e+00 2.546856e-03
2.601667e+00 2.607500e+00 2.613334e+00 2.501511e-03
2.613334e+00 2.619167e+00 2.625000e+00 2.456946e-03
2.625000e+00 2.630834e+00 2.636667e+00 2.413148e-03
2.636667e+00 2.642500e+00 2.648334e+00 2.370105e-03
2.648334e+00 2.654167e+00 2.660000e+00 2.327805e-03
2.660000e+00 2.665834e+00 2.671667e+00 2.286236e-03
2.671667e+00 2.677500e+00 2.683334e+00 2.245387e-03
2.683334e+00 2.689167e+00 2.695000e+00 2.205245e-03
2.695000e+00 2.700834e+00 2.706667e+00 2.165799e-03
2.706667e+00 2.712500e+00 2.718334e+00 2.127038e-03
2.718334e+00 2.724167e+00 2.730000e+00 2.088951e-03
2.730000e+00 2.735834e+00 2.741667e+00 2.051526e-03
2.741667e+00 2.747500e+00 2.753334e+00 2.014754e-03
2.753334e+00 2.759167e+00 2.765000e+00 1.978622e-03
2.765000e+00 2.770834e+00 2.776667e+00 1.943122e-03
2.776667e+00 2.782500e+00 2.788334e+00 1.908241e-03
2.788334e+00 2.794167e+00 2.800000e+00 1.873971e-03
2.800000e+00 2.805834e+00 2.811667e+00 1.840300e-03
2.811667e+00 2.817500e+00 2.823334e+00 1.807220e-03
2.823334e+00 2.829167e+00 2.835000e+00 1.774720e-03
2.835000e+00 2.840834e+00 2.846667e+00 1.742790e-03
2.846667e+00 2.852500e+00 2.858334e+00 1.711421e-03
2.858334e+00 2.864167e+00 2.870000e+00 1.680605e-03
2.870000e+00 2.875834e+00 2.881667e+00 1.650330e-03
2.881667e+00 2.887500e+00 2.893334e+00 1.620589e-03
2.893334e+00 2.899167e+00 2.905000e+00 1.591372e-03
2.905000e+00 2.910834e+00 2.916667e+00 1.562671e-03
2.916667e+00 2.922500e+00 2.928333e+00 1.534477e-03
2.928333e+00 2.934167e+00 2.940000e+00 1.506781e-03
2.940000e+00 2.945833e+00 2.951667e+00 1.479575e-03
2.951667e+00 2.957500e+00 2.963333e+00 1.452851e-03
2.963333e+00 2.969167e+00 2.975000e+00 1.426600e-03
2.975000e+00 2.980833e+00 2.986667e+00 1.400815e-03
2.986667e+00 2.992500e+00 2.998333e+00 1.375487e-03
2.998333e+00 3.004167e+00 3.010000e+00 1.350609e-03
3.010000e+00 3.015833e+00 3.021667e+00 1.326173e-03
3.021667e+00 3.027500e+00 3.033333e+00 1.302171e-03
3.033333e+00 3.039167e+00 3.045000e+00 1.278596e-03
3.045000e+00 3.050833e+00 3.056667e+00 1.255441e-03
3.056667e+00 3.062500e+00 3.068333e+00 1.232699e-03
3.068333e+00 3.074167e+00 3.080000e+00 1.210362e-03
3.080000e+00 3.085833e+00 3.091667e+00 1.188423e-03
3.091667e+00 3.097500e+00 3.103333e+00 1.166876e-03
3.103333e+00 3.109167e+00 3.115000e+00 1.145714e-03
3.115000e+00 3.120833e+00 3.126667e+00 1.124930e-03
3.126667e+00 3.132500e+00 3.138333e+00 1.104517e-03
3.138333e+00 3.144167e+00 3.150000e+00 1.084470e-03
3.150000e+00 3.155833e+00 3.161667e+00 1.064782e-03
3.161667e+00 3.167500e+00 3.173333e+00 1.045446e-03
3.173333e+00 3.179167e+00 3.185000e+00 1.026457e-03
3.185000e+00 3.190833e+00 3.196667e+00 1.007808e-03
3.196667e+00 3.202500e+00 3.208333e+00 9.894938e-04
3.208333e+00 3.214167e+00 3.220000e+00 9.715083e-04
3.220000e+00 3.225833e+00 3.231667e+00 9.538458e-04
3.231667e+00 3.237500e+00 3.243333e+00 9.365007e-04
3.243333e+00 3.249167e+00 3.255000e+00 9.194673e-04
3.255000e+00 3.260833e+00 3.266667e+00 9.027403e-04
3.266667e+00 3.272500e+00 3.278333e+00 8.863142e-04
3.278333e+00 3.284167e+00 3.290000e+00 8.701838e-04
3.290000e+00 3.295833e+00 3.301667e+00 8.543439e-04
3.301667e+00 3.307500e+00 3.313333e+00 8.387894e-04
3.313333e+00 3.319167e+00 3.325000e+00 8.235152e-04
3.325000e+00 3.330833e+00 3.336667e+00 8.085165e-04
3.336667e+00 3.342500e+00 3.348333e+00 7.937884e-04
3.348333e+00 3.354167e+00 3.360000e+00 7.793260e-04
3.360000e+00 3.365833e+00 3.371667e+00 7.651248e-04
3.371667e+00 3.377500e+00 3.383333e+00 7.511801e-04
3.383333e+00 3.389167e+00 3.395000e+00 7.374873e-04
3.395000e+00 3.400833e+00 3.406667e+00 7.240421e-04
3.406667e+00 3.412500e+00 3.418333e+00 7.108400e-04
3.418333e+00 3.424167e+00 3.430000e+00 6.978767e-04
3.430000e+00 3.435833e+00 3.441667e+00 6.851479e-04
3.441667e+00 3.447500e+00 3.453333e+00 6.726496e-04
3.453333e+00 3.459167e+00 3.465000e+00 6.603776e-04
3.465000e+00 3.470833e+00 3.476667e+00 6.483280e-04
3.476667e+00 3.482500e+00 3.488333e+00 6.364966e-04
3.488333e+00 3.494167e+00 3.500000e+00 6.248797e-04
