1.000000e-06 5.834332e-03 1.166766e-02 3.240243e-05
1.166766e-02 1.750099e-02 2.333433e-02 2.696955e-04
2.333433e-02 2.916766e-02 3.500099e-02 6.981216e-04
3.500099e-02 4.083432e-02 4.666765e-02 1.280079e-03
4.666765e-02 5.250099e-02 5.833432e-02 1.984742e-03
5.833432e-02 6.416765e-02 7.000098e-02 2.786278e-03
7.000098e-02 7.583431e-02 8.166764e-02 3.662800e-03
8.166764e-02 8.750097e-02 9.333431e-02 4.595649e-03
9.333431e-02 9.916764e-02 1.050010e-01 5.568872e-03
1.050010e-01 1.108343e-01 1.166676e-01 6.568809e-03
1.166676e-01 1.225010e-01 1.283343e-01 7.583759e-03
1.283343e-01 1.341676e-01 1.400010e-01 8.603718e-03
1.400010e-01 1.458343e-01 1.516676e-01 9.620149e-03
1.516676e-01 1.575010e-01 1.633343e-01 1.062579e-02
1.633343e-01 1.691676e-01 1.750009e-01 1.161450e-02
1.750009e-01 1.808343e-01 1.866676e-01 1.258110e-02
1.866676e-01 1.925009e-01 1.983343e-01 1.352129e-02
1.983343e-01 2.041676e-01 2.100009e-01 1.443150e-02
2.100009e-01 2.158343e-01 2.216676e-01 1.530881e-02
2.216676e-01 2.275009e-01 2.333343e-01 1.615089e-02
2.333343e-01 2.391676e-01 2.450009e-01 1.695593e-02
2.450009e-01 2.508343e-01 2.566676e-01 1.772253e-02
2.566676e-01 2.625009e-01 2.683343e-01 1.844970e-02
2.683343e-01 2.741676e-01 2.800009e-01 1.913679e-02
2.800009e-01 2.858343e-01 2.916676e-01 1.978344e-02
2.916676e-01 2.975009e-01 3.033342e-01 2.038953e-02
3.033342e-01 3.091676e-01 3.150009e-01 2.095519e-02
3.150009e-01 3.208342e-01 3.266676e-01 2.148074e-02
3.266676e-01 3.325009e-01 3.383342e-01 2.196664e-02
3.383342e-01 3.441676e-01 3.500009e-01 2.241352e-02
3.500009e-01 3.558342e-01 3.616676e-01 2.282212e-02
3.616676e-01 3.675009e-01 3.733342e-01 2.319328e-02
3.733342e-01 3.791676e-01 3.850009e-01 2.352792e-02
3.850009e-01 3.908342e-01 3.966676e-01 2.382704e-02
3.966676e-01 4.025009e-01 4.083342e-01 2.409169e-02
4.083342e-01 4.141675e-01 4.200009e-01 2.432295e-02
4.200009e-01 4.258342e-01 4.316675e-01 2.452198e-02
4.316675e-01 4.375009e-01 4.433342e-01 2.468990e-02
4.433342e-01 4.491675e-01 4.550009e-01 2.482790e-02
4.550009e-01 4.608342e-01 4.666675e-01 2.493716e-02
4.666675e-01 4.725009e-01 4.783342e-01 2.501886e-02
4.783342e-01 4.841675e-01 4.900009e-01 2.507418e-02
4.900009e-01 4.958342e-01 5.016675e-01 2.510429e-02
5.016675e-01 5.075009e-01 5.133342e-01 2.511036e-02
5.133342e-01 5.191675e-01 5.250008e-01 2.509354e-02
5.250008e-01 5.308342e-01 5.366675e-01 2.505495e-02
5.366675e-01 5.425008e-01 5.483342e-01 2.499571e-02
5.483342e-01 5.541675e-01 5.600008e-01 2.491691e-02
5.600008e-01 5.658342e-01 5.716675e-01 2.481960e-02
5.716675e-01 5.775008e-01 5.833342e-01 2.470483e-02
5.833342e-01 5.891675e-01 5.950008e-01 2.457360e-02
5.950008e-01 6.008342e-01 6.066675e-01 2.442689e-02
6.066675e-01 6.125008e-01 6.183342e-01 2.426567e-02
6.183342e-01 6.241675e-01 6.300008e-01 2.409085e-02
6.300008e-01 6.358342e-01 6.416675e-01 2.390331e-02
6.416675e-01 6.475008e-01 6.533341e-01 2.370394e-02
6.533341e-01 6.591675e-01 6.650008e-01 2.349356e-02
6.650008e-01 6.708341e-01 6.766675e-01 2.327297e-02
6.766675e-01 6.825008e-01 6.883341e-01 2.304294e-02
6.883341e-01 6.941675e-01 7.000008e-01 2.280422e-02
7.000008e-01 7.058341e-01 7.116675e-01 2.255751e-02
7.116675e-01 7.175008e-01 7.233341e-01 2.230352e-02
7.233341e-01 7.291675e-01 7.350008e-01 2.204288e-02
7.350008e-01 7.408341e-01 7.466675e-01 2.177623e-02
7.466675e-01 7.525008e-01 7.583341e-01 2.150417e-02
7.583341e-01 7.641674e-01 7.700008e-01 2.122727e-02
7.700008e-01 7.758341e-01 7.816674e-01 2.094608e-02
7.816674e-01 7.875008e-01 7.933341e-01 2.066112e-02
7.933341e-01 7.991674e-01 8.050008e-01 2.037289e-02
8.050008e-01 8.108341e-01 8.166674e-01 2.008185e-02
8.166674e-01 8.225008e-01 8.283341e-01 1.978847e-02
8.283341e-01 8.341674e-01 8.400008e-01 1.949316e-02
8.400008e-01 8.458341e-01 8.516674e-01 1.919633e-02
8.516674e-01 8.575008e-01 8.633341e-01 1.889837e-02
8.633341e-01 8.691674e-01 8.750007e-01 1.859963e-02
8.750007e-01 8.808341e-01 8.866674e-01 1.830046e-02
8.866674e-01 8.925007e-01 8.983341e-01 1.800118e-02
8.983341e-01 9.041674e-01 9.100007e-01 1.770209e-02
9.100007e-01 9.158341e-01 9.216674e-01 1.740350e-02
9.216674e-01 9.275007e-01 9.333341e-01 1.710565e-02
9.333341e-01 9.391674e-01 9.450007e-01 1.680881e-02
9.450007e-01 9.508341e-01 9.566674e-01 1.651322e-02
9.566674e-01 9.625007e-01 9.683341e-01 1.621909e-02
9.683341e-01 9.741674e-01 9.800007e-01 1.592665e-02
9.800007e-01 9.858341e-01 9.916674e-01 1.563606e-02
9.916674e-01 9.975007e-01 1.003334e+00 1.534753e-02
1.003334e+00 1.009167e+00 1.015001e+00 1.506122e-02
1.015001e+00 1.020834e+00 1.026667e+00 1.477728e-02
1.026667e+00 1.032501e+00 1.038334e+00 1.449586e-02
1.038334e+00 1.044167e+00 1.050001e+00 1.421709e-02
1.050001e+00 1.055834e+00 1.061667e+00 1.394108e-02
1.061667e+00 1.067501e+00 1.073334e+00 1.366797e-02
1.073334e+00 1.079167e+00 1.085001e+00 1.339783e-02
1.085001e+00 1.090834e+00 1.096667e+00 1.313078e-02
1.096667e+00 1.102501e+00 1.108334e+00 1.286688e-02
1.108334e+00 1.114167e+00 1.120001e+00 1.260623e-02
1.120001e+00 1.125834e+00 1.131667e+00 1.234888e-02
1.131667e+00 1.137501e+00 1.143334e+00 1.209490e-02
1.143334e+00 1.149167e+00 1.155001e+00 1.184433e-02
1.155001e+00 1.160834e+00 1.166667e+00 1.159723e-02
1.166667e+00 1.172501e+00 1.178334e+00 1.135364e-02
1.178334e+00 1.184167e+00 1.190001e+00 1.111358e-02
1.190001e+00 1.195834e+00 1.201667e+00 1.087709e-02
1.201667e+00 1.207501e+00 1.213334e+00 1.064419e-02
1.213334e+00 1.219167e+00 1.225001e+00 1.041490e-02
1.225001e+00 1.230834e+00 1.236667e+00 1.018922e-02
1.236667e+00 1.242501e+00 1.248334e+00 9.967177e-03
1.248334e+00 1.254167e+00 1.260001e+00 9.748762e-03
1.260001e+00 1.265834e+00 1.271667e+00 9.533978e-03
1.271667e+00 1.277501e+00 1.283334e+00 9.322821e-03
1.283334e+00 1.289167e+00 1.295001e+00 9.115284e-03
1.295001e+00 1.300834e+00 1.306667e+00 8.911356e-03
1.306667e+00 1.312501e+00 1.318334e+00 8.711022e-03
1.318334e+00 1.324167e+00 1.330001e+00 8.514267e-03
1.330001e+00 1.335834e+00 1.341667e+00 8.321070e-03
1.341667e+00 1.347501e+00 1.353334e+00 8.131409e-03
1.353334e+00 1.359167e+00 1.365001e+00 7.945260e-03
1.365001e+00 1.370834e+00 1.376667e+00 7.762596e-03
1.376667e+00 1.382501e+00 1.388334e+00 7.583389e-03
1.388334e+00 1.394167e+00 1.400001e+00 7.407608e-03
1.400001e+00 1.405834e+00 1.411667e+00 7.235222e-03
1.411667e+00 1.417501e+00 1.423334e+00 7.066196e-03
1.423334e+00 1.429167e+00 1.435001e+00 6.900496e-03
1.435001e+00 1.440834e+00 1.446667e+00 6.738085e-03
1.446667e+00 1.452501e+00 1.458334e+00 6.578926e-03
1.458334e+00 1.464167e+00 1.470001e+00 6.422979e-03
1.470001e+00 1.475834e+00 1.481667e+00 6.270206e-03
1.481667e+00 1.487501e+00 1.493334e+00 6.120566e-03
1.493334e+00 1.499167e+00 1.505001e+00 5.974017e-03
1.505001e+00 1.510834e+00 1.516667e+00 5.830518e-03
1.516667e+00 1.522501e+00 1.528334e+00 5.690027e-03
1.528334e+00 1.534167e+00 1.540001e+00 5.552500e-03
1.540001e+00 1.545834e+00 1.551667e+00 5.417894e-03
1.551667e+00 1.557501e+00 1.563334e+00 5.286166e-03
1.563334e+00 1.569167e+00 1.575001e+00 5.157270e-03
1.575001e+00 1.580834e+00 1.586667e+00 5.031164e-03
1.586667e+00 1.592501e+00 1.598334e+00 4.907803e-03
1.598334e+00 1.604167e+00 1.610001e+00 4.787142e-03
1.610001e+00 1.615834e+00 1.621667e+00 4.669137e-03
1.621667e+00 1.627501e+00 1.633334e+00 4.553744e-03
1.633334e+00 1.639167e+00 1.645001e+00 4.440917e-03
1.645001e+00 1.650834e+00 1.656667e+00 4.330613e-03
1.656667e+00 1.662501e+00 1.668334e+00 4.222787e-03
1.668334e+00 1.674167e+00 1.680001e+00 4.117396e-03
1.680001e+00 1.685834e+00 1.691667e+00 4.014395e-03
1.691667e+00 1.697501e+00 1.703334e+00 3.913741e-03
1.703334e+00 1.709167e+00 1.715001e+00 3.815390e-03
1.715001e+00 1.720834e+00 1.726667e+00 3.719301e-03
1.726667e+00 1.732501e+00 1.738334e+00 3.625430e-03
1.738334e+00 1.744167e+00 1.750000e+00 3.533734e-03
1.750000e+00 1.755834e+00 1.761667e+00 3.444172e-03
1.761667e+00 1.767500e+00 1.773334e+00 3.356703e-03
1.773334e+00 1.779167e+00 1.785000e+00 3.271285e-03
1.785000e+00 1.790834e+00 1.796667e+00 3.187878e-03
1.796667e+00 1.802500e+00 1.808334e+00 3.106441e-03
1.808334e+00 1.814167e+00 1.820000e+00 3.026935e-03
1.820000e+00 1.825834e+00 1.831667e+00 2.949321e-03
1.831667e+00 1.837500e+00 1.843334e+00 2.873559e-03
1.843334e+00 1.849167e+00 1.855000e+00 2.799612e-03
1.855000e+00 1.860834e+00 1.866667e+00 2.727442e-03
1.866667e+00 1.872500e+00 1.878334e+00 2.657012e-03
1.878334e+00 1.884167e+00 1.890000e+00 2.588285e-03
1.890000e+00 1.895834e+00 1.901667e+00 2.521224e-03
1.901667e+00 1.907500e+00 1.913334e+00 2.455795e-03
1.913334e+00 1.919167e+00 1.925000e+00 2.391961e-03
1.925000e+00 1.930834e+00 1.936667e+00 2.329690e-03
1.936667e+00 1.942500e+00 1.948334e+00 2.268946e-03
1.948334e+00 1.954167e+00 1.960000e+00 2.209696e-03
1.960000e+00 1.965834e+00 1.971667e+00 2.151907e-03
1.971667e+00 1.977500e+00 1.983334e+00 2.095548e-03
1.983334e+00 1.989167e+00 1.995000e+00 2.040585e-03
1.995000e+00 2.000834e+00 2.006667e+00 1.986989e-03
2.006667e+00 2.012500e+00 2.018334e+00 1.934728e-03
2.018334e+00 2.024167e+00 2.030000e+00 1.883772e-03
2.030000e+00 2.035834e+00 2.041667e+00 1.834091e-03
2.041667e+00 2.047500e+00 2.053334e+00 1.785657e-03
2.053334e+00 2.059167e+00 2.065000e+00 1.738440e-03
2.065000e+00 2.070834e+00 2.076667e+00 1.692414e-03
2.076667e+00 2.082500e+00 2.088334e+00 1.647550e-03
2.088334e+00 2.094167e+00 2.100000e+00 1.603821e-03
2.100000e+00 2.105834e+00 2.111667e+00 1.561201e-03
2.111667e+00 2.117500e+00 2.123334e+00 1.519664e-03
2.123334e+00 2.129167e+00 2.135000e+00 1.479185e-03
2.135000e+00 2.140834e+00 2.146667e+00 1.439739e-03
2.146667e+00 2.152500e+00 2.158334e+00 1.401301e-03
2.158334e+00 2.164167e+00 2.170000e+00 1.363848e-03
2.170000e+00 2.175834e+00 2.181667e+00 1.327355e-03
2.181667e+00 2.187500e+00 2.193334e+00 1.291800e-03
2.193334e+00 2.199167e+00 2.205000e+00 1.257161e-03
2.205000e+00 2.210834e+00 2.216667e+00 1.223416e-03
2.216667e+00 2.222500e+00 2.228334e+00 1.190542e-03
2.228334e+00 2.234167e+00 2.240000e+00 1.158519e-03
2.240000e+00 2.245834e+00 2.251667e+00 1.127327e-03
2.251667e+00 2.257500e+00 2.263334e+00 1.096945e-03
2.263334e+00 2.269167e+00 2.275000e+00 1.067352e-03
2.275000e+00 2.280834e+00 2.286667e+00 1.038531e-03
2.286667e+00 2.292500e+00 2.298334e+00 1.010462e-03
2.298334e+00 2.304167e+00 2.310000e+00 9.831256e-04
2.310000e+00 2.315834e+00 2.321667e+00 9.565050e-04
2.321667e+00 2.327500e+00 2.333334e+00 9.305820e-04
2.333334e+00 2.339167e+00 2.345000e+00 9.053394e-04
2.345000e+00 2.350834e+00 2.356667e+00 8.807602e-04
2.356667e+00 2.362500e+00 2.368334e+00 8.568279e-04
2.368334e+00 2.374167e+00 2.380000e+00 8.335263e-04
2.380000e+00 2.385834e+00 2.391667e+00 8.108397e-04
2.391667e+00 2.397500e+00 2.403334e+00 7.887524e-04
2.403334e+00 2.409167e+00 2.415000e+00 7.672496e-04
2.415000e+00 2.420834e+00 2.426667e+00 7.463165e-04
2.426667e+00 2.432500e+00 2.438334e+00 7.259386e-04
2.438334e+00 2.444167e+00 2.450000e+00 7.061018e-04
2.450000e+00 2.455834e+00 2.461667e+00 6.867926e-04
2.461667e+00 2.467500e+00 2.473334e+00 6.679974e-04
2.473334e+00 2.479167e+00 2.485000e+00 6.497031e-04
2.485000e+00 2.490834e+00 2.496667e+00 6.318970e-04
2.496667e+00 2.502500e+00 2.508334e+00 6.145665e-04
2.508334e+00 2.514167e+00 2.520000e+00 5.976996e-04
2.520000e+00 2.525834e+00 2.531667e+00 5.812842e-04
2.531667e+00 2.537500e+00 2.543334e+00 5.653087e-04
2.543334e+00 2.549167e+00 2.555000e+00 5.497619e-04
2.555000e+00 2.560834e+00 2.566667e+00 5.346327e-04
2.566667e+00 2.572500e+00 2.578334e+00 5.199102e-04
2.578334e+00 2.584167e+00 2.590000e+00 5.055839e-04
2.590000e+00 2.595834e+00 2.601667e+00 4.916436e-04
2.601667e+00 2.607500e+00 2.613334e+00 4.780792e-04
2.613334e+00 2.619167e+00 2.625000e+00 4.648809e-04
2.625000e+00 2.630834e+00 2.636667e+00 4.520392e-04
2.636667e+00 2.642500e+00 2.648334e+00 4.395448e-04
2.648334e+00 2.654167e+00 2.660000e+00 4.273886e-04
2.660000e+00 2.665834e+00 2.671667e+00 4.155618e-04
2.671667e+00 2.677500e+00 2.683334e+00 4.040556e-04
2.683334e+00 2.689167e+00 2.695000e+00 3.928617e-04
2.695000e+00 2.700834e+00 2.706667e+00 3.819719e-04
2.706667e+00 2.712500e+00 2.718334e+00 3.713782e-04
2.718334e+00 2.724167e+00 2.730000e+00 3.610727e-04
2.730000e+00 2.735834e+00 2.741667e+00 3.510478e-04
2.741667e+00 2.747500e+00 2.753334e+00 3.412962e-04
2.753334e+00 2.759167e+00 2.765000e+00 3.318105e-04
2.765000e+00 2.770834e+00 2.776667e+00 3.225838e-04
2.776667e+00 2.782500e+00 2.788334e+00 3.136091e-04
2.788334e+00 2.794167e+00 2.800000e+00 3.048798e-04
2.800000e+00 2.805834e+00 2.811667e+00 2.963894e-04
2.811667e+00 2.817500e+00 2.823334e+00 2.881314e-04
2.823334e+00 2.829167e+00 2.835000e+00 2.800997e-04
2.835000e+00 2.840834e+00 2.846667e+00 2.722882e-04
2.846667e+00 2.852500e+00 2.858334e+00 2.646911e-04
2.858334e+00 2.864167e+00 2.870000e+00 2.573026e-04
2.870000e+00 2.875834e+00 2.881667e+00 2.501171e-04
2.881667e+00 2.887500e+00 2.893334e+00 2.431292e-04
2.893334e+00 2.899167e+00 2.905000e+00 2.363335e-04
2.905000e+00 2.910834e+00 2.916667e+00 2.297250e-04
2.916667e+00 2.922500e+00 2.928333e+00 2.232985e-04
2.928333e+00 2.934167e+00 2.940000e+00 2.170492e-04
2.940000e+00 2.945833e+00 2.951667e+00 2.109723e-04
2.951667e+00 2.957500e+00 2.963333e+00 2.050631e-04
2.963333e+00 2.969167e+00 2.975000e+00 1.993172e-04
2.975000e+00 2.980833e+00 2.986667e+00 1.937300e-04
2.986667e+00 2.992500e+00 2.998333e+00 1.882973e-04
2.998333e+00 3.004167e+00 3.010000e+00 1.830150e-04
3.010000e+00 3.015833e+00 3.021667e+00 1.778789e-04
3.021667e+00 3.027500e+00 3.033333e+00 1.728851e-04
3.033333e+00 3.039167e+00 3.045000e+00 1.680297e-04
3.045000e+00 3.050833e+00 3.056667e+00 1.633089e-04
3.056667e+00 3.062500e+00 3.068333e+00 1.587191e-04
3.068333e+00 3.074167e+00 3.080000e+00 1.542568e-04
3.080000e+00 3.085833e+00 3.091667e+00 1.499184e-04
3.091667e+00 3.097500e+00 3.103333e+00 1.457005e-04
3.103333e+00 3.109167e+00 3.115000e+00 1.416000e-04
3.115000e+00 3.120833e+00 3.126667e+00 1.376135e-04
3.126667e+00 3.132500e+00 3.138333e+00 1.337380e-04
3.138333e+00 3.144167e+00 3.150000e+00 1.299704e-04
3.150000e+00 3.155833e+00 3.161667e+00 1.263077e-04
3.161667e+00 3.167500e+00 3.173333e+00 1.227472e-04
3.173333e+00 3.179167e+00 3.185000e+00 1.192860e-04
3.185000e+00 3.190833e+00 3.196667e+00 1.159213e-04
3.196667e+00 3.202500e+00 3.208333e+00 1.126505e-04
3.208333e+00 3.214167e+00 3.220000e+00 1.094711e-04
3.220000e+00 3.225833e+00 3.231667e+00 1.063805e-04
3.231667e+00 3.237500e+00 3.243333e+00 1.033763e-04
3.243333e+00 3.249167e+00 3.255000e+00 1.004561e-04
3.255000e+00 3.260833e+00 3.266667e+00 9.761759e-05
3.266667e+00 3.272500e+00 3.278333e+00 9.485851e-05
3.278333e+00 3.284167e+00 3.290000e+00 9.217669e-05
3.290000e+00 3.295833e+00 3.301667e+00 8.956998e-05
3.301667e+00 3.307500e+00 3.313333e+00 8.703631e-05
3.313333e+00 3.319167e+00 3.325000e+00 8.457367e-05
3.325000e+00 3.330833e+00 3.336667e+00 8.218009e-05
3.336667e+00 3.342500e+00 3.348333e+00 7.985365e-05
3.348333e+00 3.354167e+00 3.360000e+00 7.759251e-05
3.360000e+00 3.365833e+00 3.371667e+00 7.539485e-05
3.371667e+00 3.377500e+00 3.383333e+00 7.325891e-05
3.383333e+00 3.389167e+00 3.395000e+00 7.118299e-05
3.395000e+00 3.400833e+00 3.406667e+00 6.916540e-05
3.406667e+00 3.412500e+00 3.418333e+00 6.720455e-05
3.418333e+00 3.424167e+00 3.430000e+00 6.529885e-05
3.430000e+00 3.435833e+00 3.441667e+00 6.344676e-05
3.441667e+00 3.447500e+00 3.453333e+00 6.164680e-05
3.453333e+00 3.459167e+00 3.465000e+00 5.989752e-05
3.465000e+00 3.470833e+00 3.476667e+00 5.819751e-05
3.476667e+00 3.482500e+00 3.488333e+00 5.654539e-05
3.488333e+00 3.494167e+00 3.500000e+00 5.493984e-05
