1.000000e-06 5.834332e-03 1.166766e-02 3.147327e-05
1.166766e-02 1.750099e-02 2.333433e-02 2.559775e-04
2.333433e-02 2.916766e-02 3.500099e-02 6.535414e-04
3.500099e-02 4.083432e-02 4.666765e-02 1.187001e-03
4.666765e-02 5.250099e-02 5.833432e-02 1.827868e-03
5.833432e-02 6.416765e-02 7.000098e-02 2.553321e-03
7.000098e-02 7.583431e-02 8.166764e-02 3.344650e-03
8.166764e-02 8.750097e-02 9.333431e-02 4.186299e-03
9.333431e-02 9.916764e-02 1.050010e-01 5.065216e-03
1.050010e-01 1.108343e-01 1.166676e-01 5.970385e-03
1.166676e-01 1.225010e-01 1.283343e-01 6.892466e-03
1.283343e-01 1.341676e-01 1.400010e-01 7.823527e-03
1.400010e-01 1.458343e-01 1.516676e-01 8.756821e-03
1.516676e-01 1.575010e-01 1.633343e-01 9.686611e-03
1.633343e-01 1.691676e-01 1.750009e-01 1.060802e-02
1.750009e-01 1.808343e-01 1.866676e-01 1.151693e-02
1.866676e-01 1.925009e-01 1.983343e-01 1.240985e-02
1.983343e-01 2.041676e-01 2.100009e-01 1.328386e-02
2.100009e-01 2.158343e-01 2.216676e-01 1.413651e-02
2.216676e-01 2.275009e-01 2.333343e-01 1.496578e-02
2.333343e-01 2.391676e-01 2.450009e-01 1.577002e-02
2.450009e-01 2.508343e-01 2.566676e-01 1.654791e-02
2.566676e-01 2.625009e-01 2.683343e-01 1.729840e-02
2.683343e-01 2.741676e-01 2.800009e-01 1.802069e-02
2.800009e-01 2.858343e-01 2.916676e-01 1.871419e-02
2.916676e-01 2.975009e-01 3.033342e-01 1.937850e-02
3.033342e-01 3.091676e-01 3.150009e-01 2.001341e-02
3.150009e-01 3.208342e-01 3.266676e-01 2.061880e-02
3.266676e-01 3.325009e-01 3.383342e-01 2.119474e-02
3.383342e-01 3.441676e-01 3.500009e-01 2.174135e-02
3.500009e-01 3.558342e-01 3.616676e-01 2.225887e-02
3.616676e-01 3.675009e-01 3.733342e-01 2.274764e-02
3.733342e-01 3.791676e-01 3.850009e-01 2.320803e-02
3.850009e-01 3.908342e-01 3.966676e-01 2.364051e-02
3.966676e-01 4.025009e-01 4.083342e-01 2.404556e-02
4.083342e-01 4.141675e-01 4.200009e-01 2.442373e-02
4.200009e-01 4.258342e-01 4.316675e-01 2.477561e-02
4.316675e-01 4.375009e-01 4.433342e-01 2.510181e-02
4.433342e-01 4.491675e-01 4.550009e-01 2.540294e-02
4.550009e-01 4.608342e-01 4.666675e-01 2.567968e-02
4.666675e-01 4.725009e-01 4.783342e-01 2.593268e-02
4.783342e-01 4.841675e-01 4.900009e-01 2.616262e-02
4.900009e-01 4.958342e-01 5.016675e-01 2.637019e-02
5.016675e-01 5.075009e-01 5.133342e-01 2.655607e-02
5.133342e-01 5.191675e-01 5.250008e-01 2.672095e-02
5.250008e-01 5.308342e-01 5.366675e-01 2.686553e-02
5.366675e-01 5.425008e-01 5.483342e-01 2.699048e-02
5.483342e-01 5.541675e-01 5.600008e-01 2.709650e-02
5.600008e-01 5.658342e-01 5.716675e-01 2.718425e-02
5.716675e-01 5.775008e-01 5.833342e-01 2.725441e-02
5.833342e-01 5.891675e-01 5.950008e-01 2.730762e-02
5.950008e-01 6.008342e-01 6.066675e-01 2.734454e-02
6.066675e-01 6.125008e-01 6.183342e-01 2.736581e-02
6.183342e-01 6.241675e-01 6.300008e-01 2.737205e-02
6.300008e-01 6.358342e-01 6.416675e-01 2.736387e-02
6.416675e-01 6.475008e-01 6.533341e-01 2.734188e-02
6.533341e-01 6.591675e-01 6.650008e-01 2.730666e-02
6.650008e-01 6.708341e-01 6.766675e-01 2.725878e-02
6.766675e-01 6.825008e-01 6.883341e-01 2.719881e-02
6.883341e-01 6.941675e-01 7.000008e-01 2.712729e-02
7.000008e-01 7.058341e-01 7.116675e-01 2.704476e-02
7.116675e-01 7.175008e-01 7.233341e-01 2.695172e-02
7.233341e-01 7.291675e-01 7.350008e-01 2.684869e-02
7.350008e-01 7.408341e-01 7.466675e-01 2.673616e-02
7.466675e-01 7.525008e-01 7.583341e-01 2.661459e-02
7.583341e-01 7.641674e-01 7.700008e-01 2.648445e-02
7.700008e-01 7.758341e-01 7.816674e-01 2.634618e-02
7.816674e-01 7.875008e-01 7.933341e-01 2.620022e-02
7.933341e-01 7.991674e-01 8.050008e-01 2.604700e-02
8.050008e-01 8.108341e-01 8.166674e-01 2.588690e-02
8.166674e-01 8.225008e-01 8.283341e-01 2.572034e-02
8.283341e-01 8.341674e-01 8.400008e-01 2.554768e-02
8.400008e-01 8.458341e-01 8.516674e-01 2.536930e-02
8.516674e-01 8.575008e-01 8.633341e-01 2.518555e-02
8.633341e-01 8.691674e-01 8.750007e-01 2.499677e-02
8.750007e-01 8.808341e-01 8.866674e-01 2.480329e-02
8.866674e-01 8.925007e-01 8.983341e-01 2.460543e-02
8.983341e-01 9.041674e-01 9.100007e-01 2.440349e-02
9.100007e-01 9.158341e-01 9.216674e-01 2.419779e-02
9.216674e-01 9.275007e-01 9.333341e-01 2.398858e-02
9.333341e-01 9.391674e-01 9.450007e-01 2.377617e-02
9.450007e-01 9.508341e-01 9.566674e-01 2.356079e-02
9.566674e-01 9.625007e-01 9.683341e-01 2.334272e-02
9.683341e-01 9.741674e-01 9.800007e-01 2.312219e-02
9.800007e-01 9.858341e-01 9.916674e-01 2.289944e-02
9.916674e-01 9.975007e-01 1.003334e+00 2.267469e-02
1.003334e+00 1.009167e+00 1.015001e+00 2.244815e-02
1.015001e+00 1.020834e+00 1.026667e+00 2.222004e-02
1.026667e+00 1.032501e+00 1.038334e+00 2.199056e-02
1.038334e+00 1.044167e+00 1.050001e+00 2.175989e-02
1.050001e+00 1.055834e+00 1.061667e+00 2.152821e-02
1.061667e+00 1.067501e+00 1.073334e+00 2.129571e-02
1.073334e+00 1.079167e+00 1.085001e+00 2.106254e-02
1.085001e+00 1.090834e+00 1.096667e+00 2.082886e-02
1.096667e+00 1.102501e+00 1.108334e+00 2.059484e-02
1.108334e+00 1.114167e+00 1.120001e+00 2.036061e-02
1.120001e+00 1.125834e+00 1.131667e+00 2.012631e-02
1.131667e+00 1.137501e+00 1.143334e+00 1.989208e-02
1.143334e+00 1.149167e+00 1.155001e+00 1.965804e-02
1.155001e+00 1.160834e+00 1.166667e+00 1.942431e-02
1.166667e+00 1.172501e+00 1.178334e+00 1.919100e-02
1.178334e+00 1.184167e+00 1.190001e+00 1.895824e-02
1.190001e+00 1.195834e+00 1.201667e+00 1.872611e-02
1.201667e+00 1.207501e+00 1.213334e+00 1.849472e-02
1.213334e+00 1.219167e+00 1.225001e+00 1.826416e-02
1.225001e+00 1.230834e+00 1.236667e+00 1.803451e-02
1.236667e+00 1.242501e+00 1.248334e+00 1.780588e-02
1.248334e+00 1.254167e+00 1.260001e+00 1.757832e-02
1.260001e+00 1.265834e+00 1.271667e+00 1.735192e-02
1.271667e+00 1.277501e+00 1.283334e+00 1.712674e-02
1.283334e+00 1.289167e+00 1.295001e+00 1.690287e-02
1.295001e+00 1.300834e+00 1.306667e+00 1.668034e-02
1.306667e+00 1.312501e+00 1.318334e+00 1.645924e-02
1.318334e+00 1.324167e+00 1.330001e+00 1.623960e-02
1.330001e+00 1.335834e+00 1.341667e+00 1.602149e-02
1.341667e+00 1.347501e+00 1.353334e+00 1.580496e-02
1.353334e+00 1.359167e+00 1.365001e+00 1.559004e-02
1.365001e+00 1.370834e+00 1.376667e+00 1.537677e-02
1.376667e+00 1.382501e+00 1.388334e+00 1.516521e-02
1.388334e+00 1.394167e+00 1.400001e+00 1.495539e-02
1.400001e+00 1.405834e+00 1.411667e+00 1.474734e-02
1.411667e+00 1.417501e+00 1.423334e+00 1.454108e-02
1.423334e+00 1.429167e+00 1.435001e+00 1.433666e-02
1.435001e+00 1.440834e+00 1.446667e+00 1.413409e-02
1.446667e+00 1.452501e+00 1.458334e+00 1.393341e-02
1.458334e+00 1.464167e+00 1.470001e+00 1.373462e-02
1.470001e+00 1.475834e+00 1.481667e+00 1.353776e-02
1.481667e+00 1.487501e+00 1.493334e+00 1.334284e-02
1.493334e+00 1.499167e+00 1.505001e+00 1.314988e-02
1.505001e+00 1.510834e+00 1.516667e+00 1.295888e-02
1.516667e+00 1.522501e+00 1.528334e+00 1.276987e-02
1.528334e+00 1.534167e+00 1.540001e+00 1.258284e-02
1.540001e+00 1.545834e+00 1.551667e+00 1.239782e-02
1.551667e+00 1.557501e+00 1.563334e+00 1.221481e-02
1.563334e+00 1.569167e+00 1.575001e+00 1.203381e-02
1.575001e+00 1.580834e+00 1.586667e+00 1.185483e-02
1.586667e+00 1.592501e+00 1.598334e+00 1.167787e-02
1.598334e+00 1.604167e+00 1.610001e+00 1.150293e-02
1.610001e+00 1.615834e+00 1.621667e+00 1.133002e-02
1.621667e+00 1.627501e+00 1.633334e+00 1.115913e-02
1.633334e+00 1.639167e+00 1.645001e+00 1.099026e-02
1.645001e+00 1.650834e+00 1.656667e+00 1.082341e-02
1.656667e+00 1.662501e+00 1.668334e+00 1.065857e-02
1.668334e+00 1.674167e+00 1.680001e+00 1.049575e-02
1.680001e+00 1.685834e+00 1.691667e+00 1.033492e-02
1.691667e+00 1.697501e+00 1.703334e+00 1.017610e-02
1.703334e+00 1.709167e+00 1.715001e+00 1.001926e-02
1.715001e+00 1.720834e+00 1.726667e+00 9.864409e-03
1.726667e+00 1.732501e+00 1.738334e+00 9.711528e-03
1.738334e+00 1.744167e+00 1.750000e+00 9.560611e-03
1.750000e+00 1.755834e+00 1.761667e+00 9.411646e-03
1.761667e+00 1.767500e+00 1.773334e+00 9.264625e-03
1.773334e+00 1.779167e+00 1.785000e+00 9.119534e-03
1.785000e+00 1.790834e+00 1.796667e+00 8.976362e-03
1.796667e+00 1.802500e+00 1.808334e+00 8.835097e-03
1.808334e+00 1.814167e+00 1.820000e+00 8.695726e-03
1.820000e+00 1.825834e+00 1.831667e+00 8.558236e-03
1.831667e+00 1.837500e+00 1.843334e+00 8.422612e-03
1.843334e+00 1.849167e+00 1.855000e+00 8.288840e-03
1.855000e+00 1.860834e+00 1.866667e+00 8.156907e-03
1.866667e+00 1.872500e+00 1.878334e+00 8.026796e-03
1.878334e+00 1.884167e+00 1.890000e+00 7.898494e-03
1.890000e+00 1.895834e+00 1.901667e+00 7.771984e-03
1.901667e+00 1.907500e+00 1.913334e+00 7.647251e-03
1.913334e+00 1.919167e+00 1.925000e+00 7.524279e-03
1.925000e+00 1.930834e+00 1.936667e+00 7.403051e-03
1.936667e+00 1.942500e+00 1.948334e+00 7.283552e-03
1.948334e+00 1.954167e+00 1.960000e+00 7.165764e-03
1.960000e+00 1.965834e+00 1.971667e+00 7.049671e-03
1.971667e+00 1.977500e+00 1.983334e+00 6.935257e-03
1.983334e+00 1.989167e+00 1.995000e+00 6.822503e-03
1.995000e+00 2.000834e+00 2.006667e+00 6.711394e-03
2.006667e+00 2.012500e+00 2.018334e+00 6.601911e-03
2.018334e+00 2.024167e+00 2.030000e+00 6.494037e-03
2.030000e+00 2.035834e+00 2.041667e+00 6.387756e-03
2.041667e+00 2.047500e+00 2.053334e+00 6.283049e-03
2.053334e+00 2.059167e+00 2.065000e+00 6.179899e-03
2.065000e+00 2.070834e+00 2.076667e+00 6.078289e-03
2.076667e+00 2.082500e+00 2.088334e+00 5.978201e-03
2.088334e+00 2.094167e+00 2.100000e+00 5.879617e-03
2.100000e+00 2.105834e+00 2.111667e+00 5.782521e-03
2.111667e+00 2.117500e+00 2.123334e+00 5.686893e-03
2.123334e+00 2.129167e+00 2.135000e+00 5.592718e-03
2.135000e+00 2.140834e+00 2.146667e+00 5.499977e-03
2.146667e+00 2.152500e+00 2.158334e+00 5.408654e-03
2.158334e+00 2.164167e+00 2.170000e+00 5.318730e-03
2.170000e+00 2.175834e+00 2.181667e+00 5.230188e-03
2.181667e+00 2.187500e+00 2.193334e+00 5.143011e-03
2.193334e+00 2.199167e+00 2.205000e+00 5.057182e-03
2.205000e+00 2.210834e+00 2.216667e+00 4.972684e-03
2.216667e+00 2.222500e+00 2.228334e+00 4.889499e-03
2.228334e+00 2.234167e+00 2.240000e+00 4.807611e-03
2.240000e+00 2.245834e+00 2.251667e+00 4.727002e-03
2.251667e+00 2.257500e+00 2.263334e+00 4.647657e-03
2.263334e+00 2.269167e+00 2.275000e+00 4.569558e-03
2.275000e+00 2.280834e+00 2.286667e+00 4.492688e-03
2.286667e+00 2.292500e+00 2.298334e+00 4.417032e-03
2.298334e+00 2.304167e+00 2.310000e+00 4.342572e-03
2.310000e+00 2.315834e+00 2.321667e+00 4.269293e-03
2.321667e+00 2.327500e+00 2.333334e+00 4.197179e-03
2.333334e+00 2.339167e+00 2.345000e+00 4.126213e-03
2.345000e+00 2.350834e+00 2.356667e+00 4.056380e-03
2.356667e+00 2.362500e+00 2.368334e+00 3.987664e-03
2.368334e+00 2.374167e+00 2.380000e+00 3.920049e-03
2.380000e+00 2.385834e+00 2.391667e+00 3.853520e-03
2.391667e+00 2.397500e+00 2.403334e+00 3.788062e-03
2.403334e+00 2.409167e+00 2.415000e+00 3.723659e-03
2.415000e+00 2.420834e+00 2.426667e+00 3.660296e-03
2.426667e+00 2.432500e+00 2.438334e+00 3.597959e-03
2.438334e+00 2.444167e+00 2.450000e+00 3.536633e-03
2.450000e+00 2.455834e+00 2.461667e+00 3.476302e-03
2.461667e+00 2.467500e+00 2.473334e+00 3.416954e-03
2.473334e+00 2.479167e+00 2.485000e+00 3.358572e-03
2.485000e+00 2.490834e+00 2.496667e+00 3.301144e-03
2.496667e+00 2.502500e+00 2.508334e+00 3.244655e-03
2.508334e+00 2.514167e+00 2.520000e+00 3.189091e-03
2.520000e+00 2.525834e+00 2.531667e+00 3.134439e-03
2.531667e+00 2.537500e+00 2.543334e+00 3.080685e-03
2.543334e+00 2.549167e+00 2.555000e+00 3.027815e-03
2.555000e+00 2.560834e+00 2.566667e+00 2.975817e-03
2.566667e+00 2.572500e+00 2.578334e+00 2.924677e-03
2.578334e+00 2.584167e+00 2.590000e+00 2.874382e-03
2.590000e+00 2.595834e+00 2.601667e+00 2.824920e-03
2.601667e+00 2.607500e+00 2.613334e+00 2.776278e-03
2.613334e+00 2.619167e+00 2.625000e+00 2.728444e-03
2.625000e+00 2.630834e+00 2.636667e+00 2.681404e-03
2.636667e+00 2.642500e+00 2.648334e+00 2.635147e-03
2.648334e+00 2.654167e+00 2.660000e+00 2.589661e-03
2.660000e+00 2.665834e+00 2.671667e+00 2.544934e-03
2.671667e+00 2.677500e+00 2.683334e+00 2.500954e-03
2.683334e+00 2.689167e+00 2.695000e+00 2.457710e-03
2.695000e+00 2.700834e+00 2.706667e+00 2.415190e-03
2.706667e+00 2.712500e+00 2.718334e+00 2.373383e-03
2.718334e+00 2.724167e+00 2.730000e+00 2.332277e-03
2.730000e+00 2.735834e+00 2.741667e+00 2.291863e-03
2.741667e+00 2.747500e+00 2.753334e+00 2.252128e-03
2.753334e+00 2.759167e+00 2.765000e+00 2.213062e-03
2.765000e+00 2.770834e+00 2.776667e+00 2.174655e-03
2.776667e+00 2.782500e+00 2.788334e+00 2.136897e-03
2.788334e+00 2.794167e+00 2.800000e+00 2.099776e-03
2.800000e+00 2.805834e+00 2.811667e+00 2.063283e-03
2.811667e+00 2.817500e+00 2.823334e+00 2.027407e-03
2.823334e+00 2.829167e+00 2.835000e+00 1.992140e-03
2.835000e+00 2.840834e+00 2.846667e+00 1.957470e-03
2.846667e+00 2.852500e+00 2.858334e+00 1.923390e-03
2.858334e+00 2.864167e+00 2.870000e+00 1.889888e-03
2.870000e+00 2.875834e+00 2.881667e+00 1.856956e-03
2.881667e+00 2.887500e+00 2.893334e+00 1.824585e-03
2.893334e+00 2.899167e+00 2.905000e+00 1.792765e-03
2.905000e+00 2.910834e+00 2.916667e+00 1.761488e-03
2.916667e+00 2.922500e+00 2.928333e+00 1.730745e-03
2.928333e+00 2.934167e+00 2.940000e+00 1.700527e-03
2.940000e+00 2.945833e+00 2.951667e+00 1.670825e-03
2.951667e+00 2.957500e+00 2.963333e+00 1.641632e-03
2.963333e+00 2.969167e+00 2.975000e+00 1.612938e-03
2.975000e+00 2.980833e+00 2.986667e+00 1.584736e-03
2.986667e+00 2.992500e+00 2.998333e+00 1.557018e-03
2.998333e+00 3.004167e+00 3.010000e+00 1.529775e-03
3.010000e+00 3.015833e+00 3.021667e+00 1.503000e-03
3.021667e+00 3.027500e+00 3.033333e+00 1.476685e-03
3.033333e+00 3.039167e+00 3.045000e+00 1.450823e-03
3.045000e+00 3.050833e+00 3.056667e+00 1.425406e-03
3.056667e+00 3.062500e+00 3.068333e+00 1.400426e-03
3.068333e+00 3.074167e+00 3.080000e+00 1.375877e-03
3.080000e+00 3.085833e+00 3.091667e+00 1.351752e-03
3.091667e+00 3.097500e+00 3.103333e+00 1.328042e-03
3.103333e+00 3.109167e+00 3.115000e+00 1.304742e-03
3.115000e+00 3.120833e+00 3.126667e+00 1.281845e-03
3.126667e+00 3.132500e+00 3.138333e+00 1.259343e-03
3.138333e+00 3.144167e+00 3.150000e+00 1.237230e-03
3.150000e+00 3.155833e+00 3.161667e+00 1.215501e-03
3.161667e+00 3.167500e+00 3.173333e+00 1.194147e-03
3.173333e+00 3.179167e+00 3.185000e+00 1.173163e-03
3.185000e+00 3.190833e+00 3.196667e+00 1.152544e-03
3.196667e+00 3.202500e+00 3.208333e+00 1.132282e-03
3.208333e+00 3.214167e+00 3.220000e+00 1.112371e-03
3.220000e+00 3.225833e+00 3.231667e+00 1.092806e-03
3.231667e+00 3.237500e+00 3.243333e+00 1.073582e-03
3.243333e+00 3.249167e+00 3.255000e+00 1.054691e-03
3.255000e+00 3.260833e+00 3.266667e+00 1.036129e-03
3.266667e+00 3.272500e+00 3.278333e+00 1.017889e-03
3.278333e+00 3.284167e+00 3.290000e+00 9.999677e-04
3.290000e+00 3.295833e+00 3.301667e+00 9.823580e-04
3.301667e+00 3.307500e+00 3.313333e+00 9.650552e-04
3.313333e+00 3.319167e+00 3.325000e+00 9.480540e-04
3.325000e+00 3.330833e+00 3.336667e+00 9.313492e-04
3.336667e+00 3.342500e+00 3.348333e+00 9.149359e-04
3.348333e+00 3.354167e+00 3.360000e+00 8.988091e-04
3.360000e+00 3.365833e+00 3.371667e+00 8.829638e-04
3.371667e+00 3.377500e+00 3.383333e+00 8.673954e-04
3.383333e+00 3.389167e+00 3.395000e+00 8.520990e-04
3.395000e+00 3.400833e+00 3.406667e+00 8.370700e-04
3.406667e+00 3.412500e+00 3.418333e+00 8.223038e-04
3.418333e+00 3.424167e+00 3.430000e+00 8.077960e-04
3.430000e+00 3.435833e+00 3.441667e+00 7.935421e-04
3.441667e+00 3.447500e+00 3.453333e+00 7.795377e-04
3.453333e+00 3.459167e+00 3.465000e+00 7.657786e-04
3.465000e+00 3.470833e+00 3.476667e+00 7.522606e-04
3.476667e+00 3.482500e+00 3.488333e+00 7.389796e-04
3.488333e+00 3.494167e+00 3.500000e+00 7.259313e-04
