1.000000e-06 5.834332e-03 1.166766e-02 3.214073e-05
1.166766e-02 1.750099e-02 2.333433e-02 2.656108e-04
2.333433e-02 2.916766e-02 3.500099e-02 6.844786e-04
3.500099e-02 4.083432e-02 4.666765e-02 1.251058e-03
4.666765e-02 5.250099e-02 5.833432e-02 1.935128e-03
5.833432e-02 6.416765e-02 7.000098e-02 2.711744e-03
7.000098e-02 7.583431e-02 8.166764e-02 3.560006e-03
8.166764e-02 8.750097e-02 9.333431e-02 4.462252e-03
9.333431e-02 9.916764e-02 1.050010e-01 5.403487e-03
1.050010e-01 1.108343e-01 1.166676e-01 6.370934e-03
1.166676e-01 1.225010e-01 1.283343e-01 7.353700e-03
1.283343e-01 1.341676e-01 1.400010e-01 8.342495e-03
1.400010e-01 1.458343e-01 1.516676e-01 9.329407e-03
1.516676e-01 1.575010e-01 1.633343e-01 1.030772e-02
1.633343e-01 1.691676e-01 1.750009e-01 1.127173e-02
1.750009e-01 1.808343e-01 1.866676e-01 1.221666e-02
1.866676e-01 1.925009e-01 1.983343e-01 1.313849e-02
1.983343e-01 2.041676e-01 2.100009e-01 1.403389e-02
2.100009e-01 2.158343e-01 2.216676e-01 1.490014e-02
2.216676e-01 2.275009e-01 2.333343e-01 1.573502e-02
2.333343e-01 2.391676e-01 2.450009e-01 1.653679e-02
2.450009e-01 2.508343e-01 2.566676e-01 1.730409e-02
2.566676e-01 2.625009e-01 2.683343e-01 1.803591e-02
2.683343e-01 2.741676e-01 2.800009e-01 1.873157e-02
2.800009e-01 2.858343e-01 2.916676e-01 1.939063e-02
2.916676e-01 2.975009e-01 3.033342e-01 2.001289e-02
3.033342e-01 3.091676e-01 3.150009e-01 2.059836e-02
3.150009e-01 3.208342e-01 3.266676e-01 2.114720e-02
3.266676e-01 3.325009e-01 3.383342e-01 2.165976e-02
3.383342e-01 3.441676e-01 3.500009e-01 2.213649e-02
3.500009e-01 3.558342e-01 3.616676e-01 2.257794e-02
3.616676e-01 3.675009e-01 3.733342e-01 2.298480e-02
3.733342e-01 3.791676e-01 3.850009e-01 2.335779e-02
3.850009e-01 3.908342e-01 3.966676e-01 2.369773e-02
3.966676e-01 4.025009e-01 4.083342e-01 2.400547e-02
4.083342e-01 4.141675e-01 4.200009e-01 2.428191e-02
4.200009e-01 4.258342e-01 4.316675e-01 2.452801e-02
4.316675e-01 4.375009e-01 4.433342e-01 2.474471e-02
4.433342e-01 4.491675e-01 4.550009e-01 2.493301e-02
4.550009e-01 4.608342e-01 4.666675e-01 2.509391e-02
4.666675e-01 4.725009e-01 4.783342e-01 2.522840e-02
4.783342e-01 4.841675e-01 4.900009e-01 2.533750e-02
4.900009e-01 4.958342e-01 5.016675e-01 2.542221e-02
5.016675e-01 5.075009e-01 5.133342e-01 2.548354e-02
5.133342e-01 5.191675e-01 5.250008e-01 2.552247e-02
5.250008e-01 5.308342e-01 5.366675e-01 2.553999e-02
5.366675e-01 5.425008e-01 5.483342e-01 2.553705e-02
5.483342e-01 5.541675e-01 5.600008e-01 2.551462e-02
5.600008e-01 5.658342e-01 5.716675e-01 2.547362e-02
5.716675e-01 5.775008e-01 5.833342e-01 2.541497e-02
5.833342e-01 5.891675e-01 5.950008e-01 2.533955e-02
5.950008e-01 6.008342e-01 6.066675e-01 2.524825e-02
6.066675e-01 6.125008e-01 6.183342e-01 2.514190e-02
6.183342e-01 6.241675e-01 6.300008e-01 2.502133e-02
6.300008e-01 6.358342e-01 6.416675e-01 2.488736e-02
6.416675e-01 6.475008e-01 6.533341e-01 2.474074e-02
6.533341e-01 6.591675e-01 6.650008e-01 2.458224e-02
6.650008e-01 6.708341e-01 6.766675e-01 2.441259e-02
6.766675e-01 6.825008e-01 6.883341e-01 2.423249e-02
6.883341e-01 6.941675e-01 7.000008e-01 2.404263e-02
7.000008e-01 7.058341e-01 7.116675e-01 2.384366e-02
7.116675e-01 7.175008e-01 7.233341e-01 2.363622e-02
7.233341e-01 7.291675e-01 7.350008e-01 2.342091e-02
7.350008e-01 7.408341e-01 7.466675e-01 2.319833e-02
7.466675e-01 7.525008e-01 7.583341e-01 2.296903e-02
7.583341e-01 7.641674e-01 7.700008e-01 2.273357e-02
7.700008e-01 7.758341e-01 7.816674e-01 2.249246e-02
7.816674e-01 7.875008e-01 7.933341e-01 2.224621e-02
7.933341e-01 7.991674e-01 8.050008e-01 2.199528e-02
8.050008e-01 8.108341e-01 8.166674e-01 2.174014e-02
8.166674e-01 8.225008e-01 8.283341e-01 2.148123e-02
8.283341e-01 8.341674e-01 8.400008e-01 2.121896e-02
8.400008e-01 8.458341e-01 8.516674e-01 2.095373e-02
8.516674e-01 8.575008e-01 8.633341e-01 2.068592e-02
8.633341e-01 8.691674e-01 8.750007e-01 2.041591e-02
8.750007e-01 8.808341e-01 8.866674e-01 2.014402e-02
8.866674e-01 8.925007e-01 8.983341e-01 1.987060e-02
8.983341e-01 9.041674e-01 9.100007e-01 1.959596e-02
9.100007e-01 9.158341e-01 9.216674e-01 1.932039e-02
9.216674e-01 9.275007e-01 9.333341e-01 1.904417e-02
9.333341e-01 9.391674e-01 9.450007e-01 1.876757e-02
9.450007e-01 9.508341e-01 9.566674e-01 1.849085e-02
9.566674e-01 9.625007e-01 9.683341e-01 1.821425e-02
9.683341e-01 9.741674e-01 9.800007e-01 1.793799e-02
9.800007e-01 9.858341e-01 9.916674e-01 1.766229e-02
9.916674e-01 9.975007e-01 1.003334e+00 1.738734e-02
1.003334e+00 1.009167e+00 1.015001e+00 1.711335e-02
1.015001e+00 1.020834e+00 1.026667e+00 1.684048e-02
1.026667e+00 1.032501e+00 1.038334e+00 1.656890e-02
1.038334e+00 1.044167e+00 1.050001e+00 1.629878e-02
1.050001e+00 1.055834e+00 1.061667e+00 1.603026e-02
1.061667e+00 1.067501e+00 1.073334e+00 1.576347e-02
1.073334e+00 1.079167e+00 1.085001e+00 1.549856e-02
1.085001e+00 1.090834e+00 1.096667e+00 1.523563e-02
1.096667e+00 1.102501e+00 1.108334e+00 1.497480e-02
1.108334e+00 1.114167e+00 1.120001e+00 1.471617e-02
1.120001e+00 1.125834e+00 1.131667e+00 1.445984e-02
1.131667e+00 1.137501e+00 1.143334e+00 1.420590e-02
1.143334e+00 1.149167e+00 1.155001e+00 1.395442e-02
1.155001e+00 1.160834e+00 1.166667e+00 1.370549e-02
1.166667e+00 1.172501e+00 1.178334e+00 1.345917e-02
1.178334e+00 1.184167e+00 1.190001e+00 1.321552e-02
1.190001e+00 1.195834e+00 1.201667e+00 1.297460e-02
1.201667e+00 1.207501e+00 1.213334e+00 1.273646e-02
1.213334e+00 1.219167e+00 1.225001e+00 1.250114e-02
1.225001e+00 1.230834e+00 1.236667e+00 1.226870e-02
1.236667e+00 1.242501e+00 1.248334e+00 1.203915e-02
1.248334e+00 1.254167e+00 1.260001e+00 1.181254e-02
1.260001e+00 1.265834e+00 1.271667e+00 1.158888e-02
1.271667e+00 1.277501e+00 1.283334e+00 1.136821e-02
1.283334e+00 1.289167e+00 1.295001e+00 1.115054e-02
1.295001e+00 1.300834e+00 1.306667e+00 1.093588e-02
1.306667e+00 1.312501e+00 1.318334e+00 1.072425e-02
1.318334e+00 1.324167e+00 1.330001e+00 1.051566e-02
1.330001e+00 1.335834e+00 1.341667e+00 1.031010e-02
1.341667e+00 1.347501e+00 1.353334e+00 1.010759e-02
1.353334e+00 1.359167e+00 1.365001e+00 9.908124e-03
1.365001e+00 1.370834e+00 1.376667e+00 9.711694e-03
1.376667e+00 1.382501e+00 1.388334e+00 9.518296e-03
1.388334e+00 1.394167e+00 1.400001e+00 9.327924e-03
1.400001e+00 1.405834e+00 1.411667e+00 9.140566e-03
1.411667e+00 1.417501e+00 1.423334e+00 8.956210e-03
1.423334e+00 1.429167e+00 1.435001e+00 8.774843e-03
1.435001e+00 1.440834e+00 1.446667e+00 8.596448e-03
1.446667e+00 1.452501e+00 1.458334e+00 8.421007e-03
1.458334e+00 1.464167e+00 1.470001e+00 8.248502e-03
1.470001e+00 1.475834e+00 1.481667e+00 8.078911e-03
1.481667e+00 1.487501e+00 1.493334e+00 7.912213e-03
1.493334e+00 1.499167e+00 1.505001e+00 7.748384e-03
1.505001e+00 1.510834e+00 1.516667e+00 7.587399e-03
1.516667e+00 1.522501e+00 1.528334e+00 7.429234e-03
1.528334e+00 1.534167e+00 1.540001e+00 7.273861e-03
1.540001e+00 1.545834e+00 1.551667e+00 7.121254e-03
1.551667e+00 1.557501e+00 1.563334e+00 6.971383e-03
1.563334e+00 1.569167e+00 1.575001e+00 6.824220e-03
1.575001e+00 1.580834e+00 1.586667e+00 6.679735e-03
1.586667e+00 1.592501e+00 1.598334e+00 6.537898e-03
1.598334e+00 1.604167e+00 1.610001e+00 6.398677e-03
1.610001e+00 1.615834e+00 1.621667e+00 6.262042e-03
1.621667e+00 1.627501e+00 1.633334e+00 6.127961e-03
1.633334e+00 1.639167e+00 1.645001e+00 5.996401e-03
1.645001e+00 1.650834e+00 1.656667e+00 5.867329e-03
1.656667e+00 1.662501e+00 1.668334e+00 5.740714e-03
1.668334e+00 1.674167e+00 1.680001e+00 5.616521e-03
1.680001e+00 1.685834e+00 1.691667e+00 5.494717e-03
1.691667e+00 1.697501e+00 1.703334e+00 5.375270e-03
1.703334e+00 1.709167e+00 1.715001e+00 5.258145e-03
1.715001e+00 1.720834e+00 1.726667e+00 5.143309e-03
1.726667e+00 1.732501e+00 1.738334e+00 5.030727e-03
1.738334e+00 1.744167e+00 1.750000e+00 4.920367e-03
1.750000e+00 1.755834e+00 1.761667e+00 4.812195e-03
1.761667e+00 1.767500e+00 1.773334e+00 4.706177e-03
1.773334e+00 1.779167e+00 1.785000e+00 4.602280e-03
1.785000e+00 1.790834e+00 1.796667e+00 4.500469e-03
1.796667e+00 1.802500e+00 1.808334e+00 4.400712e-03
1.808334e+00 1.814167e+00 1.820000e+00 4.302975e-03
1.820000e+00 1.825834e+00 1.831667e+00 4.207226e-03
1.831667e+00 1.837500e+00 1.843334e+00 4.113431e-03
1.843334e+00 1.849167e+00 1.855000e+00 4.021558e-03
1.855000e+00 1.860834e+00 1.866667e+00 3.931575e-03
1.866667e+00 1.872500e+00 1.878334e+00 3.843449e-03
1.878334e+00 1.884167e+00 1.890000e+00 3.757148e-03
1.890000e+00 1.895834e+00 1.901667e+00 3.672642e-03
1.901667e+00 1.907500e+00 1.913334e+00 3.589897e-03
1.913334e+00 1.919167e+00 1.925000e+00 3.508884e-03
1.925000e+00 1.930834e+00 1.936667e+00 3.429571e-03
1.936667e+00 1.942500e+00 1.948334e+00 3.351928e-03
1.948334e+00 1.954167e+00 1.960000e+00 3.275925e-03
1.960000e+00 1.965834e+00 1.971667e+00 3.201532e-03
1.971667e+00 1.977500e+00 1.983334e+00 3.128719e-03
1.983334e+00 1.989167e+00 1.995000e+00 3.057458e-03
1.995000e+00 2.000834e+00 2.006667e+00 2.987719e-03
2.006667e+00 2.012500e+00 2.018334e+00 2.919475e-03
2.018334e+00 2.024167e+00 2.030000e+00 2.852696e-03
2.030000e+00 2.035834e+00 2.041667e+00 2.787356e-03
2.041667e+00 2.047500e+00 2.053334e+00 2.723426e-03
2.053334e+00 2.059167e+00 2.065000e+00 2.660881e-03
2.065000e+00 2.070834e+00 2.076667e+00 2.599693e-03
2.076667e+00 2.082500e+00 2.088334e+00 2.539835e-03
2.088334e+00 2.094167e+00 2.100000e+00 2.481283e-03
2.100000e+00 2.105834e+00 2.111667e+00 2.424010e-03
2.111667e+00 2.117500e+00 2.123334e+00 2.367992e-03
2.123334e+00 2.129167e+00 2.135000e+00 2.313203e-03
2.135000e+00 2.140834e+00 2.146667e+00 2.259620e-03
2.146667e+00 2.152500e+00 2.158334e+00 2.207218e-03
2.158334e+00 2.164167e+00 2.170000e+00 2.155974e-03
2.170000e+00 2.175834e+00 2.181667e+00 2.105864e-03
2.181667e+00 2.187500e+00 2.193334e+00 2.056866e-03
2.193334e+00 2.199167e+00 2.205000e+00 2.008956e-03
2.205000e+00 2.210834e+00 2.216667e+00 1.962113e-03
2.216667e+00 2.222500e+00 2.228334e+00 1.916316e-03
2.228334e+00 2.234167e+00 2.240000e+00 1.871541e-03
2.240000e+00 2.245834e+00 2.251667e+00 1.827770e-03
2.251667e+00 2.257500e+00 2.263334e+00 1.784980e-03
2.263334e+00 2.269167e+00 2.275000e+00 1.743152e-03
2.275000e+00 2.280834e+00 2.286667e+00 1.702265e-03
2.286667e+00 2.292500e+00 2.298334e+00 1.662300e-03
2.298334e+00 2.304167e+00 2.310000e+00 1.623237e-03
2.310000e+00 2.315834e+00 2.321667e+00 1.585058e-03
2.321667e+00 2.327500e+00 2.333334e+00 1.547744e-03
2.333334e+00 2.339167e+00 2.345000e+00 1.511277e-03
2.345000e+00 2.350834e+00 2.356667e+00 1.475638e-03
2.356667e+00 2.362500e+00 2.368334e+00 1.440810e-03
2.368334e+00 2.374167e+00 2.380000e+00 1.406777e-03
2.380000e+00 2.385834e+00 2.391667e+00 1.373520e-03
2.391667e+00 2.397500e+00 2.403334e+00 1.341023e-03
2.403334e+00 2.409167e+00 2.415000e+00 1.309270e-03
2.415000e+00 2.420834e+00 2.426667e+00 1.278245e-03
2.426667e+00 2.432500e+00 2.438334e+00 1.247931e-03
2.438334e+00 2.444167e+00 2.450000e+00 1.218315e-03
2.450000e+00 2.455834e+00 2.461667e+00 1.189380e-03
2.461667e+00 2.467500e+00 2.473334e+00 1.161112e-03
2.473334e+00 2.479167e+00 2.485000e+00 1.133495e-03
2.485000e+00 2.490834e+00 2.496667e+00 1.106517e-03
2.496667e+00 2.502500e+00 2.508334e+00 1.080163e-03
2.508334e+00 2.514167e+00 2.520000e+00 1.054418e-03
2.520000e+00 2.525834e+00 2.531667e+00 1.029271e-03
2.531667e+00 2.537500e+00 2.543334e+00 1.004707e-03
2.543334e+00 2.549167e+00 2.555000e+00 9.807136e-04
2.555000e+00 2.560834e+00 2.566667e+00 9.572784e-04
2.566667e+00 2.572500e+00 2.578334e+00 9.343888e-04
2.578334e+00 2.584167e+00 2.590000e+00 9.120327e-04
2.590000e+00 2.595834e+00 2.601667e+00 8.901982e-04
2.601667e+00 2.607500e+00 2.613334e+00 8.688738e-04
2.613334e+00 2.619167e+00 2.625000e+00 8.480479e-04
2.625000e+00 2.630834e+00 2.636667e+00 8.277094e-04
2.636667e+00 2.642500e+00 2.648334e+00 8.078473e-04
2.648334e+00 2.654167e+00 2.660000e+00 7.884510e-04
2.660000e+00 2.665834e+00 2.671667e+00 7.695100e-04
2.671667e+00 2.677500e+00 2.683334e+00 7.510139e-04
2.683334e+00 2.689167e+00 2.695000e+00 7.329528e-04
2.695000e+00 2.700834e+00 2.706667e+00 7.153167e-04
2.706667e+00 2.712500e+00 2.718334e+00 6.980961e-04
2.718334e+00 2.724167e+00 2.730000e+00 6.812815e-04
2.730000e+00 2.735834e+00 2.741667e+00 6.648637e-04
2.741667e+00 2.747500e+00 2.753334e+00 6.488336e-04
2.753334e+00 2.759167e+00 2.765000e+00 6.331824e-04
2.765000e+00 2.770834e+00 2.776667e+00 6.179015e-04
2.776667e+00 2.782500e+00 2.788334e+00 6.029823e-04
2.788334e+00 2.794167e+00 2.800000e+00 5.884166e-04
2.800000e+00 2.805834e+00 2.811667e+00 5.741963e-04
2.811667e+00 2.817500e+00 2.823334e+00 5.603135e-04
2.823334e+00 2.829167e+00 2.835000e+00 5.467603e-04
2.835000e+00 2.840834e+00 2.846667e+00 5.335292e-04
2.846667e+00 2.852500e+00 2.858334e+00 5.206128e-04
2.858334e+00 2.864167e+00 2.870000e+00 5.080038e-04
2.870000e+00 2.875834e+00 2.881667e+00 4.956951e-04
2.881667e+00 2.887500e+00 2.893334e+00 4.836798e-04
2.893334e+00 2.899167e+00 2.905000e+00 4.719510e-04
2.905000e+00 2.910834e+00 2.916667e+00 4.605021e-04
2.916667e+00 2.922500e+00 2.928333e+00 4.493266e-04
2.928333e+00 2.934167e+00 2.940000e+00 4.384181e-04
2.940000e+00 2.945833e+00 2.951667e+00 4.277705e-04
2.951667e+00 2.957500e+00 2.963333e+00 4.173777e-04
2.963333e+00 2.969167e+00 2.975000e+00 4.072336e-04
2.975000e+00 2.980833e+00 2.986667e+00 3.973326e-04
2.986667e+00 2.992500e+00 2.998333e+00 3.876689e-04
2.998333e+00 3.004167e+00 3.010000e+00 3.782370e-04
3.010000e+00 3.015833e+00 3.021667e+00 3.690314e-04
3.021667e+00 3.027500e+00 3.033333e+00 3.600469e-04
3.033333e+00 3.039167e+00 3.045000e+00 3.512782e-04
3.045000e+00 3.050833e+00 3.056667e+00 3.427203e-04
3.056667e+00 3.062500e+00 3.068333e+00 3.343682e-04
3.068333e+00 3.074167e+00 3.080000e+00 3.262171e-04
3.080000e+00 3.085833e+00 3.091667e+00 3.182623e-04
3.091667e+00 3.097500e+00 3.103333e+00 3.104990e-04
3.103333e+00 3.109167e+00 3.115000e+00 3.029229e-04
3.115000e+00 3.120833e+00 3.126667e+00 2.955295e-04
3.126667e+00 3.132500e+00 3.138333e+00 2.883144e-04
3.138333e+00 3.144167e+00 3.150000e+00 2.812735e-04
3.150000e+00 3.155833e+00 3.161667e+00 2.744027e-04
3.161667e+00 3.167500e+00 3.173333e+00 2.676978e-04
3.173333e+00 3.179167e+00 3.185000e+00 2.611550e-04
3.185000e+00 3.190833e+00 3.196667e+00 2.547704e-04
3.196667e+00 3.202500e+00 3.208333e+00 2.485403e-04
3.208333e+00 3.214167e+00 3.220000e+00 2.424609e-04
3.220000e+00 3.225833e+00 3.231667e+00 2.365288e-04
3.231667e+00 3.237500e+00 3.243333e+00 2.307404e-04
3.243333e+00 3.249167e+00 3.255000e+00 2.250922e-04
3.255000e+00 3.260833e+00 3.266667e+00 2.195810e-04
3.266667e+00 3.272500e+00 3.278333e+00 2.142035e-04
3.278333e+00 3.284167e+00 3.290000e+00 2.089564e-04
3.290000e+00 3.295833e+00 3.301667e+00 2.038367e-04
3.301667e+00 3.307500e+00 3.313333e+00 1.988413e-04
3.313333e+00 3.319167e+00 3.325000e+00 1.939673e-04
3.325000e+00 3.330833e+00 3.336667e+00 1.892117e-04
3.336667e+00 3.342500e+00 3.348333e+00 1.845718e-04
3.348333e+00 3.354167e+00 3.360000e+00 1.800447e-04
3.360000e+00 3.365833e+00 3.371667e+00 1.756277e-04
3.371667e+00 3.377500e+00 3.383333e+00 1.713182e-04
3.383333e+00 3.389167e+00 3.395000e+00 1.671136e-04
3.395000e+00 3.400833e+00 3.406667e+00 1.630114e-04
3.406667e+00 3.412500e+00 3.418333e+00 1.590092e-04
3.418333e+00 3.424167e+00 3.430000e+00 1.551045e-04
3.430000e+00 3.435833e+00 3.441667e+00 1.512949e-04
3.441667e+00 3.447500e+00 3.453333e+00 1.475783e-04
3.453333e+00 3.459167e+00 3.465000e+00 1.439523e-04
3.465000e+00 3.470833e+00 3.476667e+00 1.404148e-04
3.476667e+00 3.482500e+00 3.488333e+00 1.369637e-04
3.488333e+00 3.494167e+00 3.500000e+00 1.335968e-04
