1.000000e-06 5.834332e-03 1.166766e-02 3.233269e-05
1.166766e-02 1.750099e-02 2.333433e-02 2.685869e-04
2.333433e-02 2.916766e-02 3.500099e-02 6.943849e-04
3.500099e-02 4.083432e-02 4.666765e-02 1.272080e-03
4.666765e-02 5.250099e-02 5.833432e-02 1.971001e-03
5.833432e-02 6.416765e-02 7.000098e-02 2.765553e-03
7.000098e-02 7.583431e-02 8.166764e-02 3.634119e-03
8.166764e-02 8.750097e-02 9.333431e-02 4.558319e-03
9.333431e-02 9.916764e-02 1.050010e-01 5.522469e-03
1.050010e-01 1.108343e-01 1.166676e-01 6.513155e-03
1.166676e-01 1.225010e-01 1.283343e-01 7.518909e-03
1.283343e-01 1.341676e-01 1.400010e-01 8.529930e-03
1.400010e-01 1.458343e-01 1.516676e-01 9.537858e-03
1.516676e-01 1.575010e-01 1.633343e-01 1.053559e-02
1.633343e-01 1.691676e-01 1.750009e-01 1.151711e-02
1.750009e-01 1.808343e-01 1.866676e-01 1.247737e-02
1.866676e-01 1.925009e-01 1.983343e-01 1.341212e-02
1.983343e-01 2.041676e-01 2.100009e-01 1.431789e-02
2.100009e-01 2.158343e-01 2.216676e-01 1.519180e-02
2.216676e-01 2.275009e-01 2.333343e-01 1.603158e-02
2.333343e-01 2.391676e-01 2.450009e-01 1.683540e-02
2.450009e-01 2.508343e-01 2.566676e-01 1.760191e-02
2.566676e-01 2.625009e-01 2.683343e-01 1.833011e-02
2.683343e-01 2.741676e-01 2.800009e-01 1.901932e-02
2.800009e-01 2.858343e-01 2.916676e-01 1.966917e-02
2.916676e-01 2.975009e-01 3.033342e-01 2.027952e-02
3.033342e-01 3.091676e-01 3.150009e-01 2.085047e-02
3.150009e-01 3.208342e-01 3.266676e-01 2.138229e-02
3.266676e-01 3.325009e-01 3.383342e-01 2.187542e-02
3.383342e-01 3.441676e-01 3.500009e-01 2.233042e-02
3.500009e-01 3.558342e-01 3.616676e-01 2.274799e-02
3.616676e-01 3.675009e-01 3.733342e-01 2.312891e-02
3.733342e-01 3.791676e-01 3.850009e-01 2.347406e-02
3.850009e-01 3.908342e-01 3.966676e-01 2.378439e-02
3.966676e-01 4.025009e-01 4.083342e-01 2.406088e-02
4.083342e-01 4.141675e-01 4.200009e-01 2.430457e-02
4.200009e-01 4.258342e-01 4.316675e-01 2.451655e-02
4.316675e-01 4.375009e-01 4.433342e-01 2.469790e-02
4.433342e-01 4.491675e-01 4.550009e-01 2.484976e-02
4.550009e-01 4.608342e-01 4.666675e-01 2.497324e-02
4.666675e-01 4.725009e-01 4.783342e-01 2.506947e-02
4.783342e-01 4.841675e-01 4.900009e-01 2.513960e-02
4.900009e-01 4.958342e-01 5.016675e-01 2.518475e-02
5.016675e-01 5.075009e-01 5.133342e-01 2.520602e-02
5.133342e-01 5.191675e-01 5.250008e-01 2.520453e-02
5.250008e-01 5.308342e-01 5.366675e-01 2.518137e-02
5.366675e-01 5.425008e-01 5.483342e-01 2.513760e-02
5.483342e-01 5.541675e-01 5.600008e-01 2.507427e-02
5.600008e-01 5.658342e-01 5.716675e-01 2.499241e-02
5.716675e-01 5.775008e-01 5.833342e-01 2.489302e-02
5.833342e-01 5.891675e-01 5.950008e-01 2.477708e-02
5.950008e-01 6.008342e-01 6.066675e-01 2.464553e-02
6.066675e-01 6.125008e-01 6.183342e-01 2.449930e-02
6.183342e-01 6.241675e-01 6.300008e-01 2.433929e-02
6.300008e-01 6.358342e-01 6.416675e-01 2.416635e-02
6.416675e-01 6.475008e-01 6.533341e-01 2.398135e-02
6.533341e-01 6.591675e-01 6.650008e-01 2.378507e-02
6.650008e-01 6.708341e-01 6.766675e-01 2.357831e-02
6.766675e-01 6.825008e-01 6.883341e-01 2.336181e-02
6.883341e-01 6.941675e-01 7.000008e-01 2.313632e-02
7.000008e-01 7.058341e-01 7.116675e-01 2.290251e-02
7.116675e-01 7.175008e-01 7.233341e-01 2.266107e-02
7.233341e-01 7.291675e-01 7.350008e-01 2.241263e-02
7.350008e-01 7.408341e-01 7.466675e-01 2.215782e-02
7.466675e-01 7.525008e-01 7.583341e-01 2.189723e-02
7.583341e-01 7.641674e-01 7.700008e-01 2.163141e-02
7.700008e-01 7.758341e-01 7.816674e-01 2.136091e-02
7.816674e-01 7.875008e-01 7.933341e-01 2.108625e-02
7.933341e-01 7.991674e-01 8.050008e-01 2.080792e-02
8.050008e-01 8.108341e-01 8.166674e-01 2.052639e-02
8.166674e-01 8.225008e-01 8.283341e-01 2.024210e-02
8.283341e-01 8.341674e-01 8.400008e-01 1.995548e-02
8.400008e-01 8.458341e-01 8.516674e-01 1.966693e-02
8.516674e-01 8.575008e-01 8.633341e-01 1.937684e-02
8.633341e-01 8.691674e-01 8.750007e-01 1.908557e-02
8.750007e-01 8.808341e-01 8.866674e-01 1.879346e-02
8.866674e-01 8.925007e-01 8.983341e-01 1.850084e-02
8.983341e-01 9.041674e-01 9.100007e-01 1.820802e-02
9.100007e-01 9.158341e-01 9.216674e-01 1.791529e-02
9.216674e-01 9.275007e-01 9.333341e-01 1.762292e-02
9.333341e-01 9.391674e-01 9.450007e-01 1.733117e-02
9.450007e-01 9.508341e-01 9.566674e-01 1.704029e-02
9.566674e-01 9.625007e-01 9.683341e-01 1.675050e-02
9.683341e-01 9.741674e-01 9.800007e-01 1.646201e-02
9.800007e-01 9.858341e-01 9.916674e-01 1.617502e-02
9.916674e-01 9.975007e-01 1.003334e+00 1.588973e-02
1.003334e+00 1.009167e+00 1.015001e+00 1.560631e-02
1.015001e+00 1.020834e+00 1.026667e+00 1.532492e-02
1.026667e+00 1.032501e+00 1.038334e+00 1.504570e-02
1.038334e+00 1.044167e+00 1.050001e+00 1.476881e-02
1.050001e+00 1.055834e+00 1.061667e+00 1.449437e-02
1.061667e+00 1.067501e+00 1.073334e+00 1.422250e-02
1.073334e+00 1.079167e+00 1.085001e+00 1.395331e-02
1.085001e+00 1.090834e+00 1.096667e+00 1.368690e-02
1.096667e+00 1.102501e+00 1.108334e+00 1.342336e-02
1.108334e+00 1.114167e+00 1.120001e+00 1.316278e-02
1.120001e+00 1.125834e+00 1.131667e+00 1.290524e-02
1.131667e+00 1.137501e+00 1.143334e+00 1.265079e-02
1.143334e+00 1.149167e+00 1.155001e+00 1.239951e-02
1.155001e+00 1.160834e+00 1.166667e+00 1.215145e-02
1.166667e+00 1.172501e+00 1.178334e+00 1.190666e-02
1.178334e+00 1.184167e+00 1.190001e+00 1.166517e-02
1.190001e+00 1.195834e+00 1.201667e+00 1.142702e-02
1.201667e+00 1.207501e+00 1.213334e+00 1.119225e-02
1.213334e+00 1.219167e+00 1.225001e+00 1.096088e-02
1.225001e+00 1.230834e+00 1.236667e+00 1.073294e-02
1.236667e+00 1.242501e+00 1.248334e+00 1.050843e-02
1.248334e+00 1.254167e+00 1.260001e+00 1.028736e-02
1.260001e+00 1.265834e+00 1.271667e+00 1.006976e-02
1.271667e+00 1.277501e+00 1.283334e+00 9.855612e-03
1.283334e+00 1.289167e+00 1.295001e+00 9.644925e-03
1.295001e+00 1.300834e+00 1.306667e+00 9.437695e-03
1.306667e+00 1.312501e+00 1.318334e+00 9.233913e-03
1.318334e+00 1.324167e+00 1.330001e+00 9.033572e-03
1.330001e+00 1.335834e+00 1.341667e+00 8.836657e-03
1.341667e+00 1.347501e+00 1.353334e+00 8.643154e-03
1.353334e+00 1.359167e+00 1.365001e+00 8.453046e-03
1.365001e+00 1.370834e+00 1.376667e+00 8.266311e-03
1.376667e+00 1.382501e+00 1.388334e+00 8.082928e-03
1.388334e+00 1.394167e+00 1.400001e+00 7.902872e-03
1.400001e+00 1.405834e+00 1.411667e+00 7.726119e-03
1.411667e+00 1.417501e+00 1.423334e+00 7.552639e-03
1.423334e+00 1.429167e+00 1.435001e+00 7.382403e-03
1.435001e+00 1.440834e+00 1.446667e+00 7.215382e-03
1.446667e+00 1.452501e+00 1.458334e+00 7.051542e-03
1.458334e+00 1.464167e+00 1.470001e+00 6.890850e-03
1.470001e+00 1.475834e+00 1.481667e+00 6.733273e-03
1.481667e+00 1.487501e+00 1.493334e+00 6.578774e-03
1.493334e+00 1.499167e+00 1.505001e+00 6.427317e-03
1.505001e+00 1.510834e+00 1.516667e+00 6.278865e-03
1.516667e+00 1.522501e+00 1.528334e+00 6.133380e-03
1.528334e+00 1.534167e+00 1.540001e+00 5.990825e-03
1.540001e+00 1.545834e+00 1.551667e+00 5.851158e-03
1.551667e+00 1.557501e+00 1.563334e+00 5.714342e-03
1.563334e+00 1.569167e+00 1.575001e+00 5.580336e-03
1.575001e+00 1.580834e+00 1.586667e+00 5.449099e-03
1.586667e+00 1.592501e+00 1.598334e+00 5.320592e-03
1.598334e+00 1.604167e+00 1.610001e+00 5.194773e-03
1.610001e+00 1.615834e+00 1.621667e+00 5.071601e-03
1.621667e+00 1.627501e+00 1.633334e+00 4.951034e-03
1.633334e+00 1.639167e+00 1.645001e+00 4.833033e-03
1.645001e+00 1.650834e+00 1.656667e+00 4.717555e-03
1.656667e+00 1.662501e+00 1.668334e+00 4.604560e-03
1.668334e+00 1.674167e+00 1.680001e+00 4.494005e-03
1.680001e+00 1.685834e+00 1.691667e+00 4.385850e-03
1.691667e+00 1.697501e+00 1.703334e+00 4.280055e-03
1.703334e+00 1.709167e+00 1.715001e+00 4.176578e-03
1.715001e+00 1.720834e+00 1.726667e+00 4.075378e-03
1.726667e+00 1.732501e+00 1.738334e+00 3.976415e-03
1.738334e+00 1.744167e+00 1.750000e+00 3.879650e-03
1.750000e+00 1.755834e+00 1.761667e+00 3.785042e-03
1.761667e+00 1.767500e+00 1.773334e+00 3.692552e-03
1.773334e+00 1.779167e+00 1.785000e+00 3.602140e-03
1.785000e+00 1.790834e+00 1.796667e+00 3.513769e-03
1.796667e+00 1.802500e+00 1.808334e+00 3.427398e-03
1.808334e+00 1.814167e+00 1.820000e+00 3.342990e-03
1.820000e+00 1.825834e+00 1.831667e+00 3.260508e-03
1.831667e+00 1.837500e+00 1.843334e+00 3.179914e-03
1.843334e+00 1.849167e+00 1.855000e+00 3.101171e-03
1.855000e+00 1.860834e+00 1.866667e+00 3.024243e-03
1.866667e+00 1.872500e+00 1.878334e+00 2.949093e-03
1.878334e+00 1.884167e+00 1.890000e+00 2.875686e-03
1.890000e+00 1.895834e+00 1.901667e+00 2.803988e-03
1.901667e+00 1.907500e+00 1.913334e+00 2.733962e-03
1.913334e+00 1.919167e+00 1.925000e+00 2.665576e-03
1.925000e+00 1.930834e+00 1.936667e+00 2.598795e-03
1.936667e+00 1.942500e+00 1.948334e+00 2.533587e-03
1.948334e+00 1.954167e+00 1.960000e+00 2.469918e-03
1.960000e+00 1.965834e+00 1.971667e+00 2.407756e-03
1.971667e+00 1.977500e+00 1.983334e+00 2.347069e-03
1.983334e+00 1.989167e+00 1.995000e+00 2.287827e-03
1.995000e+00 2.000834e+00 2.006667e+00 2.229999e-03
2.006667e+00 2.012500e+00 2.018334e+00 2.173553e-03
2.018334e+00 2.024167e+00 2.030000e+00 2.118461e-03
2.030000e+00 2.035834e+00 2.041667e+00 2.064694e-03
2.041667e+00 2.047500e+00 2.053334e+00 2.012221e-03
2.053334e+00 2.059167e+00 2.065000e+00 1.961016e-03
2.065000e+00 2.070834e+00 2.076667e+00 1.911050e-03
2.076667e+00 2.082500e+00 2.088334e+00 1.862296e-03
2.088334e+00 2.094167e+00 2.100000e+00 1.814727e-03
2.100000e+00 2.105834e+00 2.111667e+00 1.768317e-03
2.111667e+00 2.117500e+00 2.123334e+00 1.723040e-03
2.123334e+00 2.129167e+00 2.135000e+00 1.678870e-03
2.135000e+00 2.140834e+00 2.146667e+00 1.635783e-03
2.146667e+00 2.152500e+00 2.158334e+00 1.593755e-03
2.158334e+00 2.164167e+00 2.170000e+00 1.552760e-03
2.170000e+00 2.175834e+00 2.181667e+00 1.512776e-03
2.181667e+00 2.187500e+00 2.193334e+00 1.473779e-03
2.193334e+00 2.199167e+00 2.205000e+00 1.435748e-03
2.205000e+00 2.210834e+00 2.216667e+00 1.398659e-03
2.216667e+00 2.222500e+00 2.228334e+00 1.362491e-03
2.228334e+00 2.234167e+00 2.240000e+00 1.327223e-03
2.240000e+00 2.245834e+00 2.251667e+00 1.292833e-03
2.251667e+00 2.257500e+00 2.263334e+00 1.259302e-03
2.263334e+00 2.269167e+00 2.275000e+00 1.226609e-03
2.275000e+00 2.280834e+00 2.286667e+00 1.194735e-03
2.286667e+00 2.292500e+00 2.298334e+00 1.163659e-03
2.298334e+00 2.304167e+00 2.310000e+00 1.133365e-03
2.310000e+00 2.315834e+00 2.321667e+00 1.103832e-03
2.321667e+00 2.327500e+00 2.333334e+00 1.075043e-03
2.333334e+00 2.339167e+00 2.345000e+00 1.046981e-03
2.345000e+00 2.350834e+00 2.356667e+00 1.019628e-03
2.356667e+00 2.362500e+00 2.368334e+00 9.929663e-04
2.368334e+00 2.374167e+00 2.380000e+00 9.669804e-04
2.380000e+00 2.385834e+00 2.391667e+00 9.416537e-04
2.391667e+00 2.397500e+00 2.403334e+00 9.169705e-04
2.403334e+00 2.409167e+00 2.415000e+00 8.929151e-04
2.415000e+00 2.420834e+00 2.426667e+00 8.694723e-04
2.426667e+00 2.432500e+00 2.438334e+00 8.466275e-04
2.438334e+00 2.444167e+00 2.450000e+00 8.243659e-04
2.450000e+00 2.455834e+00 2.461667e+00 8.026735e-04
2.461667e+00 2.467500e+00 2.473334e+00 7.815363e-04
2.473334e+00 2.479167e+00 2.485000e+00 7.609408e-04
2.485000e+00 2.490834e+00 2.496667e+00 7.408737e-04
2.496667e+00 2.502500e+00 2.508334e+00 7.213220e-04
2.508334e+00 2.514167e+00 2.520000e+00 7.022731e-04
2.520000e+00 2.525834e+00 2.531667e+00 6.837146e-04
2.531667e+00 2.537500e+00 2.543334e+00 6.656343e-04
2.543334e+00 2.549167e+00 2.555000e+00 6.480206e-04
2.555000e+00 2.560834e+00 2.566667e+00 6.308617e-04
2.566667e+00 2.572500e+00 2.578334e+00 6.141464e-04
2.578334e+00 2.584167e+00 2.590000e+00 5.978637e-04
2.590000e+00 2.595834e+00 2.601667e+00 5.820028e-04
2.601667e+00 2.607500e+00 2.613334e+00 5.665533e-04
2.613334e+00 2.619167e+00 2.625000e+00 5.515047e-04
2.625000e+00 2.630834e+00 2.636667e+00 5.368471e-04
2.636667e+00 2.642500e+00 2.648334e+00 5.225707e-04
2.648334e+00 2.654167e+00 2.660000e+00 5.086659e-04
2.660000e+00 2.665834e+00 2.671667e+00 4.951234e-04
2.671667e+00 2.677500e+00 2.683334e+00 4.819340e-04
2.683334e+00 2.689167e+00 2.695000e+00 4.690889e-04
2.695000e+00 2.700834e+00 2.706667e+00 4.565793e-04
2.706667e+00 2.712500e+00 2.718334e+00 4.443968e-04
2.718334e+00 2.724167e+00 2.730000e+00 4.325331e-04
2.730000e+00 2.735834e+00 2.741667e+00 4.209800e-04
2.741667e+00 2.747500e+00 2.753334e+00 4.097298e-04
2.753334e+00 2.759167e+00 2.765000e+00 3.987747e-04
2.765000e+00 2.770834e+00 2.776667e+00 3.881072e-04
2.776667e+00 2.782500e+00 2.788334e+00 3.777199e-04
2.788334e+00 2.794167e+00 2.800000e+00 3.676058e-04
2.800000e+00 2.805834e+00 2.811667e+00 3.577577e-04
2.811667e+00 2.817500e+00 2.823334e+00 3.481690e-04
2.823334e+00 2.829167e+00 2.835000e+00 3.388330e-04
2.835000e+00 2.840834e+00 2.846667e+00 3.297432e-04
2.846667e+00 2.852500e+00 2.858334e+00 3.208932e-04
2.858334e+00 2.864167e+00 2.870000e+00 3.122770e-04
2.870000e+00 2.875834e+00 2.881667e+00 3.038884e-04
2.881667e+00 2.887500e+00 2.893334e+00 2.957217e-04
2.893334e+00 2.899167e+00 2.905000e+00 2.877711e-04
2.905000e+00 2.910834e+00 2.916667e+00 2.800309e-04
2.916667e+00 2.922500e+00 2.928333e+00 2.724959e-04
2.928333e+00 2.934167e+00 2.940000e+00 2.651607e-04
2.940000e+00 2.945833e+00 2.951667e+00 2.580200e-04
2.951667e+00 2.957500e+00 2.963333e+00 2.510689e-04
2.963333e+00 2.969167e+00 2.975000e+00 2.443025e-04
2.975000e+00 2.980833e+00 2.986667e+00 2.377159e-04
2.986667e+00 2.992500e+00 2.998333e+00 2.313044e-04
2.998333e+00 3.004167e+00 3.010000e+00 2.250636e-04
3.010000e+00 3.015833e+00 3.021667e+00 2.189889e-04
3.021667e+00 3.027500e+00 3.033333e+00 2.130760e-04
3.033333e+00 3.039167e+00 3.045000e+00 2.073208e-04
3.045000e+00 3.050833e+00 3.056667e+00 2.017190e-04
3.056667e+00 3.062500e+00 3.068333e+00 1.962667e-04
3.068333e+00 3.074167e+00 3.080000e+00 1.909600e-04
3.080000e+00 3.085833e+00 3.091667e+00 1.857950e-04
3.091667e+00 3.097500e+00 3.103333e+00 1.807681e-04
3.103333e+00 3.109167e+00 3.115000e+00 1.758756e-04
3.115000e+00 3.120833e+00 3.126667e+00 1.711140e-04
3.126667e+00 3.132500e+00 3.138333e+00 1.664798e-04
3.138333e+00 3.144167e+00 3.150000e+00 1.619697e-04
3.150000e+00 3.155833e+00 3.161667e+00 1.575805e-04
3.161667e+00 3.167500e+00 3.173333e+00 1.533089e-04
3.173333e+00 3.179167e+00 3.185000e+00 1.491519e-04
3.185000e+00 3.190833e+00 3.196667e+00 1.451064e-04
3.196667e+00 3.202500e+00 3.208333e+00 1.411695e-04
3.208333e+00 3.214167e+00 3.220000e+00 1.373383e-04
3.220000e+00 3.225833e+00 3.231667e+00 1.336100e-04
3.231667e+00 3.237500e+00 3.243333e+00 1.299820e-04
3.243333e+00 3.249167e+00 3.255000e+00 1.264515e-04
3.255000e+00 3.260833e+00 3.266667e+00 1.230159e-04
3.266667e+00 3.272500e+00 3.278333e+00 1.196729e-04
3.278333e+00 3.284167e+00 3.290000e+00 1.164198e-04
3.290000e+00 3.295833e+00 3.301667e+00 1.132543e-04
3.301667e+00 3.307500e+00 3.313333e+00 1.101742e-04
3.313333e+00 3.319167e+00 3.325000e+00 1.071770e-04
3.325000e+00 3.330833e+00 3.336667e+00 1.042607e-04
3.336667e+00 3.342500e+00 3.348333e+00 1.014230e-04
3.348333e+00 3.354167e+00 3.360000e+00 9.866197e-05
3.360000e+00 3.365833e+00 3.371667e+00 9.597542e-05
3.371667e+00 3.377500e+00 3.383333e+00 9.336143e-05
3.383333e+00 3.389167e+00 3.395000e+00 9.081805e-05
3.395000e+00 3.400833e+00 3.406667e+00 8.834341e-05
3.406667e+00 3.412500e+00 3.418333e+00 8.593566e-05
3.418333e+00 3.424167e+00 3.430000e+00 8.359303e-05
3.430000e+00 3.435833e+00 3.441667e+00 8.131377e-05
3.441667e+00 3.447500e+00 3.453333e+00 7.909619e-05
3.453333e+00 3.459167e+00 3.465000e+00 7.693864e-05
3.465000e+00 3.470833e+00 3.476667e+00 7.483951e-05
3.476667e+00 3.482500e+00 3.488333e+00 7.279725e-05
3.488333e+00 3.494167e+00 3.500000e+00 7.081032e-05
