1.000000e-06 5.834332e-03 1.166766e-02 3.229847e-05
1.166766e-02 1.750099e-02 2.333433e-02 2.680486e-04
2.333433e-02 2.916766e-02 3.500099e-02 6.925796e-04
3.500099e-02 4.083432e-02 4.666765e-02 1.268229e-03
4.666765e-02 5.250099e-02 5.833432e-02 1.964404e-03
5.833432e-02 6.416765e-02 7.000098e-02 2.755625e-03
7.000098e-02 7.583431e-02 8.166764e-02 3.620408e-03
8.166764e-02 8.750097e-02 9.333431e-02 4.540504e-03
9.333431e-02 9.916764e-02 1.050010e-01 5.500356e-03
1.050010e-01 1.108343e-01 1.166676e-01 6.486671e-03
1.166676e-01 1.225010e-01 1.283343e-01 7.488089e-03
1.283343e-01 1.341676e-01 1.400010e-01 8.494903e-03
1.400010e-01 1.458343e-01 1.516676e-01 9.498841e-03
1.516676e-01 1.575010e-01 1.633343e-01 1.049287e-02
1.633343e-01 1.691676e-01 1.750009e-01 1.147104e-02
1.750009e-01 1.808343e-01 1.866676e-01 1.242834e-02
1.866676e-01 1.925009e-01 1.983343e-01 1.336058e-02
1.983343e-01 2.041676e-01 2.100009e-01 1.426431e-02
2.100009e-01 2.158343e-01 2.216676e-01 1.513669e-02
2.216676e-01 2.275009e-01 2.333343e-01 1.597544e-02
2.333343e-01 2.391676e-01 2.450009e-01 1.677877e-02
2.450009e-01 2.508343e-01 2.566676e-01 1.754532e-02
2.566676e-01 2.625009e-01 2.683343e-01 1.827407e-02
2.683343e-01 2.741676e-01 2.800009e-01 1.896437e-02
2.800009e-01 2.858343e-01 2.916676e-01 1.961582e-02
2.916676e-01 2.975009e-01 3.033342e-01 2.022829e-02
3.033342e-01 3.091676e-01 3.150009e-01 2.080183e-02
3.150009e-01 3.208342e-01 3.266676e-01 2.133671e-02
3.266676e-01 3.325009e-01 3.383342e-01 2.183335e-02
3.383342e-01 3.441676e-01 3.500009e-01 2.229229e-02
3.500009e-01 3.558342e-01 3.616676e-01 2.271419e-02
3.616676e-01 3.675009e-01 3.733342e-01 2.309984e-02
3.733342e-01 3.791676e-01 3.850009e-01 2.345007e-02
3.850009e-01 3.908342e-01 3.966676e-01 2.376580e-02
3.966676e-01 4.025009e-01 4.083342e-01 2.404799e-02
4.083342e-01 4.141675e-01 4.200009e-01 2.429768e-02
4.200009e-01 4.258342e-01 4.316675e-01 2.451589e-02
4.316675e-01 4.375009e-01 4.433342e-01 2.470371e-02
4.433342e-01 4.491675e-01 4.550009e-01 2.486224e-02
4.550009e-01 4.608342e-01 4.666675e-01 2.499256e-02
4.666675e-01 4.725009e-01 4.783342e-01 2.509580e-02
4.783342e-01 4.841675e-01 4.900009e-01 2.517306e-02
4.900009e-01 4.958342e-01 5.016675e-01 2.522544e-02
5.016675e-01 5.075009e-01 5.133342e-01 2.525404e-02
5.133342e-01 5.191675e-01 5.250008e-01 2.525994e-02
5.250008e-01 5.308342e-01 5.366675e-01 2.524421e-02
5.366675e-01 5.425008e-01 5.483342e-01 2.520790e-02
5.483342e-01 5.541675e-01 5.600008e-01 2.515204e-02
5.600008e-01 5.658342e-01 5.716675e-01 2.507763e-02
5.716675e-01 5.775008e-01 5.833342e-01 2.498566e-02
5.833342e-01 5.891675e-01 5.950008e-01 2.487710e-02
5.950008e-01 6.008342e-01 6.066675e-01 2.475288e-02
6.066675e-01 6.125008e-01 6.183342e-01 2.461390e-02
6.183342e-01 6.241675e-01 6.300008e-01 2.446105e-02
6.300008e-01 6.358342e-01 6.416675e-01 2.429519e-02
6.416675e-01 6.475008e-01 6.533341e-01 2.411714e-02
6.533341e-01 6.591675e-01 6.650008e-01 2.392770e-02
6.650008e-01 6.708341e-01 6.766675e-01 2.372766e-02
6.766675e-01 6.825008e-01 6.883341e-01 2.351774e-02
6.883341e-01 6.941675e-01 7.000008e-01 2.329867e-02
7.000008e-01 7.058341e-01 7.116675e-01 2.307114e-02
7.116675e-01 7.175008e-01 7.233341e-01 2.283581e-02
7.233341e-01 7.291675e-01 7.350008e-01 2.259333e-02
7.350008e-01 7.408341e-01 7.466675e-01 2.234430e-02
7.466675e-01 7.525008e-01 7.583341e-01 2.208930e-02
7.583341e-01 7.641674e-01 7.700008e-01 2.182891e-02
7.700008e-01 7.758341e-01 7.816674e-01 2.156366e-02
7.816674e-01 7.875008e-01 7.933341e-01 2.129405e-02
7.933341e-01 7.991674e-01 8.050008e-01 2.102059e-02
8.050008e-01 8.108341e-01 8.166674e-01 2.074373e-02
8.166674e-01 8.225008e-01 8.283341e-01 2.046393e-02
8.283341e-01 8.341674e-01 8.400008e-01 2.018160e-02
8.400008e-01 8.458341e-01 8.516674e-01 1.989715e-02
8.516674e-01 8.575008e-01 8.633341e-01 1.961097e-02
8.633341e-01 8.691674e-01 8.750007e-01 1.932341e-02
8.750007e-01 8.808341e-01 8.866674e-01 1.903483e-02
8.866674e-01 8.925007e-01 8.983341e-01 1.874554e-02
8.983341e-01 9.041674e-01 9.100007e-01 1.845586e-02
9.100007e-01 9.158341e-01 9.216674e-01 1.816608e-02
9.216674e-01 9.275007e-01 9.333341e-01 1.787648e-02
9.333341e-01 9.391674e-01 9.450007e-01 1.758731e-02
9.450007e-01 9.508341e-01 9.566674e-01 1.729882e-02
9.566674e-01 9.625007e-01 9.683341e-01 1.701124e-02
9.683341e-01 9.741674e-01 9.800007e-01 1.672479e-02
9.800007e-01 9.858341e-01 9.916674e-01 1.643968e-02
9.916674e-01 9.975007e-01 1.003334e+00 1.615608e-02
1.003334e+00 1.009167e+00 1.015001e+00 1.587418e-02
1.015001e+00 1.020834e+00 1.026667e+00 1.559415e-02
1.026667e+00 1.032501e+00 1.038334e+00 1.531613e-02
1.038334e+00 1.044167e+00 1.050001e+00 1.504028e-02
1.050001e+00 1.055834e+00 1.061667e+00 1.476672e-02
1.061667e+00 1.067501e+00 1.073334e+00 1.449558e-02
1.073334e+00 1.079167e+00 1.085001e+00 1.422697e-02
1.085001e+00 1.090834e+00 1.096667e+00 1.396100e-02
1.096667e+00 1.102501e+00 1.108334e+00 1.369777e-02
1.108334e+00 1.114167e+00 1.120001e+00 1.343735e-02
1.120001e+00 1.125834e+00 1.131667e+00 1.317984e-02
1.131667e+00 1.137501e+00 1.143334e+00 1.292530e-02
1.143334e+00 1.149167e+00 1.155001e+00 1.267380e-02
1.155001e+00 1.160834e+00 1.166667e+00 1.242539e-02
1.166667e+00 1.172501e+00 1.178334e+00 1.218013e-02
1.178334e+00 1.184167e+00 1.190001e+00 1.193807e-02
1.190001e+00 1.195834e+00 1.201667e+00 1.169924e-02
1.201667e+00 1.207501e+00 1.213334e+00 1.146368e-02
1.213334e+00 1.219167e+00 1.225001e+00 1.123142e-02
1.225001e+00 1.230834e+00 1.236667e+00 1.100249e-02
1.236667e+00 1.242501e+00 1.248334e+00 1.077689e-02
1.248334e+00 1.254167e+00 1.260001e+00 1.055466e-02
1.260001e+00 1.265834e+00 1.271667e+00 1.033579e-02
1.271667e+00 1.277501e+00 1.283334e+00 1.012030e-02
1.283334e+00 1.289167e+00 1.295001e+00 9.908188e-03
1.295001e+00 1.300834e+00 1.306667e+00 9.699457e-03
1.306667e+00 1.312501e+00 1.318334e+00 9.494101e-03
1.318334e+00 1.324167e+00 1.330001e+00 9.292116e-03
1.330001e+00 1.335834e+00 1.341667e+00 9.093492e-03
1.341667e+00 1.347501e+00 1.353334e+00 8.898215e-03
1.353334e+00 1.359167e+00 1.365001e+00 8.706274e-03
1.365001e+00 1.370834e+00 1.376667e+00 8.517649e-03
1.376667e+00 1.382501e+00 1.388334e+00 8.332322e-03
1.388334e+00 1.394167e+00 1.400001e+00 8.150272e-03
1.400001e+00 1.405834e+00 1.411667e+00 7.971476e-03
1.411667e+00 1.417501e+00 1.423334e+00 7.795908e-03
1.423334e+00 1.429167e+00 1.435001e+00 7.623543e-03
1.435001e+00 1.440834e+00 1.446667e+00 7.454352e-03
1.446667e+00 1.452501e+00 1.458334e+00 7.288306e-03
1.458334e+00 1.464167e+00 1.470001e+00 7.125374e-03
1.470001e+00 1.475834e+00 1.481667e+00 6.965525e-03
1.481667e+00 1.487501e+00 1.493334e+00 6.808724e-03
1.493334e+00 1.499167e+00 1.505001e+00 6.654938e-03
1.505001e+00 1.510834e+00 1.516667e+00 6.504133e-03
1.516667e+00 1.522501e+00 1.528334e+00 6.356273e-03
1.528334e+00 1.534167e+00 1.540001e+00 6.211321e-03
1.540001e+00 1.545834e+00 1.551667e+00 6.069240e-03
1.551667e+00 1.557501e+00 1.563334e+00 5.929993e-03
1.563334e+00 1.569167e+00 1.575001e+00 5.793542e-03
1.575001e+00 1.580834e+00 1.586667e+00 5.659848e-03
1.586667e+00 1.592501e+00 1.598334e+00 5.528873e-03
1.598334e+00 1.604167e+00 1.610001e+00 5.400577e-03
1.610001e+00 1.615834e+00 1.621667e+00 5.274921e-03
1.621667e+00 1.627501e+00 1.633334e+00 5.151866e-03
1.633334e+00 1.639167e+00 1.645001e+00 5.031372e-03
1.645001e+00 1.650834e+00 1.656667e+00 4.913399e-03
1.656667e+00 1.662501e+00 1.668334e+00 4.797908e-03
1.668334e+00 1.674167e+00 1.680001e+00 4.684858e-03
1.680001e+00 1.685834e+00 1.691667e+00 4.574210e-03
1.691667e+00 1.697501e+00 1.703334e+00 4.465924e-03
1.703334e+00 1.709167e+00 1.715001e+00 4.359962e-03
1.715001e+00 1.720834e+00 1.726667e+00 4.256282e-03
1.726667e+00 1.732501e+00 1.738334e+00 4.154847e-03
1.738334e+00 1.744167e+00 1.750000e+00 4.055617e-03
1.750000e+00 1.755834e+00 1.761667e+00 3.958553e-03
1.761667e+00 1.767500e+00 1.773334e+00 3.863617e-03
1.773334e+00 1.779167e+00 1.785000e+00 3.770770e-03
1.785000e+00 1.790834e+00 1.796667e+00 3.679975e-03
1.796667e+00 1.802500e+00 1.808334e+00 3.591194e-03
1.808334e+00 1.814167e+00 1.820000e+00 3.504390e-03
1.820000e+00 1.825834e+00 1.831667e+00 3.419526e-03
1.831667e+00 1.837500e+00 1.843334e+00 3.336564e-03
1.843334e+00 1.849167e+00 1.855000e+00 3.255470e-03
1.855000e+00 1.860834e+00 1.866667e+00 3.176207e-03
1.866667e+00 1.872500e+00 1.878334e+00 3.098739e-03
1.878334e+00 1.884167e+00 1.890000e+00 3.023032e-03
1.890000e+00 1.895834e+00 1.901667e+00 2.949052e-03
1.901667e+00 1.907500e+00 1.913334e+00 2.876763e-03
1.913334e+00 1.919167e+00 1.925000e+00 2.806133e-03
1.925000e+00 1.930834e+00 1.936667e+00 2.737128e-03
1.936667e+00 1.942500e+00 1.948334e+00 2.669715e-03
1.948334e+00 1.954167e+00 1.960000e+00 2.603863e-03
1.960000e+00 1.965834e+00 1.971667e+00 2.539538e-03
1.971667e+00 1.977500e+00 1.983334e+00 2.476710e-03
1.983334e+00 1.989167e+00 1.995000e+00 2.415348e-03
1.995000e+00 2.000834e+00 2.006667e+00 2.355421e-03
2.006667e+00 2.012500e+00 2.018334e+00 2.296900e-03
2.018334e+00 2.024167e+00 2.030000e+00 2.239754e-03
2.030000e+00 2.035834e+00 2.041667e+00 2.183955e-03
2.041667e+00 2.047500e+00 2.053334e+00 2.129474e-03
2.053334e+00 2.059167e+00 2.065000e+00 2.076283e-03
2.065000e+00 2.070834e+00 2.076667e+00 2.024354e-03
2.076667e+00 2.082500e+00 2.088334e+00 1.973660e-03
2.088334e+00 2.094167e+00 2.100000e+00 1.924175e-03
2.100000e+00 2.105834e+00 2.111667e+00 1.875872e-03
2.111667e+00 2.117500e+00 2.123334e+00 1.828725e-03
2.123334e+00 2.129167e+00 2.135000e+00 1.782709e-03
2.135000e+00 2.140834e+00 2.146667e+00 1.737800e-03
2.146667e+00 2.152500e+00 2.158334e+00 1.693972e-03
2.158334e+00 2.164167e+00 2.170000e+00 1.651201e-03
2.170000e+00 2.175834e+00 2.181667e+00 1.609465e-03
2.181667e+00 2.187500e+00 2.193334e+00 1.568740e-03
2.193334e+00 2.199167e+00 2.205000e+00 1.529003e-03
2.205000e+00 2.210834e+00 2.216667e+00 1.490232e-03
2.216667e+00 2.222500e+00 2.228334e+00 1.452406e-03
2.228334e+00 2.234167e+00 2.240000e+00 1.415502e-03
2.240000e+00 2.245834e+00 2.251667e+00 1.379501e-03
2.251667e+00 2.257500e+00 2.263334e+00 1.344381e-03
2.263334e+00 2.269167e+00 2.275000e+00 1.310121e-03
2.275000e+00 2.280834e+00 2.286667e+00 1.276704e-03
2.286667e+00 2.292500e+00 2.298334e+00 1.244108e-03
2.298334e+00 2.304167e+00 2.310000e+00 1.212316e-03
2.310000e+00 2.315834e+00 2.321667e+00 1.181307e-03
2.321667e+00 2.327500e+00 2.333334e+00 1.151066e-03
2.333334e+00 2.339167e+00 2.345000e+00 1.121572e-03
2.345000e+00 2.350834e+00 2.356667e+00 1.092810e-03
2.356667e+00 2.362500e+00 2.368334e+00 1.064762e-03
2.368334e+00 2.374167e+00 2.380000e+00 1.037410e-03
2.380000e+00 2.385834e+00 2.391667e+00 1.010740e-03
2.391667e+00 2.397500e+00 2.403334e+00 9.847341e-04
2.403334e+00 2.409167e+00 2.415000e+00 9.593773e-04
2.415000e+00 2.420834e+00 2.426667e+00 9.346541e-04
2.426667e+00 2.432500e+00 2.438334e+00 9.105495e-04
2.438334e+00 2.444167e+00 2.450000e+00 8.870488e-04
2.450000e+00 2.455834e+00 2.461667e+00 8.641375e-04
2.461667e+00 2.467500e+00 2.473334e+00 8.418016e-04
2.473334e+00 2.479167e+00 2.485000e+00 8.200273e-04
2.485000e+00 2.490834e+00 2.496667e+00 7.988011e-04
2.496667e+00 2.502500e+00 2.508334e+00 7.781098e-04
2.508334e+00 2.514167e+00 2.520000e+00 7.579406e-04
2.520000e+00 2.525834e+00 2.531667e+00 7.382809e-04
2.531667e+00 2.537500e+00 2.543334e+00 7.191183e-04
2.543334e+00 2.549167e+00 2.555000e+00 7.004408e-04
2.555000e+00 2.560834e+00 2.566667e+00 6.822365e-04
2.566667e+00 2.572500e+00 2.578334e+00 6.644941e-04
2.578334e+00 2.584167e+00 2.590000e+00 6.472022e-04
2.590000e+00 2.595834e+00 2.601667e+00 6.303498e-04
2.601667e+00 2.607500e+00 2.613334e+00 6.139263e-04
2.613334e+00 2.619167e+00 2.625000e+00 5.979210e-04
2.625000e+00 2.630834e+00 2.636667e+00 5.823238e-04
2.636667e+00 2.642500e+00 2.648334e+00 5.671245e-04
2.648334e+00 2.654167e+00 2.660000e+00 5.523135e-04
2.660000e+00 2.665834e+00 2.671667e+00 5.378811e-04
2.671667e+00 2.677500e+00 2.683334e+00 5.238181e-04
2.683334e+00 2.689167e+00 2.695000e+00 5.101152e-04
2.695000e+00 2.700834e+00 2.706667e+00 4.967635e-04
2.706667e+00 2.712500e+00 2.718334e+00 4.837544e-04
2.718334e+00 2.724167e+00 2.730000e+00 4.710793e-04
2.730000e+00 2.735834e+00 2.741667e+00 4.587299e-04
2.741667e+00 2.747500e+00 2.753334e+00 4.466982e-04
2.753334e+00 2.759167e+00 2.765000e+00 4.349761e-04
2.765000e+00 2.770834e+00 2.776667e+00 4.235561e-04
2.776667e+00 2.782500e+00 2.788334e+00 4.124304e-04
2.788334e+00 2.794167e+00 2.800000e+00 4.015918e-04
2.800000e+00 2.805834e+00 2.811667e+00 3.910330e-04
2.811667e+00 2.817500e+00 2.823334e+00 3.807471e-04
2.823334e+00 2.829167e+00 2.835000e+00 3.707271e-04
2.835000e+00 2.840834e+00 2.846667e+00 3.609665e-04
2.846667e+00 2.852500e+00 2.858334e+00 3.514586e-04
2.858334e+00 2.864167e+00 2.870000e+00 3.421970e-04
2.870000e+00 2.875834e+00 2.881667e+00 3.331757e-04
2.881667e+00 2.887500e+00 2.893334e+00 3.243884e-04
2.893334e+00 2.899167e+00 2.905000e+00 3.158293e-04
2.905000e+00 2.910834e+00 2.916667e+00 3.074926e-04
2.916667e+00 2.922500e+00 2.928333e+00 2.993727e-04
2.928333e+00 2.934167e+00 2.940000e+00 2.914640e-04
2.940000e+00 2.945833e+00 2.951667e+00 2.837612e-04
2.951667e+00 2.957500e+00 2.963333e+00 2.762590e-04
2.963333e+00 2.969167e+00 2.975000e+00 2.689525e-04
2.975000e+00 2.980833e+00 2.986667e+00 2.618364e-04
2.986667e+00 2.992500e+00 2.998333e+00 2.549061e-04
2.998333e+00 3.004167e+00 3.010000e+00 2.481567e-04
3.010000e+00 3.015833e+00 3.021667e+00 2.415837e-04
3.021667e+00 3.027500e+00 3.033333e+00 2.351825e-04
3.033333e+00 3.039167e+00 3.045000e+00 2.289487e-04
3.045000e+00 3.050833e+00 3.056667e+00 2.228781e-04
3.056667e+00 3.062500e+00 3.068333e+00 2.169664e-04
3.068333e+00 3.074167e+00 3.080000e+00 2.112096e-04
3.080000e+00 3.085833e+00 3.091667e+00 2.056037e-04
3.091667e+00 3.097500e+00 3.103333e+00 2.001448e-04
3.103333e+00 3.109167e+00 3.115000e+00 1.948292e-04
3.115000e+00 3.120833e+00 3.126667e+00 1.896531e-04
3.126667e+00 3.132500e+00 3.138333e+00 1.846130e-04
3.138333e+00 3.144167e+00 3.150000e+00 1.797052e-04
3.150000e+00 3.155833e+00 3.161667e+00 1.749266e-04
3.161667e+00 3.167500e+00 3.173333e+00 1.702736e-04
3.173333e+00 3.179167e+00 3.185000e+00 1.657431e-04
3.185000e+00 3.190833e+00 3.196667e+00 1.613318e-04
3.196667e+00 3.202500e+00 3.208333e+00 1.570367e-04
3.208333e+00 3.214167e+00 3.220000e+00 1.528548e-04
3.220000e+00 3.225833e+00 3.231667e+00 1.487832e-04
3.231667e+00 3.237500e+00 3.243333e+00 1.448189e-04
3.243333e+00 3.249167e+00 3.255000e+00 1.409592e-04
3.255000e+00 3.260833e+00 3.266667e+00 1.372015e-04
3.266667e+00 3.272500e+00 3.278333e+00 1.335429e-04
3.278333e+00 3.284167e+00 3.290000e+00 1.299810e-04
3.290000e+00 3.295833e+00 3.301667e+00 1.265132e-04
3.301667e+00 3.307500e+00 3.313333e+00 1.231371e-04
3.313333e+00 3.319167e+00 3.325000e+00 1.198504e-04
3.325000e+00 3.330833e+00 3.336667e+00 1.166505e-04
3.336667e+00 3.342500e+00 3.348333e+00 1.135354e-04
3.348333e+00 3.354167e+00 3.360000e+00 1.105028e-04
3.360000e+00 3.365833e+00 3.371667e+00 1.075504e-04
3.371667e+00 3.377500e+00 3.383333e+00 1.046764e-04
3.383333e+00 3.389167e+00 3.395000e+00 1.018785e-04
3.395000e+00 3.400833e+00 3.406667e+00 9.915475e-05
3.406667e+00 3.412500e+00 3.418333e+00 9.650329e-05
3.418333e+00 3.424167e+00 3.430000e+00 9.392219e-05
3.430000e+00 3.435833e+00 3.441667e+00 9.140960e-05
3.441667e+00 3.447500e+00 3.453333e+00 8.896373e-05
3.453333e+00 3.459167e+00 3.465000e+00 8.658282e-05
3.465000e+00 3.470833e+00 3.476667e+00 8.426518e-05
3.476667e+00 3.482500e+00 3.488333e+00 8.200913e-05
3.488333e+00 3.494167e+00 3.500000e+00 7.981306e-05
