1.000000e-06 5.834332e-03 1.166766e-02 3.196033e-05
1.166766e-02 1.750099e-02 2.333433e-02 2.629054e-04
2.333433e-02 2.916766e-02 3.500099e-02 6.756234e-04
3.500099e-02 4.083432e-02 4.666765e-02 1.232483e-03
4.666765e-02 5.250099e-02 5.833432e-02 1.903716e-03
5.833432e-02 6.416765e-02 7.000098e-02 2.664972e-03
7.000098e-02 7.583431e-02 8.166764e-02 3.495986e-03
8.166764e-02 8.750097e-02 9.333431e-02 4.379725e-03
9.333431e-02 9.916764e-02 1.050010e-01 5.301777e-03
1.050010e-01 1.108343e-01 1.166676e-01 6.249905e-03
1.166676e-01 1.225010e-01 1.283343e-01 7.213695e-03
1.283343e-01 1.341676e-01 1.400010e-01 8.184281e-03
1.400010e-01 1.458343e-01 1.516676e-01 9.154117e-03
1.516676e-01 1.575010e-01 1.633343e-01 1.011679e-02
1.633343e-01 1.691676e-01 1.750009e-01 1.106688e-02
1.750009e-01 1.808343e-01 1.866676e-01 1.199980e-02
1.866676e-01 1.925009e-01 1.983343e-01 1.291172e-02
1.983343e-01 2.041676e-01 2.100009e-01 1.379943e-02
2.100009e-01 2.158343e-01 2.216676e-01 1.466030e-02
2.216676e-01 2.275009e-01 2.333343e-01 1.549220e-02
2.333343e-01 2.391676e-01 2.450009e-01 1.629339e-02
2.450009e-01 2.508343e-01 2.566676e-01 1.706256e-02
2.566676e-01 2.625009e-01 2.683343e-01 1.779867e-02
2.683343e-01 2.741676e-01 2.800009e-01 1.850101e-02
2.800009e-01 2.858343e-01 2.916676e-01 1.916910e-02
2.916676e-01 2.975009e-01 3.033342e-01 1.980268e-02
3.033342e-01 3.091676e-01 3.150009e-01 2.040168e-02
3.150009e-01 3.208342e-01 3.266676e-01 2.096621e-02
3.266676e-01 3.325009e-01 3.383342e-01 2.149649e-02
3.383342e-01 3.441676e-01 3.500009e-01 2.199288e-02
3.500009e-01 3.558342e-01 3.616676e-01 2.245587e-02
3.616676e-01 3.675009e-01 3.733342e-01 2.288599e-02
3.733342e-01 3.791676e-01 3.850009e-01 2.328387e-02
3.850009e-01 3.908342e-01 3.966676e-01 2.365023e-02
3.966676e-01 4.025009e-01 4.083342e-01 2.398580e-02
4.083342e-01 4.141675e-01 4.200009e-01 2.429137e-02
4.200009e-01 4.258342e-01 4.316675e-01 2.456778e-02
4.316675e-01 4.375009e-01 4.433342e-01 2.481587e-02
4.433342e-01 4.491675e-01 4.550009e-01 2.503652e-02
4.550009e-01 4.608342e-01 4.666675e-01 2.523063e-02
4.666675e-01 4.725009e-01 4.783342e-01 2.539909e-02
4.783342e-01 4.841675e-01 4.900009e-01 2.554280e-02
4.900009e-01 4.958342e-01 5.016675e-01 2.566267e-02
5.016675e-01 5.075009e-01 5.133342e-01 2.575961e-02
5.133342e-01 5.191675e-01 5.250008e-01 2.583452e-02
5.250008e-01 5.308342e-01 5.366675e-01 2.588828e-02
5.366675e-01 5.425008e-01 5.483342e-01 2.592177e-02
5.483342e-01 5.541675e-01 5.600008e-01 2.593587e-02
5.600008e-01 5.658342e-01 5.716675e-01 2.593143e-02
5.716675e-01 5.775008e-01 5.833342e-01 2.590928e-02
5.833342e-01 5.891675e-01 5.950008e-01 2.587024e-02
5.950008e-01 6.008342e-01 6.066675e-01 2.581513e-02
6.066675e-01 6.125008e-01 6.183342e-01 2.574471e-02
6.183342e-01 6.241675e-01 6.300008e-01 2.565977e-02
6.300008e-01 6.358342e-01 6.416675e-01 2.556104e-02
6.416675e-01 6.475008e-01 6.533341e-01 2.544926e-02
6.533341e-01 6.591675e-01 6.650008e-01 2.532512e-02
6.650008e-01 6.708341e-01 6.766675e-01 2.518930e-02
6.766675e-01 6.825008e-01 6.883341e-01 2.504248e-02
6.883341e-01 6.941675e-01 7.000008e-01 2.488530e-02
7.000008e-01 7.058341e-01 7.116675e-01 2.471837e-02
7.116675e-01 7.175008e-01 7.233341e-01 2.454230e-02
7.233341e-01 7.291675e-01 7.350008e-01 2.435767e-02
7.350008e-01 7.408341e-01 7.466675e-01 2.416504e-02
7.466675e-01 7.525008e-01 7.583341e-01 2.396495e-02
7.583341e-01 7.641674e-01 7.700008e-01 2.375792e-02
7.700008e-01 7.758341e-01 7.816674e-01 2.354444e-02
7.816674e-01 7.875008e-01 7.933341e-01 2.332501e-02
7.933341e-01 7.991674e-01 8.050008e-01 2.310009e-02
8.050008e-01 8.108341e-01 8.166674e-01 2.287012e-02
8.166674e-01 8.225008e-01 8.283341e-01 2.263552e-02
8.283341e-01 8.341674e-01 8.400008e-01 2.239672e-02
8.400008e-01 8.458341e-01 8.516674e-01 2.215409e-02
8.516674e-01 8.575008e-01 8.633341e-01 2.190803e-02
8.633341e-01 8.691674e-01 8.750007e-01 2.165888e-02
8.750007e-01 8.808341e-01 8.866674e-01 2.140700e-02
8.866674e-01 8.925007e-01 8.983341e-01 2.115270e-02
8.983341e-01 9.041674e-01 9.100007e-01 2.089631e-02
9.100007e-01 9.158341e-01 9.216674e-01 2.063813e-02
9.216674e-01 9.275007e-01 9.333341e-01 2.037845e-02
9.333341e-01 9.391674e-01 9.450007e-01 2.011752e-02
9.450007e-01 9.508341e-01 9.566674e-01 1.985563e-02
9.566674e-01 9.625007e-01 9.683341e-01 1.959300e-02
9.683341e-01 9.741674e-01 9.800007e-01 1.932988e-02
9.800007e-01 9.858341e-01 9.916674e-01 1.906649e-02
9.916674e-01 9.975007e-01 1.003334e+00 1.880305e-02
1.003334e+00 1.009167e+00 1.015001e+00 1.853974e-02
1.015001e+00 1.020834e+00 1.026667e+00 1.827677e-02
1.026667e+00 1.032501e+00 1.038334e+00 1.801431e-02
1.038334e+00 1.044167e+00 1.050001e+00 1.775254e-02
1.050001e+00 1.055834e+00 1.061667e+00 1.749161e-02
1.061667e+00 1.067501e+00 1.073334e+00 1.723167e-02
1.073334e+00 1.079167e+00 1.085001e+00 1.697287e-02
1.085001e+00 1.090834e+00 1.096667e+00 1.671535e-02
1.096667e+00 1.102501e+00 1.108334e+00 1.645922e-02
1.108334e+00 1.114167e+00 1.120001e+00 1.620461e-02
1.120001e+00 1.125834e+00 1.131667e+00 1.595163e-02
1.131667e+00 1.137501e+00 1.143334e+00 1.570038e-02
1.143334e+00 1.149167e+00 1.155001e+00 1.545095e-02
1.155001e+00 1.160834e+00 1.166667e+00 1.520345e-02
1.166667e+00 1.172501e+00 1.178334e+00 1.495795e-02
1.178334e+00 1.184167e+00 1.190001e+00 1.471453e-02
1.190001e+00 1.195834e+00 1.201667e+00 1.447327e-02
1.201667e+00 1.207501e+00 1.213334e+00 1.423422e-02
1.213334e+00 1.219167e+00 1.225001e+00 1.399746e-02
1.225001e+00 1.230834e+00 1.236667e+00 1.376304e-02
1.236667e+00 1.242501e+00 1.248334e+00 1.353100e-02
1.248334e+00 1.254167e+00 1.260001e+00 1.330140e-02
1.260001e+00 1.265834e+00 1.271667e+00 1.307428e-02
1.271667e+00 1.277501e+00 1.283334e+00 1.284967e-02
1.283334e+00 1.289167e+00 1.295001e+00 1.262761e-02
1.295001e+00 1.300834e+00 1.306667e+00 1.240814e-02
1.306667e+00 1.312501e+00 1.318334e+00 1.219127e-02
1.318334e+00 1.324167e+00 1.330001e+00 1.197704e-02
1.330001e+00 1.335834e+00 1.341667e+00 1.176545e-02
1.341667e+00 1.347501e+00 1.353334e+00 1.155653e-02
1.353334e+00 1.359167e+00 1.365001e+00 1.135030e-02
1.365001e+00 1.370834e+00 1.376667e+00 1.114676e-02
1.376667e+00 1.382501e+00 1.388334e+00 1.094591e-02
1.388334e+00 1.394167e+00 1.400001e+00 1.074778e-02
1.400001e+00 1.405834e+00 1.411667e+00 1.055235e-02
1.411667e+00 1.417501e+00 1.423334e+00 1.035963e-02
1.423334e+00 1.429167e+00 1.435001e+00 1.016963e-02
1.435001e+00 1.440834e+00 1.446667e+00 9.982328e-03
1.446667e+00 1.452501e+00 1.458334e+00 9.797730e-03
1.458334e+00 1.464167e+00 1.470001e+00 9.615827e-03
1.470001e+00 1.475834e+00 1.481667e+00 9.436609e-03
1.481667e+00 1.487501e+00 1.493334e+00 9.260067e-03
1.493334e+00 1.499167e+00 1.505001e+00 9.086189e-03
1.505001e+00 1.510834e+00 1.516667e+00 8.914962e-03
1.516667e+00 1.522501e+00 1.528334e+00 8.746371e-03
1.528334e+00 1.534167e+00 1.540001e+00 8.580401e-03
1.540001e+00 1.545834e+00 1.551667e+00 8.417034e-03
1.551667e+00 1.557501e+00 1.563334e+00 8.256253e-03
1.563334e+00 1.569167e+00 1.575001e+00 8.098038e-03
1.575001e+00 1.580834e+00 1.586667e+00 7.942371e-03
1.586667e+00 1.592501e+00 1.598334e+00 7.789229e-03
1.598334e+00 1.604167e+00 1.610001e+00 7.638591e-03
1.610001e+00 1.615834e+00 1.621667e+00 7.490435e-03
1.621667e+00 1.627501e+00 1.633334e+00 7.344737e-03
1.633334e+00 1.639167e+00 1.645001e+00 7.201474e-03
1.645001e+00 1.650834e+00 1.656667e+00 7.060622e-03
1.656667e+00 1.662501e+00 1.668334e+00 6.922156e-03
1.668334e+00 1.674167e+00 1.680001e+00 6.786050e-03
1.680001e+00 1.685834e+00 1.691667e+00 6.652279e-03
1.691667e+00 1.697501e+00 1.703334e+00 6.520816e-03
1.703334e+00 1.709167e+00 1.715001e+00 6.391635e-03
1.715001e+00 1.720834e+00 1.726667e+00 6.264709e-03
1.726667e+00 1.732501e+00 1.738334e+00 6.140011e-03
1.738334e+00 1.744167e+00 1.750000e+00 6.017515e-03
1.750000e+00 1.755834e+00 1.761667e+00 5.897191e-03
1.761667e+00 1.767500e+00 1.773334e+00 5.779013e-03
1.773334e+00 1.779167e+00 1.785000e+00 5.662953e-03
1.785000e+00 1.790834e+00 1.796667e+00 5.548983e-03
1.796667e+00 1.802500e+00 1.808334e+00 5.437074e-03
1.808334e+00 1.814167e+00 1.820000e+00 5.327200e-03
1.820000e+00 1.825834e+00 1.831667e+00 5.219331e-03
1.831667e+00 1.837500e+00 1.843334e+00 5.113440e-03
1.843334e+00 1.849167e+00 1.855000e+00 5.009499e-03
1.855000e+00 1.860834e+00 1.866667e+00 4.907479e-03
1.866667e+00 1.872500e+00 1.878334e+00 4.807353e-03
1.878334e+00 1.884167e+00 1.890000e+00 4.709093e-03
1.890000e+00 1.895834e+00 1.901667e+00 4.612671e-03
1.901667e+00 1.907500e+00 1.913334e+00 4.518059e-03
1.913334e+00 1.919167e+00 1.925000e+00 4.425231e-03
1.925000e+00 1.930834e+00 1.936667e+00 4.334157e-03
1.936667e+00 1.942500e+00 1.948334e+00 4.244813e-03
1.948334e+00 1.954167e+00 1.960000e+00 4.157169e-03
1.960000e+00 1.965834e+00 1.971667e+00 4.071200e-03
1.971667e+00 1.977500e+00 1.983334e+00 3.986878e-03
1.983334e+00 1.989167e+00 1.995000e+00 3.904177e-03
1.995000e+00 2.000834e+00 2.006667e+00 3.823072e-03
2.006667e+00 2.012500e+00 2.018334e+00 3.743535e-03
2.018334e+00 2.024167e+00 2.030000e+00 3.665541e-03
2.030000e+00 2.035834e+00 2.041667e+00 3.589065e-03
2.041667e+00 2.047500e+00 2.053334e+00 3.514081e-03
2.053334e+00 2.059167e+00 2.065000e+00 3.440564e-03
2.065000e+00 2.070834e+00 2.076667e+00 3.368489e-03
2.076667e+00 2.082500e+00 2.088334e+00 3.297832e-03
2.088334e+00 2.094167e+00 2.100000e+00 3.228568e-03
2.100000e+00 2.105834e+00 2.111667e+00 3.160674e-03
2.111667e+00 2.117500e+00 2.123334e+00 3.094125e-03
2.123334e+00 2.129167e+00 2.135000e+00 3.028898e-03
2.135000e+00 2.140834e+00 2.146667e+00 2.964970e-03
2.146667e+00 2.152500e+00 2.158334e+00 2.902318e-03
2.158334e+00 2.164167e+00 2.170000e+00 2.840919e-03
2.170000e+00 2.175834e+00 2.181667e+00 2.780751e-03
2.181667e+00 2.187500e+00 2.193334e+00 2.721792e-03
2.193334e+00 2.199167e+00 2.205000e+00 2.664021e-03
2.205000e+00 2.210834e+00 2.216667e+00 2.607414e-03
2.216667e+00 2.222500e+00 2.228334e+00 2.551953e-03
2.228334e+00 2.234167e+00 2.240000e+00 2.497615e-03
2.240000e+00 2.245834e+00 2.251667e+00 2.444380e-03
2.251667e+00 2.257500e+00 2.263334e+00 2.392228e-03
2.263334e+00 2.269167e+00 2.275000e+00 2.341138e-03
2.275000e+00 2.280834e+00 2.286667e+00 2.291091e-03
2.286667e+00 2.292500e+00 2.298334e+00 2.242068e-03
2.298334e+00 2.304167e+00 2.310000e+00 2.194049e-03
2.310000e+00 2.315834e+00 2.321667e+00 2.147015e-03
2.321667e+00 2.327500e+00 2.333334e+00 2.100949e-03
2.333334e+00 2.339167e+00 2.345000e+00 2.055831e-03
2.345000e+00 2.350834e+00 2.356667e+00 2.011644e-03
2.356667e+00 2.362500e+00 2.368334e+00 1.968369e-03
2.368334e+00 2.374167e+00 2.380000e+00 1.925990e-03
2.380000e+00 2.385834e+00 2.391667e+00 1.884489e-03
2.391667e+00 2.397500e+00 2.403334e+00 1.843850e-03
2.403334e+00 2.409167e+00 2.415000e+00 1.804055e-03
2.415000e+00 2.420834e+00 2.426667e+00 1.765089e-03
2.426667e+00 2.432500e+00 2.438334e+00 1.726935e-03
2.438334e+00 2.444167e+00 2.450000e+00 1.689578e-03
2.450000e+00 2.455834e+00 2.461667e+00 1.653001e-03
2.461667e+00 2.467500e+00 2.473334e+00 1.617190e-03
2.473334e+00 2.479167e+00 2.485000e+00 1.582130e-03
2.485000e+00 2.490834e+00 2.496667e+00 1.547806e-03
2.496667e+00 2.502500e+00 2.508334e+00 1.514203e-03
2.508334e+00 2.514167e+00 2.520000e+00 1.481307e-03
2.520000e+00 2.525834e+00 2.531667e+00 1.449105e-03
2.531667e+00 2.537500e+00 2.543334e+00 1.417581e-03
2.543334e+00 2.549167e+00 2.555000e+00 1.386723e-03
2.555000e+00 2.560834e+00 2.566667e+00 1.356518e-03
2.566667e+00 2.572500e+00 2.578334e+00 1.326952e-03
2.578334e+00 2.584167e+00 2.590000e+00 1.298013e-03
2.590000e+00 2.595834e+00 2.601667e+00 1.269688e-03
2.601667e+00 2.607500e+00 2.613334e+00 1.241964e-03
2.613334e+00 2.619167e+00 2.625000e+00 1.214830e-03
2.625000e+00 2.630834e+00 2.636667e+00 1.188274e-03
2.636667e+00 2.642500e+00 2.648334e+00 1.162283e-03
2.648334e+00 2.654167e+00 2.660000e+00 1.136847e-03
2.660000e+00 2.665834e+00 2.671667e+00 1.111953e-03
2.671667e+00 2.677500e+00 2.683334e+00 1.087592e-03
2.683334e+00 2.689167e+00 2.695000e+00 1.063752e-03
2.695000e+00 2.700834e+00 2.706667e+00 1.040422e-03
2.706667e+00 2.712500e+00 2.718334e+00 1.017592e-03
2.718334e+00 2.724167e+00 2.730000e+00 9.952522e-04
2.730000e+00 2.735834e+00 2.741667e+00 9.733919e-04
2.741667e+00 2.747500e+00 2.753334e+00 9.520013e-04
2.753334e+00 2.759167e+00 2.765000e+00 9.310708e-04
2.765000e+00 2.770834e+00 2.776667e+00 9.105909e-04
2.776667e+00 2.782500e+00 2.788334e+00 8.905522e-04
2.788334e+00 2.794167e+00 2.800000e+00 8.709456e-04
2.800000e+00 2.805834e+00 2.811667e+00 8.517622e-04
2.811667e+00 2.817500e+00 2.823334e+00 8.329930e-04
2.823334e+00 2.829167e+00 2.835000e+00 8.146295e-04
2.835000e+00 2.840834e+00 2.846667e+00 7.966633e-04
2.846667e+00 2.852500e+00 2.858334e+00 7.790860e-04
2.858334e+00 2.864167e+00 2.870000e+00 7.618894e-04
2.870000e+00 2.875834e+00 2.881667e+00 7.450657e-04
2.881667e+00 2.887500e+00 2.893334e+00 7.286070e-04
2.893334e+00 2.899167e+00 2.905000e+00 7.125056e-04
2.905000e+00 2.910834e+00 2.916667e+00 6.967540e-04
2.916667e+00 2.922500e+00 2.928333e+00 6.813449e-04
2.928333e+00 2.934167e+00 2.940000e+00 6.662710e-04
2.940000e+00 2.945833e+00 2.951667e+00 6.515253e-04
2.951667e+00 2.957500e+00 2.963333e+00 6.371007e-04
2.963333e+00 2.969167e+00 2.975000e+00 6.229906e-04
2.975000e+00 2.980833e+00 2.986667e+00 6.091883e-04
2.986667e+00 2.992500e+00 2.998333e+00 5.956872e-04
2.998333e+00 3.004167e+00 3.010000e+00 5.824809e-04
3.010000e+00 3.015833e+00 3.021667e+00 5.695632e-04
3.021667e+00 3.027500e+00 3.033333e+00 5.569279e-04
3.033333e+00 3.039167e+00 3.045000e+00 5.445691e-04
3.045000e+00 3.050833e+00 3.056667e+00 5.324808e-04
3.056667e+00 3.062500e+00 3.068333e+00 5.206572e-04
3.068333e+00 3.074167e+00 3.080000e+00 5.090927e-04
3.080000e+00 3.085833e+00 3.091667e+00 4.977818e-04
3.091667e+00 3.097500e+00 3.103333e+00 4.867190e-04
3.103333e+00 3.109167e+00 3.115000e+00 4.758990e-04
3.115000e+00 3.120833e+00 3.126667e+00 4.653166e-04
3.126667e+00 3.132500e+00 3.138333e+00 4.549667e-04
3.138333e+00 3.144167e+00 3.150000e+00 4.448443e-04
3.150000e+00 3.155833e+00 3.161667e+00 4.349446e-04
3.161667e+00 3.167500e+00 3.173333e+00 4.252626e-04
3.173333e+00 3.179167e+00 3.185000e+00 4.157938e-04
3.185000e+00 3.190833e+00 3.196667e+00 4.065335e-04
3.196667e+00 3.202500e+00 3.208333e+00 3.974773e-04
3.208333e+00 3.214167e+00 3.220000e+00 3.886207e-04
3.220000e+00 3.225833e+00 3.231667e+00 3.799594e-04
3.231667e+00 3.237500e+00 3.243333e+00 3.714892e-04
3.243333e+00 3.249167e+00 3.255000e+00 3.632059e-04
3.255000e+00 3.260833e+00 3.266667e+00 3.551056e-04
3.266667e+00 3.272500e+00 3.278333e+00 3.471842e-04
3.278333e+00 3.284167e+00 3.290000e+00 3.394378e-04
3.290000e+00 3.295833e+00 3.301667e+00 3.318627e-04
3.301667e+00 3.307500e+00 3.313333e+00 3.244551e-04
3.313333e+00 3.319167e+00 3.325000e+00 3.172115e-04
3.325000e+00 3.330833e+00 3.336667e+00 3.101281e-04
3.336667e+00 3.342500e+00 3.348333e+00 3.032016e-04
3.348333e+00 3.354167e+00 3.360000e+00 2.964285e-04
3.360000e+00 3.365833e+00 3.371667e+00 2.898055e-04
3.371667e+00 3.377500e+00 3.383333e+00 2.833293e-04
3.383333e+00 3.389167e+00 3.395000e+00 2.769967e-04
3.395000e+00 3.400833e+00 3.406667e+00 2.708045e-04
3.406667e+00 3.412500e+00 3.418333e+00 2.647497e-04
3.418333e+00 3.424167e+00 3.430000e+00 2.588294e-04
3.430000e+00 3.435833e+00 3.441667e+00 2.530404e-04
3.441667e+00 3.447500e+00 3.453333e+00 2.473801e-04
3.453333e+00 3.459167e+00 3.465000e+00 2.418455e-04
3.465000e+00 3.470833e+00 3.476667e+00 2.364339e-04
3.476667e+00 3.482500e+00 3.488333e+00 2.311426e-04
3.488333e+00 3.494167e+00 3.500000e+00 2.259689e-04
