1.000000e-06 5.834332e-03 1.166766e-02 3.182689e-05
1.166766e-02 1.750099e-02 2.333433e-02 2.609557e-04
2.333433e-02 2.916766e-02 3.500099e-02 6.693256e-04
3.500099e-02 4.083432e-02 4.666765e-02 1.219393e-03
4.666765e-02 5.250099e-02 5.833432e-02 1.881733e-03
5.833432e-02 6.416765e-02 7.000098e-02 2.632427e-03
7.000098e-02 7.583431e-02 8.166764e-02 3.451658e-03
8.166764e-02 8.750097e-02 9.333431e-02 4.322827e-03
9.333431e-02 9.916764e-02 1.050010e-01 5.231925e-03
1.050010e-01 1.108343e-01 1.166676e-01 6.167079e-03
1.166676e-01 1.225010e-01 1.283343e-01 7.118199e-03
1.283343e-01 1.341676e-01 1.400010e-01 8.076701e-03
1.400010e-01 1.458343e-01 1.516676e-01 9.035284e-03
1.516676e-01 1.575010e-01 1.633343e-01 9.987743e-03
1.633343e-01 1.691676e-01 1.750009e-01 1.092882e-02
1.750009e-01 1.808343e-01 1.866676e-01 1.185408e-02
1.866676e-01 1.925009e-01 1.983343e-01 1.275979e-02
1.983343e-01 2.041676e-01 2.100009e-01 1.364284e-02
2.100009e-01 2.158343e-01 2.216676e-01 1.450066e-02
2.216676e-01 2.275009e-01 2.333343e-01 1.533114e-02
2.333343e-01 2.391676e-01 2.450009e-01 1.613260e-02
2.450009e-01 2.508343e-01 2.566676e-01 1.690368e-02
2.566676e-01 2.625009e-01 2.683343e-01 1.764339e-02
2.683343e-01 2.741676e-01 2.800009e-01 1.835096e-02
2.800009e-01 2.858343e-01 2.916676e-01 1.902589e-02
2.916676e-01 2.975009e-01 3.033342e-01 1.966789e-02
3.033342e-01 3.091676e-01 3.150009e-01 2.027683e-02
3.150009e-01 3.208342e-01 3.266676e-01 2.085275e-02
3.266676e-01 3.325009e-01 3.383342e-01 2.139584e-02
3.383342e-01 3.441676e-01 3.500009e-01 2.190638e-02
3.500009e-01 3.558342e-01 3.616676e-01 2.238478e-02
3.616676e-01 3.675009e-01 3.733342e-01 2.283152e-02
3.733342e-01 3.791676e-01 3.850009e-01 2.324715e-02
3.850009e-01 3.908342e-01 3.966676e-01 2.363231e-02
3.966676e-01 4.025009e-01 4.083342e-01 2.398766e-02
4.083342e-01 4.141675e-01 4.200009e-01 2.431391e-02
4.200009e-01 4.258342e-01 4.316675e-01 2.461183e-02
4.316675e-01 4.375009e-01 4.433342e-01 2.488218e-02
4.433342e-01 4.491675e-01 4.550009e-01 2.512578e-02
4.550009e-01 4.608342e-01 4.666675e-01 2.534344e-02
4.666675e-01 4.725009e-01 4.783342e-01 2.553599e-02
4.783342e-01 4.841675e-01 4.900009e-01 2.570426e-02
4.900009e-01 4.958342e-01 5.016675e-01 2.584910e-02
5.016675e-01 5.075009e-01 5.133342e-01 2.597135e-02
5.133342e-01 5.191675e-01 5.250008e-01 2.607183e-02
5.250008e-01 5.308342e-01 5.366675e-01 2.615138e-02
5.366675e-01 5.425008e-01 5.483342e-01 2.621083e-02
5.483342e-01 5.541675e-01 5.600008e-01 2.625097e-02
5.600008e-01 5.658342e-01 5.716675e-01 2.627263e-02
5.716675e-01 5.775008e-01 5.833342e-01 2.627657e-02
5.833342e-01 5.891675e-01 5.950008e-01 2.626357e-02
5.950008e-01 6.008342e-01 6.066675e-01 2.623440e-02
6.066675e-01 6.125008e-01 6.183342e-01 2.618979e-02
6.183342e-01 6.241675e-01 6.300008e-01 2.613046e-02
6.300008e-01 6.358342e-01 6.416675e-01 2.605713e-02
6.416675e-01 6.475008e-01 6.533341e-01 2.597048e-02
6.533341e-01 6.591675e-01 6.650008e-01 2.587119e-02
6.650008e-01 6.708341e-01 6.766675e-01 2.575990e-02
6.766675e-01 6.825008e-01 6.883341e-01 2.563724e-02
6.883341e-01 6.941675e-01 7.000008e-01 2.550384e-02
7.000008e-01 7.058341e-01 7.116675e-01 2.536029e-02
7.116675e-01 7.175008e-01 7.233341e-01 2.520717e-02
7.233341e-01 7.291675e-01 7.350008e-01 2.504503e-02
7.350008e-01 7.408341e-01 7.466675e-01 2.487442e-02
7.466675e-01 7.525008e-01 7.583341e-01 2.469585e-02
7.583341e-01 7.641674e-01 7.700008e-01 2.450984e-02
7.700008e-01 7.758341e-01 7.816674e-01 2.431686e-02
7.816674e-01 7.875008e-01 7.933341e-01 2.411739e-02
7.933341e-01 7.991674e-01 8.050008e-01 2.391188e-02
8.050008e-01 8.108341e-01 8.166674e-01 2.370077e-02
8.166674e-01 8.225008e-01 8.283341e-01 2.348447e-02
8.283341e-01 8.341674e-01 8.400008e-01 2.326338e-02
8.400008e-01 8.458341e-01 8.516674e-01 2.303790e-02
8.516674e-01 8.575008e-01 8.633341e-01 2.280839e-02
8.633341e-01 8.691674e-01 8.750007e-01 2.257521e-02
8.750007e-01 8.808341e-01 8.866674e-01 2.233871e-02
8.866674e-01 8.925007e-01 8.983341e-01 2.209920e-02
8.983341e-01 9.041674e-01 9.100007e-01 2.185701e-02
9.100007e-01 9.158341e-01 9.216674e-01 2.161243e-02
9.216674e-01 9.275007e-01 9.333341e-01 2.136576e-02
9.333341e-01 9.391674e-01 9.450007e-01 2.111726e-02
9.450007e-01 9.508341e-01 9.566674e-01 2.086720e-02
9.566674e-01 9.625007e-01 9.683341e-01 2.061583e-02
9.683341e-01 9.741674e-01 9.800007e-01 2.036339e-02
9.800007e-01 9.858341e-01 9.916674e-01 2.011010e-02
9.916674e-01 9.975007e-01 1.003334e+00 1.985619e-02
1.003334e+00 1.009167e+00 1.015001e+00 1.960186e-02
1.015001e+00 1.020834e+00 1.026667e+00 1.934731e-02
1.026667e+00 1.032501e+00 1.038334e+00 1.909272e-02
1.038334e+00 1.044167e+00 1.050001e+00 1.883827e-02
1.050001e+00 1.055834e+00 1.061667e+00 1.858413e-02
1.061667e+00 1.067501e+00 1.073334e+00 1.833046e-02
1.073334e+00 1.079167e+00 1.085001e+00 1.807741e-02
1.085001e+00 1.090834e+00 1.096667e+00 1.782512e-02
1.096667e+00 1.102501e+00 1.108334e+00 1.757373e-02
1.108334e+00 1.114167e+00 1.120001e+00 1.732337e-02
1.120001e+00 1.125834e+00 1.131667e+00 1.707415e-02
1.131667e+00 1.137501e+00 1.143334e+00 1.682620e-02
1.143334e+00 1.149167e+00 1.155001e+00 1.657961e-02
1.155001e+00 1.160834e+00 1.166667e+00 1.633448e-02
1.166667e+00 1.172501e+00 1.178334e+00 1.609092e-02
1.178334e+00 1.184167e+00 1.190001e+00 1.584901e-02
1.190001e+00 1.195834e+00 1.201667e+00 1.560883e-02
1.201667e+00 1.207501e+00 1.213334e+00 1.537045e-02
1.213334e+00 1.219167e+00 1.225001e+00 1.513396e-02
1.225001e+00 1.230834e+00 1.236667e+00 1.489941e-02
1.236667e+00 1.242501e+00 1.248334e+00 1.466687e-02
1.248334e+00 1.254167e+00 1.260001e+00 1.443639e-02
1.260001e+00 1.265834e+00 1.271667e+00 1.420803e-02
1.271667e+00 1.277501e+00 1.283334e+00 1.398184e-02
1.283334e+00 1.289167e+00 1.295001e+00 1.375786e-02
1.295001e+00 1.300834e+00 1.306667e+00 1.353613e-02
1.306667e+00 1.312501e+00 1.318334e+00 1.331669e-02
1.318334e+00 1.324167e+00 1.330001e+00 1.309956e-02
1.330001e+00 1.335834e+00 1.341667e+00 1.288479e-02
1.341667e+00 1.347501e+00 1.353334e+00 1.267240e-02
1.353334e+00 1.359167e+00 1.365001e+00 1.246240e-02
1.365001e+00 1.370834e+00 1.376667e+00 1.225483e-02
1.376667e+00 1.382501e+00 1.388334e+00 1.204969e-02
1.388334e+00 1.394167e+00 1.400001e+00 1.184701e-02
1.400001e+00 1.405834e+00 1.411667e+00 1.164680e-02
1.411667e+00 1.417501e+00 1.423334e+00 1.144906e-02
1.423334e+00 1.429167e+00 1.435001e+00 1.125381e-02
1.435001e+00 1.440834e+00 1.446667e+00 1.106105e-02
1.446667e+00 1.452501e+00 1.458334e+00 1.087078e-02
1.458334e+00 1.464167e+00 1.470001e+00 1.068301e-02
1.470001e+00 1.475834e+00 1.481667e+00 1.049773e-02
1.481667e+00 1.487501e+00 1.493334e+00 1.031495e-02
1.493334e+00 1.499167e+00 1.505001e+00 1.013466e-02
1.505001e+00 1.510834e+00 1.516667e+00 9.956849e-03
1.516667e+00 1.522501e+00 1.528334e+00 9.781518e-03
1.528334e+00 1.534167e+00 1.540001e+00 9.608657e-03
1.540001e+00 1.545834e+00 1.551667e+00 9.438257e-03
1.551667e+00 1.557501e+00 1.563334e+00 9.270306e-03
1.563334e+00 1.569167e+00 1.575001e+00 9.104792e-03
1.575001e+00 1.580834e+00 1.586667e+00 8.941704e-03
1.586667e+00 1.592501e+00 1.598334e+00 8.781027e-03
1.598334e+00 1.604167e+00 1.610001e+00 8.622745e-03
1.610001e+00 1.615834e+00 1.621667e+00 8.466843e-03
1.621667e+00 1.627501e+00 1.633334e+00 8.313305e-03
1.633334e+00 1.639167e+00 1.645001e+00 8.162112e-03
1.645001e+00 1.650834e+00 1.656667e+00 8.013247e-03
1.656667e+00 1.662501e+00 1.668334e+00 7.866690e-03
1.668334e+00 1.674167e+00 1.680001e+00 7.722422e-03
1.680001e+00 1.685834e+00 1.691667e+00 7.580423e-03
1.691667e+00 1.697501e+00 1.703334e+00 7.440672e-03
1.703334e+00 1.709167e+00 1.715001e+00 7.303147e-03
1.715001e+00 1.720834e+00 1.726667e+00 7.167828e-03
1.726667e+00 1.732501e+00 1.738334e+00 7.034692e-03
1.738334e+00 1.744167e+00 1.750000e+00 6.903717e-03
1.750000e+00 1.755834e+00 1.761667e+00 6.774880e-03
1.761667e+00 1.767500e+00 1.773334e+00 6.648157e-03
1.773334e+00 1.779167e+00 1.785000e+00 6.523526e-03
1.785000e+00 1.790834e+00 1.796667e+00 6.400963e-03
1.796667e+00 1.802500e+00 1.808334e+00 6.280443e-03
1.808334e+00 1.814167e+00 1.820000e+00 6.161944e-03
1.820000e+00 1.825834e+00 1.831667e+00 6.045440e-03
1.831667e+00 1.837500e+00 1.843334e+00 5.930908e-03
1.843334e+00 1.849167e+00 1.855000e+00 5.818323e-03
1.855000e+00 1.860834e+00 1.866667e+00 5.707661e-03
1.866667e+00 1.872500e+00 1.878334e+00 5.598897e-03
1.878334e+00 1.884167e+00 1.890000e+00 5.492006e-03
1.890000e+00 1.895834e+00 1.901667e+00 5.386964e-03
1.901667e+00 1.907500e+00 1.913334e+00 5.283747e-03
1.913334e+00 1.919167e+00 1.925000e+00 5.182329e-03
1.925000e+00 1.930834e+00 1.936667e+00 5.082687e-03
1.936667e+00 1.942500e+00 1.948334e+00 4.984795e-03
1.948334e+00 1.954167e+00 1.960000e+00 4.888629e-03
1.960000e+00 1.965834e+00 1.971667e+00 4.794166e-03
1.971667e+00 1.977500e+00 1.983334e+00 4.701379e-03
1.983334e+00 1.989167e+00 1.995000e+00 4.610247e-03
1.995000e+00 2.000834e+00 2.006667e+00 4.520744e-03
2.006667e+00 2.012500e+00 2.018334e+00 4.432846e-03
2.018334e+00 2.024167e+00 2.030000e+00 4.346531e-03
2.030000e+00 2.035834e+00 2.041667e+00 4.261773e-03
2.041667e+00 2.047500e+00 2.053334e+00 4.178550e-03
2.053334e+00 2.059167e+00 2.065000e+00 4.096838e-03
2.065000e+00 2.070834e+00 2.076667e+00 4.016615e-03
2.076667e+00 2.082500e+00 2.088334e+00 3.937856e-03
2.088334e+00 2.094167e+00 2.100000e+00 3.860541e-03
2.100000e+00 2.105834e+00 2.111667e+00 3.784645e-03
2.111667e+00 2.117500e+00 2.123334e+00 3.710147e-03
2.123334e+00 2.129167e+00 2.135000e+00 3.637024e-03
2.135000e+00 2.140834e+00 2.146667e+00 3.565254e-03
2.146667e+00 2.152500e+00 2.158334e+00 3.494817e-03
2.158334e+00 2.164167e+00 2.170000e+00 3.425689e-03
2.170000e+00 2.175834e+00 2.181667e+00 3.357850e-03
2.181667e+00 2.187500e+00 2.193334e+00 3.291279e-03
2.193334e+00 2.199167e+00 2.205000e+00 3.225955e-03
2.205000e+00 2.210834e+00 2.216667e+00 3.161857e-03
2.216667e+00 2.222500e+00 2.228334e+00 3.098965e-03
2.228334e+00 2.234167e+00 2.240000e+00 3.037259e-03
2.240000e+00 2.245834e+00 2.251667e+00 2.976719e-03
2.251667e+00 2.257500e+00 2.263334e+00 2.917325e-03
2.263334e+00 2.269167e+00 2.275000e+00 2.859058e-03
2.275000e+00 2.280834e+00 2.286667e+00 2.801898e-03
2.286667e+00 2.292500e+00 2.298334e+00 2.745827e-03
2.298334e+00 2.304167e+00 2.310000e+00 2.690826e-03
2.310000e+00 2.315834e+00 2.321667e+00 2.636876e-03
2.321667e+00 2.327500e+00 2.333334e+00 2.583959e-03
2.333334e+00 2.339167e+00 2.345000e+00 2.532058e-03
2.345000e+00 2.350834e+00 2.356667e+00 2.481154e-03
2.356667e+00 2.362500e+00 2.368334e+00 2.431231e-03
2.368334e+00 2.374167e+00 2.380000e+00 2.382270e-03
2.380000e+00 2.385834e+00 2.391667e+00 2.334255e-03
2.391667e+00 2.397500e+00 2.403334e+00 2.287168e-03
2.403334e+00 2.409167e+00 2.415000e+00 2.240995e-03
2.415000e+00 2.420834e+00 2.426667e+00 2.195717e-03
2.426667e+00 2.432500e+00 2.438334e+00 2.151320e-03
2.438334e+00 2.444167e+00 2.450000e+00 2.107787e-03
2.450000e+00 2.455834e+00 2.461667e+00 2.065102e-03
2.461667e+00 2.467500e+00 2.473334e+00 2.023251e-03
2.473334e+00 2.479167e+00 2.485000e+00 1.982219e-03
2.485000e+00 2.490834e+00 2.496667e+00 1.941990e-03
2.496667e+00 2.502500e+00 2.508334e+00 1.902549e-03
2.508334e+00 2.514167e+00 2.520000e+00 1.863883e-03
2.520000e+00 2.525834e+00 2.531667e+00 1.825977e-03
2.531667e+00 2.537500e+00 2.543334e+00 1.788817e-03
2.543334e+00 2.549167e+00 2.555000e+00 1.752389e-03
2.555000e+00 2.560834e+00 2.566667e+00 1.716681e-03
2.566667e+00 2.572500e+00 2.578334e+00 1.681677e-03
2.578334e+00 2.584167e+00 2.590000e+00 1.647366e-03
2.590000e+00 2.595834e+00 2.601667e+00 1.613735e-03
2.601667e+00 2.607500e+00 2.613334e+00 1.580771e-03
2.613334e+00 2.619167e+00 2.625000e+00 1.548460e-03
2.625000e+00 2.630834e+00 2.636667e+00 1.516792e-03
2.636667e+00 2.642500e+00 2.648334e+00 1.485754e-03
2.648334e+00 2.654167e+00 2.660000e+00 1.455334e-03
2.660000e+00 2.665834e+00 2.671667e+00 1.425520e-03
2.671667e+00 2.677500e+00 2.683334e+00 1.396302e-03
2.683334e+00 2.689167e+00 2.695000e+00 1.367667e-03
2.695000e+00 2.700834e+00 2.706667e+00 1.339604e-03
2.706667e+00 2.712500e+00 2.718334e+00 1.312104e-03
2.718334e+00 2.724167e+00 2.730000e+00 1.285154e-03
2.730000e+00 2.735834e+00 2.741667e+00 1.258745e-03
2.741667e+00 2.747500e+00 2.753334e+00 1.232866e-03
2.753334e+00 2.759167e+00 2.765000e+00 1.207507e-03
2.765000e+00 2.770834e+00 2.776667e+00 1.182658e-03
2.776667e+00 2.782500e+00 2.788334e+00 1.158309e-03
2.788334e+00 2.794167e+00 2.800000e+00 1.134450e-03
2.800000e+00 2.805834e+00 2.811667e+00 1.111073e-03
2.811667e+00 2.817500e+00 2.823334e+00 1.088167e-03
2.823334e+00 2.829167e+00 2.835000e+00 1.065724e-03
2.835000e+00 2.840834e+00 2.846667e+00 1.043734e-03
2.846667e+00 2.852500e+00 2.858334e+00 1.022189e-03
2.858334e+00 2.864167e+00 2.870000e+00 1.001081e-03
2.870000e+00 2.875834e+00 2.881667e+00 9.803999e-04
2.881667e+00 2.887500e+00 2.893334e+00 9.601382e-04
2.893334e+00 2.899167e+00 2.905000e+00 9.402876e-04
2.905000e+00 2.910834e+00 2.916667e+00 9.208401e-04
2.916667e+00 2.922500e+00 2.928333e+00 9.017877e-04
2.928333e+00 2.934167e+00 2.940000e+00 8.831227e-04
2.940000e+00 2.945833e+00 2.951667e+00 8.648374e-04
2.951667e+00 2.957500e+00 2.963333e+00 8.469245e-04
2.963333e+00 2.969167e+00 2.975000e+00 8.293765e-04
2.975000e+00 2.980833e+00 2.986667e+00 8.121863e-04
2.986667e+00 2.992500e+00 2.998333e+00 7.953468e-04
2.998333e+00 3.004167e+00 3.010000e+00 7.788510e-04
3.010000e+00 3.015833e+00 3.021667e+00 7.626922e-04
3.021667e+00 3.027500e+00 3.033333e+00 7.468636e-04
3.033333e+00 3.039167e+00 3.045000e+00 7.313588e-04
3.045000e+00 3.050833e+00 3.056667e+00 7.161712e-04
3.056667e+00 3.062500e+00 3.068333e+00 7.012946e-04
3.068333e+00 3.074167e+00 3.080000e+00 6.867228e-04
3.080000e+00 3.085833e+00 3.091667e+00 6.724496e-04
3.091667e+00 3.097500e+00 3.103333e+00 6.584692e-04
3.103333e+00 3.109167e+00 3.115000e+00 6.447757e-04
3.115000e+00 3.120833e+00 3.126667e+00 6.313633e-04
3.126667e+00 3.132500e+00 3.138333e+00 6.182264e-04
3.138333e+00 3.144167e+00 3.150000e+00 6.053595e-04
3.150000e+00 3.155833e+00 3.161667e+00 5.927572e-04
3.161667e+00 3.167500e+00 3.173333e+00 5.804142e-04
3.173333e+00 3.179167e+00 3.185000e+00 5.683252e-04
3.185000e+00 3.190833e+00 3.196667e+00 5.564852e-04
3.196667e+00 3.202500e+00 3.208333e+00 5.448891e-04
3.208333e+00 3.214167e+00 3.220000e+00 5.335320e-04
3.220000e+00 3.225833e+00 3.231667e+00 5.224091e-04
3.231667e+00 3.237500e+00 3.243333e+00 5.115157e-04
3.243333e+00 3.249167e+00 3.255000e+00 5.008472e-04
3.255000e+00 3.260833e+00 3.266667e+00 4.903989e-04
3.266667e+00 3.272500e+00 3.278333e+00 4.801664e-04
3.278333e+00 3.284167e+00 3.290000e+00 4.701455e-04
3.290000e+00 3.295833e+00 3.301667e+00 4.603316e-04
3.301667e+00 3.307500e+00 3.313333e+00 4.507208e-04
3.313333e+00 3.319167e+00 3.325000e+00 4.413088e-04
3.325000e+00 3.330833e+00 3.336667e+00 4.320917e-04
3.336667e+00 3.342500e+00 3.348333e+00 4.230654e-04
3.348333e+00 3.354167e+00 3.360000e+00 4.142260e-04
3.360000e+00 3.365833e+00 3.371667e+00 4.055698e-04
3.371667e+00 3.377500e+00 3.383333e+00 3.970931e-04
3.383333e+00 3.389167e+00 3.395000e+00 3.887921e-04
3.395000e+00 3.400833e+00 3.406667e+00 3.806634e-04
3.406667e+00 3.412500e+00 3.418333e+00 3.727033e-04
3.418333e+00 3.424167e+00 3.430000e+00 3.649084e-04
3.430000e+00 3.435833e+00 3.441667e+00 3.572754e-04
3.441667e+00 3.447500e+00 3.453333e+00 3.498010e-04
3.453333e+00 3.459167e+00 3.465000e+00 3.424818e-04
3.465000e+00 3.470833e+00 3.476667e+00 3.353148e-04
3.476667e+00 3.482500e+00 3.488333e+00 3.282968e-04
3.488333e+00 3.494167e+00 3.500000e+00 3.214247e-04
