1.000000e-06 5.834332e-03 1.166766e-02 3.185827e-05
1.166766e-02 1.750099e-02 2.333433e-02 2.614104e-04
2.333433e-02 2.916766e-02 3.500099e-02 6.707882e-04
3.500099e-02 4.083432e-02 4.666765e-02 1.222424e-03
4.666765e-02 5.250099e-02 5.833432e-02 1.886812e-03
5.833432e-02 6.416765e-02 7.000098e-02 2.639933e-03
7.000098e-02 7.583431e-02 8.166764e-02 3.461867e-03
8.166764e-02 8.750097e-02 9.333431e-02 4.335912e-03
9.333431e-02 9.916764e-02 1.050010e-01 5.247970e-03
1.050010e-01 1.108343e-01 1.166676e-01 6.186082e-03
1.166676e-01 1.225010e-01 1.283343e-01 7.140087e-03
1.283343e-01 1.341676e-01 1.400010e-01 8.101334e-03
1.400010e-01 1.458343e-01 1.516676e-01 9.062467e-03
1.516676e-01 1.575010e-01 1.633343e-01 1.001724e-02
1.633343e-01 1.691676e-01 1.750009e-01 1.096034e-02
1.750009e-01 1.808343e-01 1.866676e-01 1.188732e-02
1.866676e-01 1.925009e-01 1.983343e-01 1.279441e-02
1.983343e-01 2.041676e-01 2.100009e-01 1.367849e-02
2.100009e-01 2.158343e-01 2.216676e-01 1.453696e-02
2.216676e-01 2.275009e-01 2.333343e-01 1.536772e-02
2.333343e-01 2.391676e-01 2.450009e-01 1.616907e-02
2.450009e-01 2.508343e-01 2.566676e-01 1.693967e-02
2.566676e-01 2.625009e-01 2.683343e-01 1.767850e-02
2.683343e-01 2.741676e-01 2.800009e-01 1.838482e-02
2.800009e-01 2.858343e-01 2.916676e-01 1.905814e-02
2.916676e-01 2.975009e-01 3.033342e-01 1.969815e-02
3.033342e-01 3.091676e-01 3.150009e-01 2.030476e-02
3.150009e-01 3.208342e-01 3.266676e-01 2.087802e-02
3.266676e-01 3.325009e-01 3.383342e-01 2.141812e-02
3.383342e-01 3.441676e-01 3.500009e-01 2.192536e-02
3.500009e-01 3.558342e-01 3.616676e-01 2.240017e-02
3.616676e-01 3.675009e-01 3.733342e-01 2.284305e-02
3.733342e-01 3.791676e-01 3.850009e-01 2.325456e-02
3.850009e-01 3.908342e-01 3.966676e-01 2.363534e-02
3.966676e-01 4.025009e-01 4.083342e-01 2.398610e-02
4.083342e-01 4.141675e-01 4.200009e-01 2.430755e-02
4.200009e-01 4.258342e-01 4.316675e-01 2.460047e-02
4.316675e-01 4.375009e-01 4.433342e-01 2.486566e-02
4.433342e-01 4.491675e-01 4.550009e-01 2.510393e-02
4.550009e-01 4.608342e-01 4.666675e-01 2.531612e-02
4.666675e-01 4.725009e-01 4.783342e-01 2.550308e-02
4.783342e-01 4.841675e-01 4.900009e-01 2.566565e-02
4.900009e-01 4.958342e-01 5.016675e-01 2.580469e-02
5.016675e-01 5.075009e-01 5.133342e-01 2.592106e-02
5.133342e-01 5.191675e-01 5.250008e-01 2.601560e-02
5.250008e-01 5.308342e-01 5.366675e-01 2.608916e-02
5.366675e-01 5.425008e-01 5.483342e-01 2.614257e-02
5.483342e-01 5.541675e-01 5.600008e-01 2.617666e-02
5.600008e-01 5.658342e-01 5.716675e-01 2.619224e-02
5.716675e-01 5.775008e-01 5.833342e-01 2.619011e-02
5.833342e-01 5.891675e-01 5.950008e-01 2.617105e-02
5.950008e-01 6.008342e-01 6.066675e-01 2.613583e-02
6.066675e-01 6.125008e-01 6.183342e-01 2.608521e-02
6.183342e-01 6.241675e-01 6.300008e-01 2.601991e-02
6.300008e-01 6.358342e-01 6.416675e-01 2.594066e-02
6.416675e-01 6.475008e-01 6.533341e-01 2.584814e-02
6.533341e-01 6.591675e-01 6.650008e-01 2.574304e-02
6.650008e-01 6.708341e-01 6.766675e-01 2.562602e-02
6.766675e-01 6.825008e-01 6.883341e-01 2.549771e-02
6.883341e-01 6.941675e-01 7.000008e-01 2.535875e-02
7.000008e-01 7.058341e-01 7.116675e-01 2.520972e-02
7.116675e-01 7.175008e-01 7.233341e-01 2.505122e-02
7.233341e-01 7.291675e-01 7.350008e-01 2.488380e-02
7.350008e-01 7.408341e-01 7.466675e-01 2.470802e-02
7.466675e-01 7.525008e-01 7.583341e-01 2.452440e-02
7.583341e-01 7.641674e-01 7.700008e-01 2.433344e-02
7.700008e-01 7.758341e-01 7.816674e-01 2.413564e-02
7.816674e-01 7.875008e-01 7.933341e-01 2.393147e-02
7.933341e-01 7.991674e-01 8.050008e-01 2.372138e-02
8.050008e-01 8.108341e-01 8.166674e-01 2.350581e-02
8.166674e-01 8.225008e-01 8.283341e-01 2.328519e-02
8.283341e-01 8.341674e-01 8.400008e-01 2.305991e-02
8.400008e-01 8.458341e-01 8.516674e-01 2.283037e-02
8.516674e-01 8.575008e-01 8.633341e-01 2.259693e-02
8.633341e-01 8.691674e-01 8.750007e-01 2.235996e-02
8.750007e-01 8.808341e-01 8.866674e-01 2.211979e-02
8.866674e-01 8.925007e-01 8.983341e-01 2.187676e-02
8.983341e-01 9.041674e-01 9.100007e-01 2.163118e-02
9.100007e-01 9.158341e-01 9.216674e-01 2.138335e-02
9.216674e-01 9.275007e-01 9.333341e-01 2.113356e-02
9.333341e-01 9.391674e-01 9.450007e-01 2.088208e-02
9.450007e-01 9.508341e-01 9.566674e-01 2.062917e-02
9.566674e-01 9.625007e-01 9.683341e-01 2.037508e-02
9.683341e-01 9.741674e-01 9.800007e-01 2.012006e-02
9.800007e-01 9.858341e-01 9.916674e-01 1.986433e-02
9.916674e-01 9.975007e-01 1.003334e+00 1.960810e-02
1.003334e+00 1.009167e+00 1.015001e+00 1.935158e-02
1.015001e+00 1.020834e+00 1.026667e+00 1.909497e-02
1.026667e+00 1.032501e+00 1.038334e+00 1.883844e-02
1.038334e+00 1.044167e+00 1.050001e+00 1.858219e-02
1.050001e+00 1.055834e+00 1.061667e+00 1.832636e-02
1.061667e+00 1.067501e+00 1.073334e+00 1.807113e-02
1.073334e+00 1.079167e+00 1.085001e+00 1.781664e-02
1.085001e+00 1.090834e+00 1.096667e+00 1.756303e-02
1.096667e+00 1.102501e+00 1.108334e+00 1.731043e-02
1.108334e+00 1.114167e+00 1.120001e+00 1.705898e-02
1.120001e+00 1.125834e+00 1.131667e+00 1.680878e-02
1.131667e+00 1.137501e+00 1.143334e+00 1.655995e-02
1.143334e+00 1.149167e+00 1.155001e+00 1.631260e-02
1.155001e+00 1.160834e+00 1.166667e+00 1.606682e-02
1.166667e+00 1.172501e+00 1.178334e+00 1.582270e-02
1.178334e+00 1.184167e+00 1.190001e+00 1.558034e-02
1.190001e+00 1.195834e+00 1.201667e+00 1.533980e-02
1.201667e+00 1.207501e+00 1.213334e+00 1.510117e-02
1.213334e+00 1.219167e+00 1.225001e+00 1.486451e-02
1.225001e+00 1.230834e+00 1.236667e+00 1.462989e-02
1.236667e+00 1.242501e+00 1.248334e+00 1.439737e-02
1.248334e+00 1.254167e+00 1.260001e+00 1.416700e-02
1.260001e+00 1.265834e+00 1.271667e+00 1.393883e-02
1.271667e+00 1.277501e+00 1.283334e+00 1.371291e-02
1.283334e+00 1.289167e+00 1.295001e+00 1.348929e-02
1.295001e+00 1.300834e+00 1.306667e+00 1.326799e-02
1.306667e+00 1.312501e+00 1.318334e+00 1.304905e-02
1.318334e+00 1.324167e+00 1.330001e+00 1.283251e-02
1.330001e+00 1.335834e+00 1.341667e+00 1.261839e-02
1.341667e+00 1.347501e+00 1.353334e+00 1.240672e-02
1.353334e+00 1.359167e+00 1.365001e+00 1.219751e-02
1.365001e+00 1.370834e+00 1.376667e+00 1.199079e-02
1.376667e+00 1.382501e+00 1.388334e+00 1.178658e-02
1.388334e+00 1.394167e+00 1.400001e+00 1.158487e-02
1.400001e+00 1.405834e+00 1.411667e+00 1.138569e-02
1.411667e+00 1.417501e+00 1.423334e+00 1.118905e-02
1.423334e+00 1.429167e+00 1.435001e+00 1.099494e-02
1.435001e+00 1.440834e+00 1.446667e+00 1.080338e-02
1.446667e+00 1.452501e+00 1.458334e+00 1.061436e-02
1.458334e+00 1.464167e+00 1.470001e+00 1.042788e-02
1.470001e+00 1.475834e+00 1.481667e+00 1.024395e-02
1.481667e+00 1.487501e+00 1.493334e+00 1.006255e-02
1.493334e+00 1.499167e+00 1.505001e+00 9.883689e-03
1.505001e+00 1.510834e+00 1.516667e+00 9.707350e-03
1.516667e+00 1.522501e+00 1.528334e+00 9.533529e-03
1.528334e+00 1.534167e+00 1.540001e+00 9.362213e-03
1.540001e+00 1.545834e+00 1.551667e+00 9.193394e-03
1.551667e+00 1.557501e+00 1.563334e+00 9.027058e-03
1.563334e+00 1.569167e+00 1.575001e+00 8.863192e-03
1.575001e+00 1.580834e+00 1.586667e+00 8.701781e-03
1.586667e+00 1.592501e+00 1.598334e+00 8.542809e-03
1.598334e+00 1.604167e+00 1.610001e+00 8.386261e-03
1.610001e+00 1.615834e+00 1.621667e+00 8.232118e-03
1.621667e+00 1.627501e+00 1.633334e+00 8.080363e-03
1.633334e+00 1.639167e+00 1.645001e+00 7.930976e-03
1.645001e+00 1.650834e+00 1.656667e+00 7.783938e-03
1.656667e+00 1.662501e+00 1.668334e+00 7.639228e-03
1.668334e+00 1.674167e+00 1.680001e+00 7.496826e-03
1.680001e+00 1.685834e+00 1.691667e+00 7.356710e-03
1.691667e+00 1.697501e+00 1.703334e+00 7.218859e-03
1.703334e+00 1.709167e+00 1.715001e+00 7.083248e-03
1.715001e+00 1.720834e+00 1.726667e+00 6.949857e-03
1.726667e+00 1.732501e+00 1.738334e+00 6.818661e-03
1.738334e+00 1.744167e+00 1.750000e+00 6.689637e-03
1.750000e+00 1.755834e+00 1.761667e+00 6.562761e-03
1.761667e+00 1.767500e+00 1.773334e+00 6.438009e-03
1.773334e+00 1.779167e+00 1.785000e+00 6.315356e-03
1.785000e+00 1.790834e+00 1.796667e+00 6.194778e-03
1.796667e+00 1.802500e+00 1.808334e+00 6.076250e-03
1.808334e+00 1.814167e+00 1.820000e+00 5.959747e-03
1.820000e+00 1.825834e+00 1.831667e+00 5.845244e-03
1.831667e+00 1.837500e+00 1.843334e+00 5.732716e-03
1.843334e+00 1.849167e+00 1.855000e+00 5.622137e-03
1.855000e+00 1.860834e+00 1.866667e+00 5.513482e-03
1.866667e+00 1.872500e+00 1.878334e+00 5.406726e-03
1.878334e+00 1.884167e+00 1.890000e+00 5.301843e-03
1.890000e+00 1.895834e+00 1.901667e+00 5.198808e-03
1.901667e+00 1.907500e+00 1.913334e+00 5.097596e-03
1.913334e+00 1.919167e+00 1.925000e+00 4.998181e-03
1.925000e+00 1.930834e+00 1.936667e+00 4.900539e-03
1.936667e+00 1.942500e+00 1.948334e+00 4.804643e-03
1.948334e+00 1.954167e+00 1.960000e+00 4.710470e-03
1.960000e+00 1.965834e+00 1.971667e+00 4.617993e-03
1.971667e+00 1.977500e+00 1.983334e+00 4.527189e-03
1.983334e+00 1.989167e+00 1.995000e+00 4.438031e-03
1.995000e+00 2.000834e+00 2.006667e+00 4.350497e-03
2.006667e+00 2.012500e+00 2.018334e+00 4.264561e-03
2.018334e+00 2.024167e+00 2.030000e+00 4.180199e-03
2.030000e+00 2.035834e+00 2.041667e+00 4.097387e-03
2.041667e+00 2.047500e+00 2.053334e+00 4.016101e-03
2.053334e+00 2.059167e+00 2.065000e+00 3.936317e-03
2.065000e+00 2.070834e+00 2.076667e+00 3.858012e-03
2.076667e+00 2.082500e+00 2.088334e+00 3.781162e-03
2.088334e+00 2.094167e+00 2.100000e+00 3.705745e-03
2.100000e+00 2.105834e+00 2.111667e+00 3.631736e-03
2.111667e+00 2.117500e+00 2.123334e+00 3.559114e-03
2.123334e+00 2.129167e+00 2.135000e+00 3.487857e-03
2.135000e+00 2.140834e+00 2.146667e+00 3.417941e-03
2.146667e+00 2.152500e+00 2.158334e+00 3.349344e-03
2.158334e+00 2.164167e+00 2.170000e+00 3.282046e-03
2.170000e+00 2.175834e+00 2.181667e+00 3.216024e-03
2.181667e+00 2.187500e+00 2.193334e+00 3.151257e-03
2.193334e+00 2.199167e+00 2.205000e+00 3.087723e-03
2.205000e+00 2.210834e+00 2.216667e+00 3.025403e-03
2.216667e+00 2.222500e+00 2.228334e+00 2.964276e-03
2.228334e+00 2.234167e+00 2.240000e+00 2.904320e-03
2.240000e+00 2.245834e+00 2.251667e+00 2.845516e-03
2.251667e+00 2.257500e+00 2.263334e+00 2.787845e-03
2.263334e+00 2.269167e+00 2.275000e+00 2.731286e-03
2.275000e+00 2.280834e+00 2.286667e+00 2.675820e-03
2.286667e+00 2.292500e+00 2.298334e+00 2.621429e-03
2.298334e+00 2.304167e+00 2.310000e+00 2.568093e-03
2.310000e+00 2.315834e+00 2.321667e+00 2.515793e-03
2.321667e+00 2.327500e+00 2.333334e+00 2.464512e-03
2.333334e+00 2.339167e+00 2.345000e+00 2.414231e-03
2.345000e+00 2.350834e+00 2.356667e+00 2.364933e-03
2.356667e+00 2.362500e+00 2.368334e+00 2.316600e-03
2.368334e+00 2.374167e+00 2.380000e+00 2.269214e-03
2.380000e+00 2.385834e+00 2.391667e+00 2.222759e-03
2.391667e+00 2.397500e+00 2.403334e+00 2.177217e-03
2.403334e+00 2.409167e+00 2.415000e+00 2.132573e-03
2.415000e+00 2.420834e+00 2.426667e+00 2.088809e-03
2.426667e+00 2.432500e+00 2.438334e+00 2.045911e-03
2.438334e+00 2.444167e+00 2.450000e+00 2.003861e-03
2.450000e+00 2.455834e+00 2.461667e+00 1.962644e-03
2.461667e+00 2.467500e+00 2.473334e+00 1.922246e-03
2.473334e+00 2.479167e+00 2.485000e+00 1.882650e-03
2.485000e+00 2.490834e+00 2.496667e+00 1.843842e-03
2.496667e+00 2.502500e+00 2.508334e+00 1.805808e-03
2.508334e+00 2.514167e+00 2.520000e+00 1.768532e-03
2.520000e+00 2.525834e+00 2.531667e+00 1.732002e-03
2.531667e+00 2.537500e+00 2.543334e+00 1.696202e-03
2.543334e+00 2.549167e+00 2.555000e+00 1.661119e-03
2.555000e+00 2.560834e+00 2.566667e+00 1.626740e-03
2.566667e+00 2.572500e+00 2.578334e+00 1.593051e-03
2.578334e+00 2.584167e+00 2.590000e+00 1.560039e-03
2.590000e+00 2.595834e+00 2.601667e+00 1.527692e-03
2.601667e+00 2.607500e+00 2.613334e+00 1.495996e-03
2.613334e+00 2.619167e+00 2.625000e+00 1.464940e-03
2.625000e+00 2.630834e+00 2.636667e+00 1.434511e-03
2.636667e+00 2.642500e+00 2.648334e+00 1.404697e-03
2.648334e+00 2.654167e+00 2.660000e+00 1.375486e-03
2.660000e+00 2.665834e+00 2.671667e+00 1.346867e-03
2.671667e+00 2.677500e+00 2.683334e+00 1.318829e-03
2.683334e+00 2.689167e+00 2.695000e+00 1.291359e-03
2.695000e+00 2.700834e+00 2.706667e+00 1.264448e-03
2.706667e+00 2.712500e+00 2.718334e+00 1.238084e-03
2.718334e+00 2.724167e+00 2.730000e+00 1.212257e-03
2.730000e+00 2.735834e+00 2.741667e+00 1.186956e-03
2.741667e+00 2.747500e+00 2.753334e+00 1.162171e-03
2.753334e+00 2.759167e+00 2.765000e+00 1.137892e-03
2.765000e+00 2.770834e+00 2.776667e+00 1.114109e-03
2.776667e+00 2.782500e+00 2.788334e+00 1.090812e-03
2.788334e+00 2.794167e+00 2.800000e+00 1.067993e-03
2.800000e+00 2.805834e+00 2.811667e+00 1.045640e-03
2.811667e+00 2.817500e+00 2.823334e+00 1.023746e-03
2.823334e+00 2.829167e+00 2.835000e+00 1.002301e-03
2.835000e+00 2.840834e+00 2.846667e+00 9.812969e-04
2.846667e+00 2.852500e+00 2.858334e+00 9.607241e-04
2.858334e+00 2.864167e+00 2.870000e+00 9.405745e-04
2.870000e+00 2.875834e+00 2.881667e+00 9.208395e-04
2.881667e+00 2.887500e+00 2.893334e+00 9.015110e-04
2.893334e+00 2.899167e+00 2.905000e+00 8.825810e-04
2.905000e+00 2.910834e+00 2.916667e+00 8.640414e-04
2.916667e+00 2.922500e+00 2.928333e+00 8.458845e-04
2.928333e+00 2.934167e+00 2.940000e+00 8.281027e-04
2.940000e+00 2.945833e+00 2.951667e+00 8.106884e-04
2.951667e+00 2.957500e+00 2.963333e+00 7.936343e-04
2.963333e+00 2.969167e+00 2.975000e+00 7.769332e-04
2.975000e+00 2.980833e+00 2.986667e+00 7.605780e-04
2.986667e+00 2.992500e+00 2.998333e+00 7.445617e-04
2.998333e+00 3.004167e+00 3.010000e+00 7.288776e-04
3.010000e+00 3.015833e+00 3.021667e+00 7.135189e-04
3.021667e+00 3.027500e+00 3.033333e+00 6.984791e-04
3.033333e+00 3.039167e+00 3.045000e+00 6.837518e-04
3.045000e+00 3.050833e+00 3.056667e+00 6.693306e-04
3.056667e+00 3.062500e+00 3.068333e+00 6.552094e-04
3.068333e+00 3.074167e+00 3.080000e+00 6.413820e-04
3.080000e+00 3.085833e+00 3.091667e+00 6.278425e-04
3.091667e+00 3.097500e+00 3.103333e+00 6.145852e-04
3.103333e+00 3.109167e+00 3.115000e+00 6.016041e-04
3.115000e+00 3.120833e+00 3.126667e+00 5.888938e-04
3.126667e+00 3.132500e+00 3.138333e+00 5.764487e-04
3.138333e+00 3.144167e+00 3.150000e+00 5.642635e-04
3.150000e+00 3.155833e+00 3.161667e+00 5.523327e-04
3.161667e+00 3.167500e+00 3.173333e+00 5.406513e-04
3.173333e+00 3.179167e+00 3.185000e+00 5.292141e-04
3.185000e+00 3.190833e+00 3.196667e+00 5.180162e-04
3.196667e+00 3.202500e+00 3.208333e+00 5.070526e-04
3.208333e+00 3.214167e+00 3.220000e+00 4.963185e-04
3.220000e+00 3.225833e+00 3.231667e+00 4.858093e-04
3.231667e+00 3.237500e+00 3.243333e+00 4.755204e-04
3.243333e+00 3.249167e+00 3.255000e+00 4.654471e-04
3.255000e+00 3.260833e+00 3.266667e+00 4.555851e-04
3.266667e+00 3.272500e+00 3.278333e+00 4.459300e-04
3.278333e+00 3.284167e+00 3.290000e+00 4.364776e-04
3.290000e+00 3.295833e+00 3.301667e+00 4.272237e-04
3.301667e+00 3.307500e+00 3.313333e+00 4.181642e-04
3.313333e+00 3.319167e+00 3.325000e+00 4.092952e-04
3.325000e+00 3.330833e+00 3.336667e+00 4.006125e-04
3.336667e+00 3.342500e+00 3.348333e+00 3.921125e-04
3.348333e+00 3.354167e+00 3.360000e+00 3.837914e-04
3.360000e+00 3.365833e+00 3.371667e+00 3.756453e-04
3.371667e+00 3.377500e+00 3.383333e+00 3.676708e-04
3.383333e+00 3.389167e+00 3.395000e+00 3.598643e-04
3.395000e+00 3.400833e+00 3.406667e+00 3.522222e-04
3.406667e+00 3.412500e+00 3.418333e+00 3.447412e-04
3.418333e+00 3.424167e+00 3.430000e+00 3.374180e-04
3.430000e+00 3.435833e+00 3.441667e+00 3.302492e-04
3.441667e+00 3.447500e+00 3.453333e+00 3.232316e-04
3.453333e+00 3.459167e+00 3.465000e+00 3.163622e-04
3.465000e+00 3.470833e+00 3.476667e+00 3.096377e-04
3.476667e+00 3.482500e+00 3.488333e+00 3.030553e-04
3.488333e+00 3.494167e+00 3.500000e+00 2.966119e-04
