1.000000e-06 5.834332e-03 1.166766e-02 3.150353e-05
1.166766e-02 1.750099e-02 2.333433e-02 2.563935e-04
2.333433e-02 2.916766e-02 3.500099e-02 6.548448e-04
3.500099e-02 4.083432e-02 4.666765e-02 1.189653e-03
4.666765e-02 5.250099e-02 5.833432e-02 1.832252e-03
5.833432e-02 6.416765e-02 7.000098e-02 2.559726e-03
7.000098e-02 7.583431e-02 8.166764e-02 3.353275e-03
8.166764e-02 8.750097e-02 9.333431e-02 4.197260e-03
9.333431e-02 9.916764e-02 1.050010e-01 5.078553e-03
1.050010e-01 1.108343e-01 1.166676e-01 5.986069e-03
1.166676e-01 1.225010e-01 1.283343e-01 6.910411e-03
1.283343e-01 1.341676e-01 1.400010e-01 7.843595e-03
1.400010e-01 1.458343e-01 1.516676e-01 8.778830e-03
1.516676e-01 1.575010e-01 1.633343e-01 9.710344e-03
1.633343e-01 1.691676e-01 1.750009e-01 1.063323e-02
1.750009e-01 1.808343e-01 1.866676e-01 1.154335e-02
1.866676e-01 1.925009e-01 1.983343e-01 1.243719e-02
1.983343e-01 2.041676e-01 2.100009e-01 1.331181e-02
2.100009e-01 2.158343e-01 2.216676e-01 1.416476e-02
2.216676e-01 2.275009e-01 2.333343e-01 1.499401e-02
2.333343e-01 2.391676e-01 2.450009e-01 1.579792e-02
2.450009e-01 2.508343e-01 2.566676e-01 1.657514e-02
2.566676e-01 2.625009e-01 2.683343e-01 1.732465e-02
2.683343e-01 2.741676e-01 2.800009e-01 1.804564e-02
2.800009e-01 2.858343e-01 2.916676e-01 1.873753e-02
2.916676e-01 2.975009e-01 3.033342e-01 1.939994e-02
3.033342e-01 3.091676e-01 3.150009e-01 2.003264e-02
3.150009e-01 3.208342e-01 3.266676e-01 2.063556e-02
3.266676e-01 3.325009e-01 3.383342e-01 2.120874e-02
3.383342e-01 3.441676e-01 3.500009e-01 2.175233e-02
3.500009e-01 3.558342e-01 3.616676e-01 2.226660e-02
3.616676e-01 3.675009e-01 3.733342e-01 2.275187e-02
3.733342e-01 3.791676e-01 3.850009e-01 2.320855e-02
3.850009e-01 3.908342e-01 3.966676e-01 2.363710e-02
3.966676e-01 4.025009e-01 4.083342e-01 2.403803e-02
4.083342e-01 4.141675e-01 4.200009e-01 2.441191e-02
4.200009e-01 4.258342e-01 4.316675e-01 2.475932e-02
4.316675e-01 4.375009e-01 4.433342e-01 2.508089e-02
4.433342e-01 4.491675e-01 4.550009e-01 2.537727e-02
4.550009e-01 4.608342e-01 4.666675e-01 2.564912e-02
4.666675e-01 4.725009e-01 4.783342e-01 2.589711e-02
4.783342e-01 4.841675e-01 4.900009e-01 2.612194e-02
4.900009e-01 4.958342e-01 5.016675e-01 2.632431e-02
5.016675e-01 5.075009e-01 5.133342e-01 2.650491e-02
5.133342e-01 5.191675e-01 5.250008e-01 2.666445e-02
5.250008e-01 5.308342e-01 5.366675e-01 2.680363e-02
5.366675e-01 5.425008e-01 5.483342e-01 2.692314e-02
5.483342e-01 5.541675e-01 5.600008e-01 2.702367e-02
5.600008e-01 5.658342e-01 5.716675e-01 2.710591e-02
5.716675e-01 5.775008e-01 5.833342e-01 2.717054e-02
5.833342e-01 5.891675e-01 5.950008e-01 2.721823e-02
5.950008e-01 6.008342e-01 6.066675e-01 2.724962e-02
6.066675e-01 6.125008e-01 6.183342e-01 2.726537e-02
6.183342e-01 6.241675e-01 6.300008e-01 2.726611e-02
6.300008e-01 6.358342e-01 6.416675e-01 2.725247e-02
6.416675e-01 6.475008e-01 6.533341e-01 2.722503e-02
6.533341e-01 6.591675e-01 6.650008e-01 2.718441e-02
6.650008e-01 6.708341e-01 6.766675e-01 2.713118e-02
6.766675e-01 6.825008e-01 6.883341e-01 2.706591e-02
6.883341e-01 6.941675e-01 7.000008e-01 2.698915e-02
7.000008e-01 7.058341e-01 7.116675e-01 2.690144e-02
7.116675e-01 7.175008e-01 7.233341e-01 2.680329e-02
7.233341e-01 7.291675e-01 7.350008e-01 2.669522e-02
7.350008e-01 7.408341e-01 7.466675e-01 2.657772e-02
7.466675e-01 7.525008e-01 7.583341e-01 2.645127e-02
7.583341e-01 7.641674e-01 7.700008e-01 2.631633e-02
7.700008e-01 7.758341e-01 7.816674e-01 2.617336e-02
7.816674e-01 7.875008e-01 7.933341e-01 2.602279e-02
7.933341e-01 7.991674e-01 8.050008e-01 2.586504e-02
8.050008e-01 8.108341e-01 8.166674e-01 2.570052e-02
8.166674e-01 8.225008e-01 8.283341e-01 2.552963e-02
8.283341e-01 8.341674e-01 8.400008e-01 2.535274e-02
8.400008e-01 8.458341e-01 8.516674e-01 2.517024e-02
8.516674e-01 8.575008e-01 8.633341e-01 2.498247e-02
8.633341e-01 8.691674e-01 8.750007e-01 2.478977e-02
8.750007e-01 8.808341e-01 8.866674e-01 2.459249e-02
8.866674e-01 8.925007e-01 8.983341e-01 2.439093e-02
8.983341e-01 9.041674e-01 9.100007e-01 2.418541e-02
9.100007e-01 9.158341e-01 9.216674e-01 2.397622e-02
9.216674e-01 9.275007e-01 9.333341e-01 2.376365e-02
9.333341e-01 9.391674e-01 9.450007e-01 2.354798e-02
9.450007e-01 9.508341e-01 9.566674e-01 2.332946e-02
9.566674e-01 9.625007e-01 9.683341e-01 2.310835e-02
9.683341e-01 9.741674e-01 9.800007e-01 2.288489e-02
9.800007e-01 9.858341e-01 9.916674e-01 2.265932e-02
9.916674e-01 9.975007e-01 1.003334e+00 2.243187e-02
1.003334e+00 1.009167e+00 1.015001e+00 2.220274e-02
1.015001e+00 1.020834e+00 1.026667e+00 2.197215e-02
1.026667e+00 1.032501e+00 1.038334e+00 2.174028e-02
1.038334e+00 1.044167e+00 1.050001e+00 2.150734e-02
1.050001e+00 1.055834e+00 1.061667e+00 2.127350e-02
1.061667e+00 1.067501e+00 1.073334e+00 2.103894e-02
1.073334e+00 1.079167e+00 1.085001e+00 2.080382e-02
1.085001e+00 1.090834e+00 1.096667e+00 2.056830e-02
1.096667e+00 1.102501e+00 1.108334e+00 2.033253e-02
1.108334e+00 1.114167e+00 1.120001e+00 2.009665e-02
1.120001e+00 1.125834e+00 1.131667e+00 1.986081e-02
1.131667e+00 1.137501e+00 1.143334e+00 1.962513e-02
1.143334e+00 1.149167e+00 1.155001e+00 1.938974e-02
1.155001e+00 1.160834e+00 1.166667e+00 1.915476e-02
1.166667e+00 1.172501e+00 1.178334e+00 1.892030e-02
1.178334e+00 1.184167e+00 1.190001e+00 1.868647e-02
1.190001e+00 1.195834e+00 1.201667e+00 1.845337e-02
1.201667e+00 1.207501e+00 1.213334e+00 1.822109e-02
1.213334e+00 1.219167e+00 1.225001e+00 1.798974e-02
1.225001e+00 1.230834e+00 1.236667e+00 1.775939e-02
1.236667e+00 1.242501e+00 1.248334e+00 1.753013e-02
1.248334e+00 1.254167e+00 1.260001e+00 1.730203e-02
1.260001e+00 1.265834e+00 1.271667e+00 1.707517e-02
1.271667e+00 1.277501e+00 1.283334e+00 1.684962e-02
1.283334e+00 1.289167e+00 1.295001e+00 1.662545e-02
1.295001e+00 1.300834e+00 1.306667e+00 1.640270e-02
1.306667e+00 1.312501e+00 1.318334e+00 1.618145e-02
1.318334e+00 1.324167e+00 1.330001e+00 1.596175e-02
1.330001e+00 1.335834e+00 1.341667e+00 1.574364e-02
1.341667e+00 1.347501e+00 1.353334e+00 1.552717e-02
1.353334e+00 1.359167e+00 1.365001e+00 1.531239e-02
1.365001e+00 1.370834e+00 1.376667e+00 1.509933e-02
1.376667e+00 1.382501e+00 1.388334e+00 1.488804e-02
1.388334e+00 1.394167e+00 1.400001e+00 1.467855e-02
1.400001e+00 1.405834e+00 1.411667e+00 1.447090e-02
1.411667e+00 1.417501e+00 1.423334e+00 1.426510e-02
1.423334e+00 1.429167e+00 1.435001e+00 1.406119e-02
1.435001e+00 1.440834e+00 1.446667e+00 1.385920e-02
1.446667e+00 1.452501e+00 1.458334e+00 1.365914e-02
1.458334e+00 1.464167e+00 1.470001e+00 1.346104e-02
1.470001e+00 1.475834e+00 1.481667e+00 1.326491e-02
1.481667e+00 1.487501e+00 1.493334e+00 1.307077e-02
1.493334e+00 1.499167e+00 1.505001e+00 1.287864e-02
1.505001e+00 1.510834e+00 1.516667e+00 1.268853e-02
1.516667e+00 1.522501e+00 1.528334e+00 1.250044e-02
1.528334e+00 1.534167e+00 1.540001e+00 1.231439e-02
1.540001e+00 1.545834e+00 1.551667e+00 1.213039e-02
1.551667e+00 1.557501e+00 1.563334e+00 1.194843e-02
1.563334e+00 1.569167e+00 1.575001e+00 1.176853e-02
1.575001e+00 1.580834e+00 1.586667e+00 1.159068e-02
1.586667e+00 1.592501e+00 1.598334e+00 1.141490e-02
1.598334e+00 1.604167e+00 1.610001e+00 1.124117e-02
1.610001e+00 1.615834e+00 1.621667e+00 1.106950e-02
1.621667e+00 1.627501e+00 1.633334e+00 1.089989e-02
1.633334e+00 1.639167e+00 1.645001e+00 1.073233e-02
1.645001e+00 1.650834e+00 1.656667e+00 1.056683e-02
1.656667e+00 1.662501e+00 1.668334e+00 1.040336e-02
1.668334e+00 1.674167e+00 1.680001e+00 1.024193e-02
1.680001e+00 1.685834e+00 1.691667e+00 1.008254e-02
1.691667e+00 1.697501e+00 1.703334e+00 9.925165e-03
1.703334e+00 1.709167e+00 1.715001e+00 9.769808e-03
1.715001e+00 1.720834e+00 1.726667e+00 9.616456e-03
1.726667e+00 1.732501e+00 1.738334e+00 9.465099e-03
1.738334e+00 1.744167e+00 1.750000e+00 9.315728e-03
1.750000e+00 1.755834e+00 1.761667e+00 9.168331e-03
1.761667e+00 1.767500e+00 1.773334e+00 9.022896e-03
1.773334e+00 1.779167e+00 1.785000e+00 8.879410e-03
1.785000e+00 1.790834e+00 1.796667e+00 8.737860e-03
1.796667e+00 1.802500e+00 1.808334e+00 8.598234e-03
1.808334e+00 1.814167e+00 1.820000e+00 8.460517e-03
1.820000e+00 1.825834e+00 1.831667e+00 8.324695e-03
1.831667e+00 1.837500e+00 1.843334e+00 8.190754e-03
1.843334e+00 1.849167e+00 1.855000e+00 8.058678e-03
1.855000e+00 1.860834e+00 1.866667e+00 7.928451e-03
1.866667e+00 1.872500e+00 1.878334e+00 7.800059e-03
1.878334e+00 1.884167e+00 1.890000e+00 7.673486e-03
1.890000e+00 1.895834e+00 1.901667e+00 7.548714e-03
1.901667e+00 1.907500e+00 1.913334e+00 7.425727e-03
1.913334e+00 1.919167e+00 1.925000e+00 7.304509e-03
1.925000e+00 1.930834e+00 1.936667e+00 7.185043e-03
1.936667e+00 1.942500e+00 1.948334e+00 7.067312e-03
1.948334e+00 1.954167e+00 1.960000e+00 6.951298e-03
1.960000e+00 1.965834e+00 1.971667e+00 6.836984e-03
1.971667e+00 1.977500e+00 1.983334e+00 6.724352e-03
1.983334e+00 1.989167e+00 1.995000e+00 6.613385e-03
1.995000e+00 2.000834e+00 2.006667e+00 6.504065e-03
2.006667e+00 2.012500e+00 2.018334e+00 6.396374e-03
2.018334e+00 2.024167e+00 2.030000e+00 6.290295e-03
2.030000e+00 2.035834e+00 2.041667e+00 6.185808e-03
2.041667e+00 2.047500e+00 2.053334e+00 6.082897e-03
2.053334e+00 2.059167e+00 2.065000e+00 5.981544e-03
2.065000e+00 2.070834e+00 2.076667e+00 5.881729e-03
2.076667e+00 2.082500e+00 2.088334e+00 5.783435e-03
2.088334e+00 2.094167e+00 2.100000e+00 5.686645e-03
2.100000e+00 2.105834e+00 2.111667e+00 5.591340e-03
2.111667e+00 2.117500e+00 2.123334e+00 5.497501e-03
2.123334e+00 2.129167e+00 2.135000e+00 5.405112e-03
2.135000e+00 2.140834e+00 2.146667e+00 5.314154e-03
2.146667e+00 2.152500e+00 2.158334e+00 5.224610e-03
2.158334e+00 2.164167e+00 2.170000e+00 5.136461e-03
2.170000e+00 2.175834e+00 2.181667e+00 5.049689e-03
2.181667e+00 2.187500e+00 2.193334e+00 4.964278e-03
2.193334e+00 2.199167e+00 2.205000e+00 4.880210e-03
2.205000e+00 2.210834e+00 2.216667e+00 4.797466e-03
2.216667e+00 2.222500e+00 2.228334e+00 4.716030e-03
2.228334e+00 2.234167e+00 2.240000e+00 4.635884e-03
2.240000e+00 2.245834e+00 2.251667e+00 4.557012e-03
2.251667e+00 2.257500e+00 2.263334e+00 4.479395e-03
2.263334e+00 2.269167e+00 2.275000e+00 4.403018e-03
2.275000e+00 2.280834e+00 2.286667e+00 4.327863e-03
2.286667e+00 2.292500e+00 2.298334e+00 4.253913e-03
2.298334e+00 2.304167e+00 2.310000e+00 4.181152e-03
2.310000e+00 2.315834e+00 2.321667e+00 4.109564e-03
2.321667e+00 2.327500e+00 2.333334e+00 4.039131e-03
2.333334e+00 2.339167e+00 2.345000e+00 3.969839e-03
2.345000e+00 2.350834e+00 2.356667e+00 3.901670e-03
2.356667e+00 2.362500e+00 2.368334e+00 3.834609e-03
2.368334e+00 2.374167e+00 2.380000e+00 3.768639e-03
2.380000e+00 2.385834e+00 2.391667e+00 3.703747e-03
2.391667e+00 2.397500e+00 2.403334e+00 3.639915e-03
2.403334e+00 2.409167e+00 2.415000e+00 3.577128e-03
2.415000e+00 2.420834e+00 2.426667e+00 3.515372e-03
2.426667e+00 2.432500e+00 2.438334e+00 3.454631e-03
2.438334e+00 2.444167e+00 2.450000e+00 3.394890e-03
2.450000e+00 2.455834e+00 2.461667e+00 3.336135e-03
2.461667e+00 2.467500e+00 2.473334e+00 3.278351e-03
2.473334e+00 2.479167e+00 2.485000e+00 3.221524e-03
2.485000e+00 2.490834e+00 2.496667e+00 3.165639e-03
2.496667e+00 2.502500e+00 2.508334e+00 3.110682e-03
2.508334e+00 2.514167e+00 2.520000e+00 3.056639e-03
2.520000e+00 2.525834e+00 2.531667e+00 3.003496e-03
2.531667e+00 2.537500e+00 2.543334e+00 2.951241e-03
2.543334e+00 2.549167e+00 2.555000e+00 2.899858e-03
2.555000e+00 2.560834e+00 2.566667e+00 2.849336e-03
2.566667e+00 2.572500e+00 2.578334e+00 2.799660e-03
2.578334e+00 2.584167e+00 2.590000e+00 2.750819e-03
2.590000e+00 2.595834e+00 2.601667e+00 2.702798e-03
2.601667e+00 2.607500e+00 2.613334e+00 2.655585e-03
2.613334e+00 2.619167e+00 2.625000e+00 2.609168e-03
2.625000e+00 2.630834e+00 2.636667e+00 2.563534e-03
2.636667e+00 2.642500e+00 2.648334e+00 2.518671e-03
2.648334e+00 2.654167e+00 2.660000e+00 2.474568e-03
2.660000e+00 2.665834e+00 2.671667e+00 2.431211e-03
2.671667e+00 2.677500e+00 2.683334e+00 2.388590e-03
2.683334e+00 2.689167e+00 2.695000e+00 2.346692e-03
2.695000e+00 2.700834e+00 2.706667e+00 2.305507e-03
2.706667e+00 2.712500e+00 2.718334e+00 2.265023e-03
2.718334e+00 2.724167e+00 2.730000e+00 2.225228e-03
2.730000e+00 2.735834e+00 2.741667e+00 2.186113e-03
2.741667e+00 2.747500e+00 2.753334e+00 2.147665e-03
2.753334e+00 2.759167e+00 2.765000e+00 2.109875e-03
2.765000e+00 2.770834e+00 2.776667e+00 2.072731e-03
2.776667e+00 2.782500e+00 2.788334e+00 2.036223e-03
2.788334e+00 2.794167e+00 2.800000e+00 2.000342e-03
2.800000e+00 2.805834e+00 2.811667e+00 1.965077e-03
2.811667e+00 2.817500e+00 2.823334e+00 1.930417e-03
2.823334e+00 2.829167e+00 2.835000e+00 1.896353e-03
2.835000e+00 2.840834e+00 2.846667e+00 1.862876e-03
2.846667e+00 2.852500e+00 2.858334e+00 1.829976e-03
2.858334e+00 2.864167e+00 2.870000e+00 1.797643e-03
2.870000e+00 2.875834e+00 2.881667e+00 1.765868e-03
2.881667e+00 2.887500e+00 2.893334e+00 1.734642e-03
2.893334e+00 2.899167e+00 2.905000e+00 1.703956e-03
2.905000e+00 2.910834e+00 2.916667e+00 1.673801e-03
2.916667e+00 2.922500e+00 2.928333e+00 1.644169e-03
2.928333e+00 2.934167e+00 2.940000e+00 1.615050e-03
2.940000e+00 2.945833e+00 2.951667e+00 1.586436e-03
2.951667e+00 2.957500e+00 2.963333e+00 1.558319e-03
2.963333e+00 2.969167e+00 2.975000e+00 1.530691e-03
2.975000e+00 2.980833e+00 2.986667e+00 1.503542e-03
2.986667e+00 2.992500e+00 2.998333e+00 1.476867e-03
2.998333e+00 3.004167e+00 3.010000e+00 1.450655e-03
3.010000e+00 3.015833e+00 3.021667e+00 1.424901e-03
3.021667e+00 3.027500e+00 3.033333e+00 1.399596e-03
3.033333e+00 3.039167e+00 3.045000e+00 1.374732e-03
3.045000e+00 3.050833e+00 3.056667e+00 1.350302e-03
3.056667e+00 3.062500e+00 3.068333e+00 1.326300e-03
3.068333e+00 3.074167e+00 3.080000e+00 1.302717e-03
3.080000e+00 3.085833e+00 3.091667e+00 1.279546e-03
3.091667e+00 3.097500e+00 3.103333e+00 1.256782e-03
3.103333e+00 3.109167e+00 3.115000e+00 1.234416e-03
3.115000e+00 3.120833e+00 3.126667e+00 1.212442e-03
3.126667e+00 3.132500e+00 3.138333e+00 1.190853e-03
3.138333e+00 3.144167e+00 3.150000e+00 1.169644e-03
3.150000e+00 3.155833e+00 3.161667e+00 1.148807e-03
3.161667e+00 3.167500e+00 3.173333e+00 1.128336e-03
3.173333e+00 3.179167e+00 3.185000e+00 1.108224e-03
3.185000e+00 3.190833e+00 3.196667e+00 1.088467e-03
3.196667e+00 3.202500e+00 3.208333e+00 1.069057e-03
3.208333e+00 3.214167e+00 3.220000e+00 1.049989e-03
3.220000e+00 3.225833e+00 3.231667e+00 1.031257e-03
3.231667e+00 3.237500e+00 3.243333e+00 1.012855e-03
3.243333e+00 3.249167e+00 3.255000e+00 9.947778e-04
3.255000e+00 3.260833e+00 3.266667e+00 9.770194e-04
3.266667e+00 3.272500e+00 3.278333e+00 9.595744e-04
3.278333e+00 3.284167e+00 3.290000e+00 9.424374e-04
3.290000e+00 3.295833e+00 3.301667e+00 9.256033e-04
3.301667e+00 3.307500e+00 3.313333e+00 9.090667e-04
3.313333e+00 3.319167e+00 3.325000e+00 8.928225e-04
3.325000e+00 3.330833e+00 3.336667e+00 8.768657e-04
3.336667e+00 3.342500e+00 3.348333e+00 8.611913e-04
3.348333e+00 3.354167e+00 3.360000e+00 8.457945e-04
3.360000e+00 3.365833e+00 3.371667e+00 8.306704e-04
3.371667e+00 3.377500e+00 3.383333e+00 8.158143e-04
3.383333e+00 3.389167e+00 3.395000e+00 8.012215e-04
3.395000e+00 3.400833e+00 3.406667e+00 7.868876e-04
3.406667e+00 3.412500e+00 3.418333e+00 7.728080e-04
3.418333e+00 3.424167e+00 3.430000e+00 7.589782e-04
3.430000e+00 3.435833e+00 3.441667e+00 7.453940e-04
3.441667e+00 3.447500e+00 3.453333e+00 7.320511e-04
3.453333e+00 3.459167e+00 3.465000e+00 7.189452e-04
3.465000e+00 3.470833e+00 3.476667e+00 7.060723e-04
3.476667e+00 3.482500e+00 3.488333e+00 6.934282e-04
3.488333e+00 3.494167e+00 3.500000e+00 6.810090e-04
