1.000000e-06 5.834332e-03 1.166766e-02 3.238285e-05
1.166766e-02 1.750099e-02 2.333433e-02 2.693828e-04
2.333433e-02 2.916766e-02 3.500099e-02 6.970648e-04
3.500099e-02 4.083432e-02 4.666765e-02 1.277812e-03
4.666765e-02 5.250099e-02 5.833432e-02 1.980844e-03
5.833432e-02 6.416765e-02 7.000098e-02 2.780392e-03
7.000098e-02 7.583431e-02 8.166764e-02 3.654647e-03
8.166764e-02 8.750097e-02 9.333431e-02 4.585029e-03
9.333431e-02 9.916764e-02 1.050010e-01 5.555661e-03
1.050010e-01 1.108343e-01 1.166676e-01 6.552953e-03
1.166676e-01 1.225010e-01 1.283343e-01 7.565272e-03
1.283343e-01 1.341676e-01 1.400010e-01 8.582671e-03
1.400010e-01 1.458343e-01 1.516676e-01 9.596664e-03
1.516676e-01 1.575010e-01 1.633343e-01 1.060003e-02
1.633343e-01 1.691676e-01 1.750009e-01 1.158668e-02
1.750009e-01 1.808343e-01 1.866676e-01 1.255145e-02
1.866676e-01 1.925009e-01 1.983343e-01 1.349007e-02
1.983343e-01 2.041676e-01 2.100009e-01 1.439899e-02
2.100009e-01 2.158343e-01 2.216676e-01 1.527531e-02
2.216676e-01 2.275009e-01 2.333343e-01 1.611671e-02
2.333343e-01 2.391676e-01 2.450009e-01 1.692138e-02
2.450009e-01 2.508343e-01 2.566676e-01 1.768794e-02
2.566676e-01 2.625009e-01 2.683343e-01 1.841538e-02
2.683343e-01 2.741676e-01 2.800009e-01 1.910305e-02
2.800009e-01 2.858343e-01 2.916676e-01 1.975058e-02
2.916676e-01 2.975009e-01 3.033342e-01 2.035787e-02
3.033342e-01 3.091676e-01 3.150009e-01 2.092501e-02
3.150009e-01 3.208342e-01 3.266676e-01 2.145233e-02
3.266676e-01 3.325009e-01 3.383342e-01 2.194027e-02
3.383342e-01 3.441676e-01 3.500009e-01 2.238944e-02
3.500009e-01 3.558342e-01 3.616676e-01 2.280057e-02
3.616676e-01 3.675009e-01 3.733342e-01 2.317449e-02
3.733342e-01 3.791676e-01 3.850009e-01 2.351211e-02
3.850009e-01 3.908342e-01 3.966676e-01 2.381440e-02
3.966676e-01 4.025009e-01 4.083342e-01 2.408240e-02
4.083342e-01 4.141675e-01 4.200009e-01 2.431718e-02
4.200009e-01 4.258342e-01 4.316675e-01 2.451987e-02
4.316675e-01 4.375009e-01 4.433342e-01 2.469160e-02
4.433342e-01 4.491675e-01 4.550009e-01 2.483353e-02
4.550009e-01 4.608342e-01 4.666675e-01 2.494682e-02
4.666675e-01 4.725009e-01 4.783342e-01 2.503264e-02
4.783342e-01 4.841675e-01 4.900009e-01 2.509215e-02
4.900009e-01 4.958342e-01 5.016675e-01 2.512652e-02
5.016675e-01 5.075009e-01 5.133342e-01 2.513690e-02
5.133342e-01 5.191675e-01 5.250008e-01 2.512442e-02
5.250008e-01 5.308342e-01 5.366675e-01 2.509020e-02
5.366675e-01 5.425008e-01 5.483342e-01 2.503534e-02
5.483342e-01 5.541675e-01 5.600008e-01 2.496092e-02
5.600008e-01 5.658342e-01 5.716675e-01 2.486798e-02
5.716675e-01 5.775008e-01 5.833342e-01 2.475756e-02
5.833342e-01 5.891675e-01 5.950008e-01 2.463065e-02
5.950008e-01 6.008342e-01 6.066675e-01 2.448824e-02
6.066675e-01 6.125008e-01 6.183342e-01 2.433125e-02
6.183342e-01 6.241675e-01 6.300008e-01 2.416061e-02
6.300008e-01 6.358342e-01 6.416675e-01 2.397721e-02
6.416675e-01 6.475008e-01 6.533341e-01 2.378189e-02
6.533341e-01 6.591675e-01 6.650008e-01 2.357549e-02
6.650008e-01 6.708341e-01 6.766675e-01 2.335880e-02
6.766675e-01 6.825008e-01 6.883341e-01 2.313259e-02
6.883341e-01 6.941675e-01 7.000008e-01 2.289760e-02
7.000008e-01 7.058341e-01 7.116675e-01 2.265453e-02
7.116675e-01 7.175008e-01 7.233341e-01 2.240407e-02
7.233341e-01 7.291675e-01 7.350008e-01 2.214687e-02
7.350008e-01 7.408341e-01 7.466675e-01 2.188355e-02
7.466675e-01 7.525008e-01 7.583341e-01 2.161472e-02
7.583341e-01 7.641674e-01 7.700008e-01 2.134093e-02
7.700008e-01 7.758341e-01 7.816674e-01 2.106274e-02
7.816674e-01 7.875008e-01 7.933341e-01 2.078068e-02
7.933341e-01 7.991674e-01 8.050008e-01 2.049522e-02
8.050008e-01 8.108341e-01 8.166674e-01 2.020685e-02
8.166674e-01 8.225008e-01 8.283341e-01 1.991601e-02
8.283341e-01 8.341674e-01 8.400008e-01 1.962313e-02
8.400008e-01 8.458341e-01 8.516674e-01 1.932862e-02
8.516674e-01 8.575008e-01 8.633341e-01 1.903285e-02
8.633341e-01 8.691674e-01 8.750007e-01 1.873619e-02
8.750007e-01 8.808341e-01 8.866674e-01 1.843899e-02
8.866674e-01 8.925007e-01 8.983341e-01 1.814156e-02
8.983341e-01 9.041674e-01 9.100007e-01 1.784422e-02
9.100007e-01 9.158341e-01 9.216674e-01 1.754725e-02
9.216674e-01 9.275007e-01 9.333341e-01 1.725092e-02
9.333341e-01 9.391674e-01 9.450007e-01 1.695548e-02
9.450007e-01 9.508341e-01 9.566674e-01 1.666119e-02
9.566674e-01 9.625007e-01 9.683341e-01 1.636825e-02
9.683341e-01 9.741674e-01 9.800007e-01 1.607689e-02
9.800007e-01 9.858341e-01 9.916674e-01 1.578729e-02
9.916674e-01 9.975007e-01 1.003334e+00 1.549964e-02
1.003334e+00 1.009167e+00 1.015001e+00 1.521411e-02
1.015001e+00 1.020834e+00 1.026667e+00 1.493085e-02
1.026667e+00 1.032501e+00 1.038334e+00 1.465002e-02
1.038334e+00 1.044167e+00 1.050001e+00 1.437174e-02
1.050001e+00 1.055834e+00 1.061667e+00 1.409614e-02
1.061667e+00 1.067501e+00 1.073334e+00 1.382334e-02
1.073334e+00 1.079167e+00 1.085001e+00 1.355344e-02
1.085001e+00 1.090834e+00 1.096667e+00 1.328653e-02
1.096667e+00 1.102501e+00 1.108334e+00 1.302270e-02
1.108334e+00 1.114167e+00 1.120001e+00 1.276203e-02
1.120001e+00 1.125834e+00 1.131667e+00 1.250459e-02
1.131667e+00 1.137501e+00 1.143334e+00 1.225044e-02
1.143334e+00 1.149167e+00 1.155001e+00 1.199964e-02
1.155001e+00 1.160834e+00 1.166667e+00 1.175224e-02
1.166667e+00 1.172501e+00 1.178334e+00 1.150827e-02
1.178334e+00 1.184167e+00 1.190001e+00 1.126777e-02
1.190001e+00 1.195834e+00 1.201667e+00 1.103078e-02
1.201667e+00 1.207501e+00 1.213334e+00 1.079732e-02
1.213334e+00 1.219167e+00 1.225001e+00 1.056741e-02
1.225001e+00 1.230834e+00 1.236667e+00 1.034106e-02
1.236667e+00 1.242501e+00 1.248334e+00 1.011829e-02
1.248334e+00 1.254167e+00 1.260001e+00 9.899098e-03
1.260001e+00 1.265834e+00 1.271667e+00 9.683488e-03
1.271667e+00 1.277501e+00 1.283334e+00 9.471458e-03
1.283334e+00 1.289167e+00 1.295001e+00 9.263004e-03
1.295001e+00 1.300834e+00 1.306667e+00 9.058115e-03
1.306667e+00 1.312501e+00 1.318334e+00 8.856781e-03
1.318334e+00 1.324167e+00 1.330001e+00 8.658987e-03
1.330001e+00 1.335834e+00 1.341667e+00 8.464715e-03
1.341667e+00 1.347501e+00 1.353334e+00 8.273945e-03
1.353334e+00 1.359167e+00 1.365001e+00 8.086654e-03
1.365001e+00 1.370834e+00 1.376667e+00 7.902818e-03
1.376667e+00 1.382501e+00 1.388334e+00 7.722410e-03
1.388334e+00 1.394167e+00 1.400001e+00 7.545401e-03
1.400001e+00 1.405834e+00 1.411667e+00 7.371761e-03
1.411667e+00 1.417501e+00 1.423334e+00 7.201458e-03
1.423334e+00 1.429167e+00 1.435001e+00 7.034458e-03
1.435001e+00 1.440834e+00 1.446667e+00 6.870728e-03
1.446667e+00 1.452501e+00 1.458334e+00 6.710230e-03
1.458334e+00 1.464167e+00 1.470001e+00 6.552927e-03
1.470001e+00 1.475834e+00 1.481667e+00 6.398782e-03
1.481667e+00 1.487501e+00 1.493334e+00 6.247755e-03
1.493334e+00 1.499167e+00 1.505001e+00 6.099807e-03
1.505001e+00 1.510834e+00 1.516667e+00 5.954897e-03
1.516667e+00 1.522501e+00 1.528334e+00 5.812984e-03
1.528334e+00 1.534167e+00 1.540001e+00 5.674026e-03
1.540001e+00 1.545834e+00 1.551667e+00 5.537982e-03
1.551667e+00 1.557501e+00 1.563334e+00 5.404807e-03
1.563334e+00 1.569167e+00 1.575001e+00 5.274460e-03
1.575001e+00 1.580834e+00 1.586667e+00 5.146898e-03
1.586667e+00 1.592501e+00 1.598334e+00 5.022077e-03
1.598334e+00 1.604167e+00 1.610001e+00 4.899954e-03
1.610001e+00 1.615834e+00 1.621667e+00 4.780484e-03
1.621667e+00 1.627501e+00 1.633334e+00 4.663626e-03
1.633334e+00 1.639167e+00 1.645001e+00 4.549334e-03
1.645001e+00 1.650834e+00 1.656667e+00 4.437566e-03
1.656667e+00 1.662501e+00 1.668334e+00 4.328279e-03
1.668334e+00 1.674167e+00 1.680001e+00 4.221428e-03
1.680001e+00 1.685834e+00 1.691667e+00 4.116971e-03
1.691667e+00 1.697501e+00 1.703334e+00 4.014866e-03
1.703334e+00 1.709167e+00 1.715001e+00 3.915068e-03
1.715001e+00 1.720834e+00 1.726667e+00 3.817537e-03
1.726667e+00 1.732501e+00 1.738334e+00 3.722230e-03
1.738334e+00 1.744167e+00 1.750000e+00 3.629106e-03
1.750000e+00 1.755834e+00 1.761667e+00 3.538123e-03
1.761667e+00 1.767500e+00 1.773334e+00 3.449240e-03
1.773334e+00 1.779167e+00 1.785000e+00 3.362417e-03
1.785000e+00 1.790834e+00 1.796667e+00 3.277613e-03
1.796667e+00 1.802500e+00 1.808334e+00 3.194789e-03
1.808334e+00 1.814167e+00 1.820000e+00 3.113906e-03
1.820000e+00 1.825834e+00 1.831667e+00 3.034924e-03
1.831667e+00 1.837500e+00 1.843334e+00 2.957805e-03
1.843334e+00 1.849167e+00 1.855000e+00 2.882512e-03
1.855000e+00 1.860834e+00 1.866667e+00 2.809007e-03
1.866667e+00 1.872500e+00 1.878334e+00 2.737253e-03
1.878334e+00 1.884167e+00 1.890000e+00 2.667214e-03
1.890000e+00 1.895834e+00 1.901667e+00 2.598854e-03
1.901667e+00 1.907500e+00 1.913334e+00 2.532137e-03
1.913334e+00 1.919167e+00 1.925000e+00 2.467030e-03
1.925000e+00 1.930834e+00 1.936667e+00 2.403496e-03
1.936667e+00 1.942500e+00 1.948334e+00 2.341503e-03
1.948334e+00 1.954167e+00 1.960000e+00 2.281018e-03
1.960000e+00 1.965834e+00 1.971667e+00 2.222007e-03
1.971667e+00 1.977500e+00 1.983334e+00 2.164438e-03
1.983334e+00 1.989167e+00 1.995000e+00 2.108281e-03
1.995000e+00 2.000834e+00 2.006667e+00 2.053503e-03
2.006667e+00 2.012500e+00 2.018334e+00 2.000074e-03
2.018334e+00 2.024167e+00 2.030000e+00 1.947965e-03
2.030000e+00 2.035834e+00 2.041667e+00 1.897144e-03
2.041667e+00 2.047500e+00 2.053334e+00 1.847585e-03
2.053334e+00 2.059167e+00 2.065000e+00 1.799257e-03
2.065000e+00 2.070834e+00 2.076667e+00 1.752133e-03
2.076667e+00 2.082500e+00 2.088334e+00 1.706187e-03
2.088334e+00 2.094167e+00 2.100000e+00 1.661389e-03
2.100000e+00 2.105834e+00 2.111667e+00 1.617715e-03
2.111667e+00 2.117500e+00 2.123334e+00 1.575139e-03
2.123334e+00 2.129167e+00 2.135000e+00 1.533634e-03
2.135000e+00 2.140834e+00 2.146667e+00 1.493176e-03
2.146667e+00 2.152500e+00 2.158334e+00 1.453741e-03
2.158334e+00 2.164167e+00 2.170000e+00 1.415305e-03
2.170000e+00 2.175834e+00 2.181667e+00 1.377843e-03
2.181667e+00 2.187500e+00 2.193334e+00 1.341334e-03
2.193334e+00 2.199167e+00 2.205000e+00 1.305754e-03
2.205000e+00 2.210834e+00 2.216667e+00 1.271082e-03
2.216667e+00 2.222500e+00 2.228334e+00 1.237296e-03
2.228334e+00 2.234167e+00 2.240000e+00 1.204375e-03
2.240000e+00 2.245834e+00 2.251667e+00 1.172297e-03
2.251667e+00 2.257500e+00 2.263334e+00 1.141043e-03
2.263334e+00 2.269167e+00 2.275000e+00 1.110593e-03
2.275000e+00 2.280834e+00 2.286667e+00 1.080928e-03
2.286667e+00 2.292500e+00 2.298334e+00 1.052028e-03
2.298334e+00 2.304167e+00 2.310000e+00 1.023874e-03
2.310000e+00 2.315834e+00 2.321667e+00 9.964495e-04
2.321667e+00 2.327500e+00 2.333334e+00 9.697355e-04
2.333334e+00 2.339167e+00 2.345000e+00 9.437147e-04
2.345000e+00 2.350834e+00 2.356667e+00 9.183703e-04
2.356667e+00 2.362500e+00 2.368334e+00 8.936855e-04
2.368334e+00 2.374167e+00 2.380000e+00 8.696440e-04
2.380000e+00 2.385834e+00 2.391667e+00 8.462300e-04
2.391667e+00 2.397500e+00 2.403334e+00 8.234278e-04
2.403334e+00 2.409167e+00 2.415000e+00 8.012222e-04
2.415000e+00 2.420834e+00 2.426667e+00 7.795985e-04
2.426667e+00 2.432500e+00 2.438334e+00 7.585419e-04
2.438334e+00 2.444167e+00 2.450000e+00 7.380384e-04
2.450000e+00 2.455834e+00 2.461667e+00 7.180741e-04
2.461667e+00 2.467500e+00 2.473334e+00 6.986354e-04
2.473334e+00 2.479167e+00 2.485000e+00 6.797091e-04
2.485000e+00 2.490834e+00 2.496667e+00 6.612822e-04
2.496667e+00 2.502500e+00 2.508334e+00 6.433422e-04
2.508334e+00 2.514167e+00 2.520000e+00 6.258766e-04
2.520000e+00 2.525834e+00 2.531667e+00 6.088735e-04
2.531667e+00 2.537500e+00 2.543334e+00 5.923211e-04
2.543334e+00 2.549167e+00 2.555000e+00 5.762079e-04
2.555000e+00 2.560834e+00 2.566667e+00 5.605227e-04
2.566667e+00 2.572500e+00 2.578334e+00 5.452546e-04
2.578334e+00 2.584167e+00 2.590000e+00 5.303929e-04
2.590000e+00 2.595834e+00 2.601667e+00 5.159272e-04
2.601667e+00 2.607500e+00 2.613334e+00 5.018472e-04
2.613334e+00 2.619167e+00 2.625000e+00 4.881431e-04
2.625000e+00 2.630834e+00 2.636667e+00 4.748052e-04
2.636667e+00 2.642500e+00 2.648334e+00 4.618241e-04
2.648334e+00 2.654167e+00 2.660000e+00 4.491904e-04
2.660000e+00 2.665834e+00 2.671667e+00 4.368953e-04
2.671667e+00 2.677500e+00 2.683334e+00 4.249299e-04
2.683334e+00 2.689167e+00 2.695000e+00 4.132856e-04
2.695000e+00 2.700834e+00 2.706667e+00 4.019542e-04
2.706667e+00 2.712500e+00 2.718334e+00 3.909275e-04
2.718334e+00 2.724167e+00 2.730000e+00 3.801976e-04
2.730000e+00 2.735834e+00 2.741667e+00 3.697566e-04
2.741667e+00 2.747500e+00 2.753334e+00 3.595971e-04
2.753334e+00 2.759167e+00 2.765000e+00 3.497116e-04
2.765000e+00 2.770834e+00 2.776667e+00 3.400930e-04
2.776667e+00 2.782500e+00 2.788334e+00 3.307343e-04
2.788334e+00 2.794167e+00 2.800000e+00 3.216287e-04
2.800000e+00 2.805834e+00 2.811667e+00 3.127694e-04
2.811667e+00 2.817500e+00 2.823334e+00 3.041501e-04
2.823334e+00 2.829167e+00 2.835000e+00 2.957643e-04
2.835000e+00 2.840834e+00 2.846667e+00 2.876060e-04
2.846667e+00 2.852500e+00 2.858334e+00 2.796691e-04
2.858334e+00 2.864167e+00 2.870000e+00 2.719477e-04
2.870000e+00 2.875834e+00 2.881667e+00 2.644362e-04
2.881667e+00 2.887500e+00 2.893334e+00 2.571289e-04
2.893334e+00 2.899167e+00 2.905000e+00 2.500205e-04
2.905000e+00 2.910834e+00 2.916667e+00 2.431057e-04
2.916667e+00 2.922500e+00 2.928333e+00 2.363792e-04
2.928333e+00 2.934167e+00 2.940000e+00 2.298362e-04
2.940000e+00 2.945833e+00 2.951667e+00 2.234717e-04
2.951667e+00 2.957500e+00 2.963333e+00 2.172809e-04
2.963333e+00 2.969167e+00 2.975000e+00 2.112593e-04
2.975000e+00 2.980833e+00 2.986667e+00 2.054022e-04
2.986667e+00 2.992500e+00 2.998333e+00 1.997054e-04
2.998333e+00 3.004167e+00 3.010000e+00 1.941644e-04
3.010000e+00 3.015833e+00 3.021667e+00 1.887752e-04
3.021667e+00 3.027500e+00 3.033333e+00 1.835336e-04
3.033333e+00 3.039167e+00 3.045000e+00 1.784356e-04
3.045000e+00 3.050833e+00 3.056667e+00 1.734775e-04
3.056667e+00 3.062500e+00 3.068333e+00 1.686555e-04
3.068333e+00 3.074167e+00 3.080000e+00 1.639659e-04
3.080000e+00 3.085833e+00 3.091667e+00 1.594050e-04
3.091667e+00 3.097500e+00 3.103333e+00 1.549696e-04
3.103333e+00 3.109167e+00 3.115000e+00 1.506561e-04
3.115000e+00 3.120833e+00 3.126667e+00 1.464613e-04
3.126667e+00 3.132500e+00 3.138333e+00 1.423820e-04
3.138333e+00 3.144167e+00 3.150000e+00 1.384150e-04
3.150000e+00 3.155833e+00 3.161667e+00 1.345573e-04
3.161667e+00 3.167500e+00 3.173333e+00 1.308060e-04
3.173333e+00 3.179167e+00 3.185000e+00 1.271582e-04
3.185000e+00 3.190833e+00 3.196667e+00 1.236110e-04
3.196667e+00 3.202500e+00 3.208333e+00 1.201617e-04
3.208333e+00 3.214167e+00 3.220000e+00 1.168077e-04
3.220000e+00 3.225833e+00 3.231667e+00 1.135463e-04
3.231667e+00 3.237500e+00 3.243333e+00 1.103751e-04
3.243333e+00 3.249167e+00 3.255000e+00 1.072916e-04
3.255000e+00 3.260833e+00 3.266667e+00 1.042934e-04
3.266667e+00 3.272500e+00 3.278333e+00 1.013782e-04
3.278333e+00 3.284167e+00 3.290000e+00 9.854375e-05
3.290000e+00 3.295833e+00 3.301667e+00 9.578779e-05
3.301667e+00 3.307500e+00 3.313333e+00 9.310820e-05
3.313333e+00 3.319167e+00 3.325000e+00 9.050289e-05
3.325000e+00 3.330833e+00 3.336667e+00 8.796984e-05
3.336667e+00 3.342500e+00 3.348333e+00 8.550707e-05
3.348333e+00 3.354167e+00 3.360000e+00 8.311266e-05
3.360000e+00 3.365833e+00 3.371667e+00 8.078472e-05
3.371667e+00 3.377500e+00 3.383333e+00 7.852144e-05
3.383333e+00 3.389167e+00 3.395000e+00 7.632106e-05
3.395000e+00 3.400833e+00 3.406667e+00 7.418183e-05
3.406667e+00 3.412500e+00 3.418333e+00 7.210208e-05
3.418333e+00 3.424167e+00 3.430000e+00 7.008019e-05
3.430000e+00 3.435833e+00 3.441667e+00 6.811455e-05
3.441667e+00 3.447500e+00 3.453333e+00 6.620362e-05
3.453333e+00 3.459167e+00 3.465000e+00 6.434591e-05
3.465000e+00 3.470833e+00 3.476667e+00 6.253993e-05
3.476667e+00 3.482500e+00 3.488333e+00 6.078427e-05
3.488333e+00 3.494167e+00 3.500000e+00 5.907755e-05
